MTS793|MPT|ENU|1|2|.|/|:|1|0|0|A

Data Acquisition						Time:	13.847656	s	4/10/2018 12:46:41 PM
Axial Force	Running Time	Axial Displacement
N	s	mm
-3.0001276	0.012695313	-5.6015396
-2.9539807	0.022460938	-5.6015134
-3.1027246	0.032226563	-5.6013279
-3.8679574	0.041992188	-5.6023679
-2.6601367	0.051757813	-5.6009927
-1.3253069	0.061523438	-5.6012998
6.9572124	0.071289063	-5.5989084
4.6692324	0.081054688	-5.5928936
3.4378376	0.090820313	-5.584702
4.0759335	0.10058594	-5.5727205
7.0270734	0.11035156	-5.5552711
6.421865	0.12011719	-5.5345817
10.167073	0.12988281	-5.5114241
8.0904694	0.13964844	-5.4832616
10.852458	0.14941406	-5.4524384
3.9320905	0.15917969	-5.4177074
10.819931	0.16894531	-5.3794136
2.2055931	0.17871094	-5.338891
8.6645832	0.18847656	-5.2946091
3.3186283	0.19824219	-5.2457442
5.538878	0.20800781	-5.1946478
3.5190837	0.21777344	-5.1407337
4.6091037	0.22753906	-5.0818458
4.5639577	0.23730469	-5.0208902
3.1359029	0.24707031	-4.9581265
4.5945401	0.25683594	-4.8900166
2.9319897	0.26660156	-4.81952
6.0355988	0.27636719	-4.7462516
2.2741385	0.28613281	-4.670146
6.5372324	0.29589844	-4.5896449
4.1837802	0.30566406	-4.509583
4.2707658	0.31542969	-4.4256225
5.9124432	0.32519531	-4.3383932
3.382587	0.33496094	-4.2489676
3.9949548	0.34472656	-4.1586423
6.9401112	0.35449219	-4.0650687
2.7759466	0.36425781	-3.9695396
8.362834	0.37402344	-3.8713484
3.4897704	0.38378906	-3.7718945
5.5696583	0.39355469	-3.6714039
4.2799397	0.40332031	-3.5664723
7.7923412	0.41308594	-3.4619122
3.5277801	0.42285156	-3.3549585
8.7658768	0.43261719	-3.2460787
2.7583213	0.44238281	-3.1368361
9.4759512	0.45214844	-3.0262365
1.6566366	0.46191406	-2.9139802
6.5901432	0.47167969	-2.8005831
2.790906	0.48144531	-2.6863687
5.6933146	0.49121094	-2.5711164
3.2785814	0.50097656	-2.4544001
3.9820325	0.51074219	-2.3389354
6.5213304	0.52050781	-2.2215219
5.152647	0.53027344	-2.1046088
2.4387846	0.54003906	-1.9869655
4.1424413	0.54980469	-1.8698819
2.1433458	0.55957031	-1.7512612
2.5925808	0.56933594	-1.6325786
3.8920553	0.57910156	-1.5153871
3.7040095	0.58886719	-1.3973846
2.8045731	0.59863281	-1.2803227
2.8910348	0.60839844	-1.1632845
1.1913362	0.61816406	-1.0474086
7.2141762	0.62792969	-0.93321055
1.3528275	0.63769531	-0.81714618
4.9309225	0.64746094	-0.70285726
2.372812	0.65722656	-0.59052777
4.4827933	0.66699219	-0.47941804
2.1922286	0.67675781	-0.36879703
5.3553491	0.68652344	-0.25983155
1.2126751	0.69628906	-0.15077442
10.218063	0.70605469	-0.046251714
0.46833885	0.71582031	0.060604513
8.2481651	0.72558594	0.1626268
1.5665312	0.73535156	0.26382506
3.5987468	0.74511719	0.36353171
1.7117243	0.75488281	0.46102405
2.7920003	0.76464844	0.55491775
0.47193608	0.77441406	0.64856708
1.1464697	0.78417969	0.73793232
1.421338	0.79394531	0.82550496
2.9188931	0.80371094	0.91228485
0.19958243	0.81347656	0.99616647
0.96963483	0.82324219	1.0761783
2.8736656	0.83300781	1.1537701
10.163139	0.84277344	1.2280688
2.0932407	0.85253906	1.3019905
8.4477119	0.86230469	1.3713226
-0.55803686	0.87207031	1.4386103
5.80193	0.88183594	1.5015795
-1.3361685	0.89160156	1.5636027
5.2062678	0.90136719	1.6190543
0.60729218	0.91113281	1.6737252
4.1491237	0.92089844	1.7247438
-1.7902465	0.93066406	1.7720819
3.006449	0.94042969	1.8154011
1.2474134	0.95019531	1.8579171
-0.41455495	0.95996094	1.8945813
0.47150534	0.96972656	1.9297972
0.37419376	0.97949219	1.9603834
2.9582181	0.98925781	1.9883738
-2.1772926	0.99902344	2.0127401
1.6300822	1.0087891	2.0327046
0.10920921	1.0185547	2.0490646
1.8861028	1.0283203	2.0615385
0.35633567	1.0380859	2.0718112
0.12945384	1.0478516	2.077657
1.6486738	1.0576172	2.0800962
-2.443511	1.0673828	2.0795062
-10.38597	1.0771484	2.077131
-12.778538	1.0869141	2.0736828
-14.483766	1.0966797	2.0664141
-15.068846	1.1064453	2.0575523
-15.346996	1.1162109	2.0479143
-16.096233	1.1259766	2.0349236
-16.892038	1.1357422	2.0207345
-17.699249	1.1455078	2.0042539
-16.973063	1.1552734	1.986809
-18.545462	1.1650391	1.9674048
-18.228394	1.1748047	1.9459739
-22.274313	1.1845703	1.922518
-19.904715	1.1943359	1.8980279
-24.65275	1.2041016	1.8717766
-24.944975	1.2138672	1.842706
-22.02487	1.2236328	1.8133134
-26.518282	1.2333984	1.7826543
-19.666203	1.2431641	1.7474711
-24.717093	1.2529297	1.7121329
-21.388765	1.2626953	1.6757458
-24.80423	1.2724609	1.6368628
-22.434071	1.2822266	1.597932
-23.901426	1.2919922	1.5555785
-23.802464	1.3017578	1.5136943
-21.558964	1.3115234	1.4694005
-22.452465	1.3212891	1.4226243
-20.041643	1.3310547	1.3766215
-21.421549	1.3408203	1.3281196
-17.771824	1.3505859	1.2794375
-19.97348	1.3603516	1.2299389
-19.132299	1.3701172	1.1789753
-23.60054	1.3798828	1.1273339
-19.609312	1.3896484	1.0738001
-26.166637	1.3994141	1.018925
-28.191528	1.4091797	0.96337199
-22.893793	1.4189453	0.90673417
-25.176701	1.4287109	0.84877312
-24.589617	1.4384766	0.79242736
-23.803755	1.4482422	0.73337108
-23.176964	1.4580078	0.67457259
-24.179068	1.4677734	0.61379075
-21.504843	1.4775391	0.55269301
-23.364067	1.4873047	0.49172193
-23.701218	1.4970703	0.43138415
-22.491627	1.5068359	0.36976784
-23.452915	1.5166016	0.30816197
-22.759277	1.5263672	0.24515986
-22.206921	1.5361328	0.18243939
-23.498875	1.5458984	0.12083501
-21.975616	1.5556641	0.058104098
-23.320398	1.5654297	-0.0030830503
-21.364168	1.5751953	-0.067220628
-22.318563	1.5849609	-0.12952238
-21.895416	1.5947266	-0.19132793
-21.763239	1.6044922	-0.25354326
-22.869825	1.6142578	-0.31663775
-22.744772	1.6240234	-0.37677065
-19.900127	1.6337891	-0.4386127
-23.057241	1.6435547	-0.50014782
-22.891163	1.6533203	-0.56014359
-19.16386	1.6630859	-0.62022358
-21.996443	1.6728516	-0.67890435
-18.584856	1.6826172	-0.73658895
-23.122295	1.6923828	-0.79431385
-20.233913	1.7021484	-0.8512184
-21.195562	1.7119141	-0.90740174
-21.381128	1.7216797	-0.96230733
-21.081533	1.7314453	-1.0171957
-22.565306	1.7412109	-1.0691166
-23.258793	1.7509766	-1.1216611
-20.602821	1.7607422	-1.1727244
-22.855867	1.7705078	-1.2219176
-22.580103	1.7802734	-1.2723416
-23.817808	1.7900391	-1.3195686
-21.017761	1.7998047	-1.3660454
-23.756968	1.8095703	-1.4105573
-20.431261	1.8193359	-1.4545404
-24.065189	1.8291016	-1.4958888
-21.389696	1.8388672	-1.5373595
-20.959892	1.8486328	-1.5760057
-22.949837	1.8583984	-1.612904
-23.139198	1.8681641	-1.649946
-21.854359	1.8779297	-1.6851403
-24.225784	1.8876953	-1.7178833
-24.195911	1.8974609	-1.7494642
-21.796976	1.9072266	-1.7790391
-22.199913	1.9169922	-1.8076383
-23.099745	1.9267578	-1.8332944
-23.917749	1.9365234	-1.8577232
-21.626532	1.9462891	-1.8807828
-23.134134	1.9560547	-1.9006066
-23.887377	1.9658203	-1.9204259
-20.960789	1.9755859	-1.9380242
-23.708155	1.9853516	-1.9542985
-23.128267	1.9951172	-1.9675404
-23.953802	2.0048828	-1.9785911
-23.490168	2.0146484	-1.9896462
-23.736933	2.0244141	-1.9971497
-24.514971	2.0341797	-2.0037093
-23.661787	2.0439453	-2.0080342
-23.649504	2.0537109	-2.0102694
-23.711344	2.0634766	-2.0113416
-15.551493	2.0732422	-2.0105786
-7.5629797	2.0830078	-2.0066164
-6.2820849	2.0927734	-2.0017056
-6.8379216	2.1025391	-1.9944161
-5.194149	2.1123047	-1.9861593
-4.7825508	2.1220703	-1.9745185
-3.7343242	2.1318359	-1.9616395
-5.1293521	2.1416016	-1.9476578
-1.7640996	2.1513672	-1.9320323
-2.1183281	2.1611328	-1.9122459
-0.20399457	2.1708984	-1.8926337
4.0503917	2.1806641	-1.8705934
9.387929	2.1904297	-1.8458843
7.1835356	2.2001953	-1.8207424
6.2155304	2.2099609	-1.792366
8.9060163	2.2197266	-1.7651283
5.5823474	2.2294922	-1.7345465
6.5211906	2.2392578	-1.7006919
5.7819881	2.2490234	-1.6679227
5.9076004	2.2587891	-1.6312361
5.6413002	2.2685547	-1.5938543
4.8836694	2.2783203	-1.554878
6.6210399	2.2880859	-1.515548
4.78829	2.2978516	-1.4732704
6.6520414	2.3076172	-1.4309562
4.1124411	2.3173828	-1.3863132
9.0522461	2.3271484	-1.3403409
6.6618204	2.3369141	-1.2922876
7.6801748	2.3466797	-1.2448519
6.3931336	2.3564453	-1.1953778
4.7692332	2.3662109	-1.1453815
5.3153725	2.3759766	-1.0937743
6.8049064	2.3857422	-1.0410607
4.166388	2.3955078	-0.9866811
5.3415422	2.4052734	-0.93247592
2.8225243	2.4150391	-0.87669194
5.0535078	2.4248047	-0.82040429
1.8228078	2.4345703	-0.76362121
4.0670624	2.4443359	-0.70512068
4.3436069	2.4541016	-0.64784217
2.957706	2.4638672	-0.58886558
4.5358205	2.4736328	-0.52933025
0.92032135	2.4833984	-0.46794266
5.1522861	2.4931641	-0.40697604
3.5808654	2.5029297	-0.34660771
3.4444849	2.5126953	-0.28562173
5.614944	2.5224609	-0.22280365
4.5514202	2.5322266	-0.16083643
5.7578087	2.5419922	-0.099405646
6.3381391	2.5517578	-0.037315488
7.6900468	2.5615234	0.024195015
5.9438987	2.5712891	0.086063147
6.8707623	2.5810547	0.14910996
4.8535643	2.5908203	0.21213591
5.8040023	2.6005859	0.2734974
5.1123323	2.6103516	0.33457726
4.9964175	2.6201172	0.39515793
7.5921764	2.6298828	0.45599341
3.8421829	2.6396484	0.51670223
6.510201	2.6494141	0.57586432
3.4880824	2.6591797	0.63589662
6.2610836	2.6689453	0.69474578
4.2781816	2.6787109	0.75291693
7.6086259	2.6884766	0.81078857
9.3088017	2.6982422	0.86700916
9.996129	2.7080078	0.9235993
6.033515	2.7177734	0.97765177
3.854651	2.7275391	1.0330975
5.0944161	2.7373047	1.0863736
2.1853251	2.7470703	1.1375024
2.1788757	2.7568359	1.1888132
3.2584765	2.7666016	1.2379259
1.3983809	2.7763672	1.2866378
4.0347805	2.7861328	1.3347998
1.2152479	2.7958984	1.3811886
4.3097649	2.8056641	1.426807
2.0673964	2.8154297	1.470299
2.0379782	2.8251953	1.5133963
2.4016132	2.8349609	1.5525728
1.1073309	2.8447266	1.5926421
2.463907	2.8544922	1.6314969
1.79708	2.8642578	1.6685202
2.6523602	2.8740234	1.7043338
3.4918776	2.8837891	1.7374113
2.4494715	2.8935547	1.7677933
1.013768	2.9033203	1.7983884
3.1023171	2.9130859	1.8271341
1.6787438	2.9228516	1.8525376
2.2846856	2.9326172	1.878202
1.4201505	2.9423828	1.9022717
2.9550166	2.9521484	1.9229978
1.3669255	2.9619141	1.9414812
1.6592443	2.9716797	1.9613624
2.3768516	2.9814453	1.9766629
2.3814733	2.9912109	1.9910872
2.7381582	3.0009766	2.0032823
0.47807115	3.0107422	2.0146279
2.7855043	3.0205078	2.0223722
1.8040184	3.0302734	2.0282254
3.8147089	3.0400391	2.0334706
0.55802518	3.0498047	2.036351
1.4757155	3.0595703	2.0385549
-3.3634949	3.0693359	2.037117
-10.171579	3.0791016	2.0346537
-12.522528	3.0888672	2.0295992
-13.759744	3.0986328	2.0232229
-14.66641	3.1083984	2.0150363
-14.923244	3.1181641	2.0037115
-15.753426	3.1279297	1.9901663
-16.165339	3.1376953	1.9750044
-16.020414	3.1474609	1.9609392
-16.112926	3.1572266	1.942426
-19.05018	3.1669922	1.9233241
-16.907778	3.1767578	1.9018843
-23.274868	3.1865234	1.8791348
-21.406403	3.1962891	1.8542721
-24.310871	3.2060547	1.8290669
-25.102345	3.2158203	1.7995164
-23.503416	3.2255859	1.769653
-23.527967	3.2353516	1.7375886
-22.97695	3.2451172	1.7034636
-23.810274	3.2548828	1.6690999
-21.619314	3.2646484	1.6309724
-23.522064	3.2744141	1.5925601
-23.396116	3.2841797	1.5543252
-23.509956	3.2939453	1.5128911
-24.102047	3.3037109	1.4707059
-22.168179	3.3134766	1.4270558
-22.823446	3.3232422	1.3819903
-22.276817	3.3330078	1.3350338
-21.432678	3.3427734	1.2865126
-24.64119	3.3525391	1.238431
-20.658619	3.3623047	1.187171
-22.381556	3.3720703	1.136364
-21.985441	3.3818359	1.0832936
-21.707825	3.3916016	1.0306849
-20.908808	3.4013672	0.97661465
-17.475128	3.4111328	0.92076361
-20.140446	3.4208984	0.86407661
-20.180573	3.4306641	0.8070454
-18.970598	3.4404297	0.750117
-29.889576	3.4501953	0.69205165
-19.060843	3.4599609	0.6334722
-23.751846	3.4697266	0.57421476
-22.706297	3.4794922	0.51342994
-21.986908	3.4892578	0.45281053
-24.629953	3.4990234	0.39168298
-22.25316	3.5087891	0.33088773
-24.311781	3.5185547	0.26942044
-23.454033	3.5283203	0.20620525
-22.538647	3.5380859	0.14469028
-23.135521	3.5478516	0.082401931
-22.674852	3.5576172	0.019426644
-21.453993	3.5673828	-0.041843951
-22.973295	3.5771484	-0.10405779
-20.947121	3.5869141	-0.16725808
-22.859604	3.5966797	-0.22875071
-23.555498	3.6064453	-0.29082373
-23.170748	3.6162109	-0.35244673
-21.500933	3.6259766	-0.41245073
-22.797602	3.6357422	-0.47367737
-20.911488	3.6455078	-0.53448606
-23.852848	3.6552734	-0.59476125
-20.904631	3.6650391	-0.65446568
-25.749836	3.6748047	-0.71338862
-19.825787	3.6845703	-0.77145845
-21.320093	3.6943359	-0.82785785
-26.058638	3.7041016	-0.88581669
-21.38298	3.7138672	-0.94182122
-22.065872	3.7236328	-0.99582076
-26.784279	3.7333984	-1.0503345
-19.923203	3.7431641	-1.1020452
-25.883619	3.7529297	-1.1542231
-20.469259	3.7626953	-1.2048684
-23.266487	3.7724609	-1.2544706
-20.623894	3.7822266	-1.3019383
-23.44437	3.7919922	-1.3480507
-21.972471	3.8017578	-1.3946384
-22.530846	3.8115234	-1.4396682
-22.390718	3.8212891	-1.4817164
-21.306391	3.8310547	-1.5247263
-24.57752	3.8408203	-1.5647187
-23.029465	3.8505859	-1.6030893
-22.157736	3.8603516	-1.6410626
-24.513226	3.8701172	-1.6761117
-21.234398	3.8798828	-1.7093256
-23.737549	3.8896484	-1.7427914
-23.482998	3.8994141	-1.7732419
-23.17347	3.9091797	-1.8022746
-21.675798	3.9189453	-1.8304669
-24.208508	3.9287109	-1.856374
-24.48674	3.9384766	-1.8809743
-22.909744	3.9482422	-1.902505
-23.726664	3.9580078	-1.9227177
-23.532705	3.9677734	-1.941669
-25.383255	3.9775391	-1.9582011
-20.441936	3.9873047	-1.9751325
-25.659788	3.9970703	-1.9869
-22.594957	4.0068359	-1.9977078
-26.03397	4.0166016	-2.0067446
-22.825552	4.0263672	-2.0153105
-25.406408	4.0361328	-2.0218022
-22.578753	4.0458984	-2.0259395
-24.407625	4.0556641	-2.0274124
-22.444431	4.0654297	-2.0276315
-13.280276	4.0751953	-2.0251646
-7.4131994	4.0849609	-2.0213916
-7.0878072	4.0947266	-2.0159812
-6.931345	4.1044922	-2.0089893
-4.6925502	4.1142578	-1.9988484
-4.6903968	4.1240234	-1.987119
-4.1574354	4.1337891	-1.9738339
-2.1221931	4.1435547	-1.9585103
-2.184906	4.1533203	-1.9410715
2.4175971	4.1630859	-1.9218318
5.2899122	4.1728516	-1.9033246
10.072615	4.1826172	-1.8808677
9.146822	4.1923828	-1.8554463
10.511175	4.2021484	-1.8291779
5.851686	4.2119141	-1.8016763
8.0121107	4.2216797	-1.772476
7.4768672	4.2314453	-1.741796
7.4052949	4.2412109	-1.7080433
5.309691	4.2509766	-1.6735822
7.610291	4.2607422	-1.6375051
5.4137082	4.2705078	-1.5999235
6.0736437	4.2802734	-1.5605078
3.9181788	4.2900391	-1.5193589
3.2361014	4.2998047	-1.4787234
5.842	4.3095703	-1.4347866
3.7162681	4.3193359	-1.3904952
5.2012272	4.3291016	-1.3442732
7.2837343	4.3388672	-1.2974992
5.5249662	4.3486328	-1.2492902
6.1613975	4.3583984	-1.1993229
6.775209	4.3681641	-1.1480994
5.957263	4.3779297	-1.0961615
7.0831971	4.3876953	-1.0436498
5.6580291	4.3974609	-0.98945946
4.6932373	4.4072266	-0.93526095
6.138999	4.4169922	-0.87822527
2.2928231	4.4267578	-0.82132369
6.1859961	4.4365234	-0.76353025
1.0235817	4.4462891	-0.70564973
5.1788521	4.4560547	-0.64743388
1.572154	4.4658203	-0.58756769
4.0854793	4.4755859	-0.52751005
2.6620109	4.4853516	-0.46702549
3.6327751	4.4951172	-0.40747896
4.4580431	4.5048828	-0.34537166
4.0443845	4.5146484	-0.28458238
5.2668505	4.5244141	-0.22242144
4.5806403	4.5341797	-0.16034171
6.8726716	4.5439453	-0.099059939
5.0351138	4.5537109	-0.035713613
7.3428383	4.5634766	0.027412176
7.1704969	4.5732422	0.089129806
13.548811	4.5830078	0.1510486
5.446619	4.5927734	0.21326691
5.2430668	4.6025391	0.27552098
2.7930365	4.6123047	0.33645928
4.7355075	4.6220703	0.39747953
0.14033867	4.6318359	0.45891702
4.4400921	4.6416016	0.5183205
0.7849769	4.6513672	0.57937205
3.0102091	4.6611328	0.63926131
1.9641244	4.6708984	0.69759786
2.7682748	4.6806641	0.75602382
2.7775183	4.6904297	0.81332624
1.5554135	4.7001953	0.87010562
2.1624727	4.7099609	0.92550963
1.3956218	4.7197266	0.97967982
2.0470121	4.7294922	1.034531
0.78693265	4.7392578	1.0868475
1.9800733	4.7490234	1.1392832
1.2339092	4.7587891	1.1909693
1.9522035	4.7685547	1.2395515
2.0673499	4.7783203	1.2878523
1.0901946	4.7880859	1.3354599
2.1863379	4.7978516	1.3809472
2.710428	4.8076172	1.4279842
1.5151454	4.8173828	1.470624
1.7483486	4.8271484	1.5119463
2.2035558	4.8369141	1.5532329
1.9212487	4.8466797	1.5928493
0.66465002	4.8564453	1.6303136
1.1559925	4.8662109	1.6666725
1.703226	4.8759766	1.7020748
1.2888224	4.8857422	1.7347083
2.1246262	4.8955078	1.7651126
1.982681	4.9052734	1.795645
1.6646576	4.9150391	1.8236518
1.4908729	4.9248047	1.8493831
1.175073	4.9345703	1.8742249
1.5754834	4.9443359	1.8968165
1.8117018	4.9541016	1.9192368
1.9410276	4.9638672	1.938112
1.2444915	4.9736328	1.9550726
1.7828192	4.9833984	1.9714803
1.4404068	4.9931641	1.9861042
2.4676905	5.0029297	1.9972563
2.1199231	5.0126953	2.0073323
2.8296142	5.0224609	2.0157723
1.0823598	5.0322266	2.0223961
3.0229449	5.0419922	2.0273521
1.3398006	5.0517578	2.0302117
1.279125	5.0615234	2.0312622
-4.1731052	5.0712891	2.0298452
-10.038377	5.0810547	2.0272567
-13.27739	5.0908203	2.0227404
-14.630181	5.1005859	2.0148425
-14.529109	5.1103516	2.0059438
-15.042419	5.1201172	1.9953996
-16.853737	5.1298828	1.9821599
-17.114391	5.1396484	1.9683003
-17.223461	5.1494141	1.9521952
-16.574457	5.1591797	1.9344106
-18.705811	5.1689453	1.9139111
-18.488884	5.1787109	1.8920451
-22.401045	5.1884766	1.8688083
-20.1651	5.1982422	1.8424153
-27.12838	5.2080078	1.8162503
-25.185535	5.2177734	1.7874911
-23.644253	5.2275391	1.7578274
-24.05924	5.2373047	1.7250285
-25.221075	5.2470703	1.6899571
-22.859198	5.2568359	1.6536146
-22.838766	5.2666016	1.6168044
-24.67062	5.2763672	1.5790612
-25.208282	5.2861328	1.5402093
-23.412273	5.2958984	1.4988661
-25.852419	5.3056641	1.4573306
-24.051849	5.3154297	1.4121578
-22.72427	5.3251953	1.3666556
-24.878942	5.3349609	1.3205483
-24.770235	5.3447266	1.2723639
-22.288364	5.3544922	1.2229472
-25.903362	5.3642578	1.1728466
-21.152443	5.3740234	1.1203482
-25.347319	5.3837891	1.0697708
-21.698303	5.3935547	1.015386
-23.840368	5.4033203	0.96135587
-24.096224	5.4130859	0.90558082
-24.275099	5.4228516	0.84956288
-24.871773	5.4326172	0.79245418
-21.711586	5.4423828	0.73376298
-23.290794	5.4521484	0.67586005
-22.926125	5.4619141	0.61534494
-22.334501	5.4716797	0.55649132
-21.565928	5.4814453	0.4966706
-22.780313	5.4912109	0.43644309
-22.099342	5.5009766	0.37405342
-21.273726	5.5107422	0.3139019
-22.378937	5.5205078	0.25199205
-19.021229	5.5302734	0.19003451
-16.982771	5.5400391	0.12840331
-23.498888	5.5498047	0.066408515
-18.338312	5.5595703	0.0037416816
-24.116423	5.5693359	-0.057923794
-27.661688	5.5791016	-0.12050122
-20.20409	5.5888672	-0.18344447
-25.398563	5.5986328	-0.24518892
-20.918365	5.6083984	-0.30728802
-25.394186	5.6181641	-0.368765
-21.387672	5.6279297	-0.42993426
-24.225447	5.6376953	-0.48981532
-22.40052	5.6474609	-0.54954064
-24.06115	5.6572266	-0.60943437
-22.565805	5.6669922	-0.66856891
-22.671978	5.6767578	-0.72768557
-23.776154	5.6865234	-0.78595805
-22.023439	5.6962891	-0.84317625
-22.235188	5.7060547	-0.89831948
-22.681023	5.7158203	-0.95618516
-24.351152	5.7255859	-1.0090814
-22.873957	5.7353516	-1.0629274
-23.367617	5.7451172	-1.1149571
-24.117855	5.7548828	-1.1663072
-26.148243	5.7646484	-1.2154453
-21.156111	5.7744141	-1.2662783
-25.545504	5.7841797	-1.3148464
-21.593702	5.7939453	-1.3624609
-27.001474	5.8037109	-1.4071226
-23.021957	5.8134766	-1.4505856
-20.827168	5.8232422	-1.4958881
-20.925049	5.8330078	-1.5355573
-22.746738	5.8427734	-1.5744939
-21.392944	5.8525391	-1.6140662
-21.663065	5.8623047	-1.6511351
-22.859556	5.8720703	-1.6858823
-22.054113	5.8818359	-1.720085
-20.185091	5.8916016	-1.7526851
-24.870712	5.9013672	-1.7831438
-22.127222	5.9111328	-1.8115566
-21.102268	5.9208984	-1.8389404
-23.485441	5.9306641	-1.8642709
-21.797092	5.9404297	-1.8880711
-24.470478	5.9501953	-1.9097939
-20.784628	5.9599609	-1.9298583
-24.466274	5.9697266	-1.9477301
-21.082779	5.9794922	-1.964695
-23.55274	5.9892578	-1.9787751
-22.10358	5.9990234	-1.9907467
-22.473139	6.0087891	-2.002789
-22.754295	6.0185547	-2.0119042
-22.66016	6.0283203	-2.0194068
-22.674423	6.0380859	-2.0252302
-22.702805	6.0478516	-2.0289638
-21.854311	6.0576172	-2.0300655
-18.827536	6.0673828	-2.0312793
-10.964554	6.0771484	-2.0281866
-7.5548539	6.0869141	-2.0229526
-6.3059154	6.0966797	-2.0179198
-4.9841824	6.1064453	-2.0094953
-6.1148429	6.1162109	-2.0000651
-4.1573658	6.1259766	-1.9876957
-3.767386	6.1357422	-1.9740142
-4.8993387	6.1455078	-1.9595683
-1.7685816	6.1552734	-1.9415699
-3.2430048	6.1650391	-1.9213684
-3.2648792	6.1748047	-1.9009091
-0.1327484	6.1845703	-1.8794984
2.1525192	6.1943359	-1.8537767
2.3869798	6.2041016	-1.8273205
3.8006575	6.2138672	-1.798287
1.9085244	6.2236328	-1.7690129
4.0647688	6.2333984	-1.7368205
4.3085542	6.2431641	-1.7041221
2.4767942	6.2529297	-1.669477
2.9796851	6.2626953	-1.6345308
5.2386079	6.2724609	-1.5959852
4.6493254	6.2822266	-1.556278
2.8873677	6.2919922	-1.5141354
4.4867048	6.3017578	-1.4716313
4.1023011	6.3115234	-1.4283322
2.6644092	6.3212891	-1.3823651
3.6895623	6.3310547	-1.3366938
3.2381968	6.3408203	-1.289124
6.8042545	6.3505859	-1.2408949
4.5779161	6.3603516	-1.1904753
4.437892	6.3701172	-1.140578
5.6746998	6.3798828	-1.0880858
7.6085215	6.3896484	-1.0351844
2.6608353	6.3994141	-0.98063499
4.6174626	6.4091797	-0.92599243
5.4120321	6.4189453	-0.86933601
5.5849552	6.4287109	-0.81127512
5.5687733	6.4384766	-0.7551074
5.1960697	6.4482422	-0.69679469
2.7939212	6.4580078	-0.63723773
5.8582869	6.4677734	-0.57811964
0.92907578	6.4775391	-0.51809102
5.911407	6.4873047	-0.45848936
-0.2106186	6.4970703	-0.3970325
5.6763644	6.5068359	-0.3359355
1.4477875	6.5166016	-0.27339607
6.0325255	6.5263672	-0.21243468
1.5832018	6.5361328	-0.14873371
6.3150654	6.5458984	-0.087235868
2.2019725	6.5556641	-0.025507808
12.959331	6.5654297	0.035953522
4.3131294	6.5751953	0.098881125
6.8051739	6.5849609	0.16097575
2.6626163	6.5947266	0.22283792
5.4609847	6.6044922	0.28505921
-0.41204038	6.6142578	0.34643561
4.5085092	6.6240234	0.40793419
1.8749968	6.6337891	0.46844184
3.2585464	6.6435547	0.52943975
3.793824	6.6533203	0.58834851
0.85271895	6.6630859	0.64781904
3.8891098	6.6728516	0.70744157
1.1978555	6.6826172	0.76512843
4.2110214	6.6923828	0.82239062
-0.51702374	6.7021484	0.8782655
2.3647211	6.7119141	0.9343341
1.8993741	6.7216797	0.98892748
1.8430641	6.7314453	1.0433435
2.5797868	6.7412109	1.0955944
0.71196121	6.7509766	1.1479869
2.5128365	6.7607422	1.19925
2.5095885	6.7705078	1.2478664
2.4123118	6.7802734	1.2959808
1.8996769	6.7900391	1.3442352
2.2917752	6.7998047	1.3902605
2.6695082	6.8095703	1.4350533
2.3844769	6.8193359	1.4777317
0.64611667	6.8291016	1.5205204
2.3905303	6.8388672	1.559557
2.3758271	6.8486328	1.599519
1.6315374	6.8583984	1.6365975
0.70995885	6.8681641	1.6734197
2.1766872	6.8779297	1.7069056
1.4610356	6.8876953	1.7398566
1.1327792	6.8974609	1.7714069
2.4329522	6.9072266	1.8006802
1.4345394	6.9169922	1.8283993
3.6851387	6.9267578	1.8549964
0.31080562	6.9365234	1.8784359
2.1145329	6.9462891	1.9020468
1.2698234	6.9560547	1.9229188
2.9343762	6.9658203	1.9413501
1.7022016	6.9755859	1.9590348
2.6947703	6.9853516	1.9742622
1.6916194	6.9951172	1.9886122
4.1965513	7.0048828	1.9988909
2.6716967	7.0146484	2.0086095
3.9143488	7.0244141	2.0164161
1.7263811	7.0341797	2.0221605
4.35462	7.0439453	2.0262985
2.2171764	7.0537109	2.0289211
1.8264982	7.0634766	2.028492
-4.5973344	7.0732422	2.0285308
-10.128552	7.0830078	2.0241499
-12.648292	7.0927734	2.0192385
-14.766155	7.1025391	2.0125792
-14.92484	7.1123047	2.0025089
-15.709922	7.1220703	1.9917741
-15.237427	7.1318359	1.9797697
-16.919653	7.1416016	1.9630625
-14.775106	7.1513672	1.9459963
-18.795673	7.1611328	1.9286454
-17.044729	7.1708984	1.908426
-20.315706	7.1806641	1.885967
-22.94907	7.1904297	1.8626883
-21.847338	7.2001953	1.8362925
-25.141134	7.2099609	1.8099338
-24.015621	7.2197266	1.780811
-23.222889	7.2294922	1.7494366
-24.866116	7.2392578	1.7173157
-23.210318	7.2490234	1.6822487
-25.751406	7.2587891	1.646842
-23.47352	7.2685547	1.6082555
-25.885563	7.2783203	1.5702456
-23.91407	7.2880859	1.5303328
-24.812389	7.2978516	1.4882386
-24.284246	7.3076172	1.4455438
-24.97714	7.3173828	1.4007702
-23.663998	7.3271484	1.3555497
-25.504374	7.3369141	1.3085856
-24.251257	7.3466797	1.2618437
-22.469669	7.3564453	1.211217
-25.237049	7.3662109	1.1605992
-21.905302	7.3759766	1.1092156
-26.996399	7.3857422	1.0577768
-21.810049	7.3955078	1.002562
-25.0355	7.4052734	0.94811171
-21.329615	7.4150391	0.89280456
-26.510668	7.4248047	0.83565563
-20.359829	7.4345703	0.77855289
-26.048662	7.4443359	0.72107166
-21.710318	7.4541016	0.66201091
-23.069511	7.4638672	0.60343891
-24.333467	7.4736328	0.54344535
-22.412941	7.4833984	0.48268586
-22.513803	7.4931641	0.42252988
-21.8431	7.5029297	0.36226064
-23.035261	7.5126953	0.30092895
-20.59848	7.5224609	0.23921132
-21.70261	7.5322266	0.17690063
-20.133217	7.5419922	0.11334121
-20.046089	7.5517578	0.05235374
-18.753971	7.5615234	-0.010374188
-25.729206	7.5712891	-0.072045624
-19.671232	7.5810547	-0.13477802
-32.179047	7.5908203	-0.19600093
-19.384663	7.6005859	-0.25852248
-27.057692	7.6103516	-0.31935573
-20.18758	7.6201172	-0.38071349
-26.432938	7.6298828	-0.44127405
-20.907551	7.6396484	-0.50221908
-23.150106	7.6494141	-0.56250167
-24.379381	7.6591797	-0.62215996
-23.842289	7.6689453	-0.68161786
-22.306829	7.6787109	-0.7403307
-22.310949	7.6884766	-0.79908222
-23.593649	7.6982422	-0.85555911
-20.983221	7.7080078	-0.91195774
-23.258745	7.7177734	-0.96732676
-21.99118	7.7275391	-1.0215819
-22.819172	7.7373047	-1.0740064
-20.729622	7.7470703	-1.127161
-23.629749	7.7568359	-1.176703
-22.524082	7.7666016	-1.2273684
-22.214197	7.7763672	-1.2750305
-21.381945	7.7861328	-1.3226665
-22.972002	7.7958984	-1.3694197
-21.502468	7.8056641	-1.415652
-21.343178	7.8154297	-1.4596052
-21.627953	7.8251953	-1.502984
-21.885614	7.8349609	-1.5447662
-21.618254	7.8447266	-1.5840285
-21.691935	7.8544922	-1.6221672
-23.9484	7.8642578	-1.6590558
-21.92515	7.8740234	-1.6932302
-20.100967	7.8837891	-1.7273016
-23.353613	7.8935547	-1.7590351
-20.7857	7.9033203	-1.7895318
-23.420061	7.9130859	-1.8182569
-20.580656	7.9228516	-1.8455133
-23.428864	7.9326172	-1.8696398
-21.21512	7.9423828	-1.8938214
-23.072121	7.9521484	-1.9143298
-21.022966	7.9619141	-1.9342675
-23.62323	7.9716797	-1.9521796
-21.566336	7.9814453	-1.967942
-20.776724	7.9912109	-1.9823968
-23.390888	8.0009766	-1.9954287
-21.336681	8.0107422	-2.0057991
-23.098114	8.0205078	-2.0143964
-20.977877	8.0302734	-2.0208313
-24.343992	8.0400391	-2.026444
-21.527557	8.0498047	-2.0298817
-22.663105	8.0595703	-2.030807
-18.388172	8.0693359	-2.0302355
-11.500437	8.0791016	-2.0280519
-7.819839	8.0888672	-2.0238838
-7.4452257	8.0986328	-2.0153537
-5.2597723	8.1083984	-2.00788
-4.8336105	8.1181641	-1.997494
-3.5810401	8.1279297	-1.9851937
-4.1921391	8.1376953	-1.9713081
-3.1444361	8.1474609	-1.9560598
-4.740397	8.1572266	-1.9374623
-2.200855	8.1669922	-1.9175284
-2.933538	8.1767578	-1.8962651
3.7046616	8.1865234	-1.8738382
2.0763023	8.1962891	-1.8485122
6.5491886	8.2060547	-1.8223464
1.3720127	8.2158203	-1.7938502
5.5569458	8.2255859	-1.7632709
2.2543595	8.2353516	-1.7309226
6.8870139	8.2451172	-1.6974114
0.94848222	8.2548828	-1.6620233
7.0196462	8.2646484	-1.6250246
2.5530112	8.2744141	-1.5871093
6.1481376	8.2841797	-1.5472815
4.0186801	8.2939453	-1.5062422
5.423161	8.3037109	-1.4644132
1.8721563	8.3134766	-1.4203205
8.0629721	8.3232422	-1.3742633
3.1914213	8.3330078	-1.3287663
3.1979406	8.3427734	-1.2798243
4.4345274	8.3525391	-1.2313164
2.4338019	8.3623047	-1.1808939
4.5485444	8.3720703	-1.1289225
2.8655865	8.3818359	-1.0772154
4.4614191	8.3916016	-1.0236971
2.7206609	8.4013672	-0.96903515
3.8171537	8.4111328	-0.91398728
3.8156285	8.4208984	-0.85772574
2.3095403	8.4306641	-0.79941154
4.6011643	8.4404297	-0.74238551
2.1892948	8.4501953	-0.68446398
4.5312452	8.4599609	-0.62545687
2.3872592	8.4697266	-0.56567937
2.7782867	8.4794922	-0.506486
1.7705723	8.4892578	-0.44494346
2.8179493	8.4990234	-0.38496926
3.0536554	8.5087891	-0.32433346
1.2121862	8.5185547	-0.26175156
5.5169568	8.5283203	-0.19926354
2.9163785	8.5380859	-0.13660491
4.6151223	8.5478516	-0.075063109
2.6928377	8.5576172	-0.011767447
4.1985769	8.5673828	0.050215423
4.119647	8.5771484	0.11145025
6.1707921	8.5869141	0.17326027
1.6710954	8.5966797	0.23590028
6.2197332	8.6064453	0.29831231
3.23141	8.6162109	0.35975724
4.6452975	8.6259766	0.41995794
4.1033726	8.6357422	0.48112571
4.6666594	8.6455078	0.54174662
4.374073	8.6552734	0.59998482
5.0777917	8.6650391	0.6593287
4.1669817	8.6748047	0.71823746
6.1242957	8.6845703	0.77628046
3.403111	8.6943359	0.83466172
5.1494222	8.7041016	0.89123249
3.7611694	8.7138672	0.94550252
7.1524177	8.7236328	1.0001585
3.5142875	8.7333984	1.0540888
7.9927855	8.7431641	1.1065602
3.7281542	8.7529297	1.15785
8.2813673	8.7626953	1.2088671
5.3573399	8.7724609	1.2579038
8.1062202	8.7822266	1.3061017
4.4920015	8.7919922	1.3528779
13.079256	8.8017578	1.3986812
10.047516	8.8115234	1.4426142
7.8564744	8.8212891	1.4854922
7.0857115	8.8310547	1.5270307
5.989871	8.8408203	1.5683025
5.5989718	8.8505859	1.6071572
3.4788506	8.8603516	1.643917
3.0472527	8.8701172	1.6795382
2.2933469	8.8798828	1.713033
5.4262228	8.8896484	1.7462745
0.63114566	8.8994141	1.777427
3.4682336	8.9091797	1.8064976
1.6812235	8.9189453	1.833871
3.1306641	8.9287109	1.8586292
3.2208045	8.9384766	1.8839478
0.88859814	8.9482422	1.906456
4.1168184	8.9580078	1.92682
0.90649116	8.9677734	1.9444749
2.5476096	8.9775391	1.9618616
2.7187169	8.9873047	1.9765317
3.6620069	8.9970703	1.9897594
1.9141822	9.0068359	2.0014019
3.1827135	9.0166016	2.0103261
3.1368341	9.0263672	2.017741
2.664607	9.0361328	2.0232127
1.7145997	9.0458984	2.0263419
3.5868957	9.0556641	2.0296946
0.52242541	9.0654297	2.0296812
-6.7826014	9.0751953	2.0279975
-13.055408	9.0849609	2.0228415
-14.510739	9.0947266	2.0172954
-14.587003	9.1044922	2.0086601
-16.865112	9.1142578	1.9987673
-14.578668	9.1240234	1.9886658
-16.08139	9.1337891	1.9744813
-15.513262	9.1435547	1.9589365
-17.263948	9.1533203	1.9438088
-15.935652	9.1630859	1.9247696
-16.895588	9.1728516	1.9034996
-23.582682	9.1826172	1.8812001
-20.961685	9.1923828	1.8569559
-22.483023	9.2021484	1.8319561
-25.332928	9.2119141	1.8032312
-21.071138	9.2216797	1.7745748
-25.415699	9.2314453	1.7434433
-22.764482	9.2412109	1.7111704
-23.550644	9.2509766	1.675427
-22.93107	9.2607422	1.6382382
-20.78804	9.2705078	1.6019851
-22.909092	9.2802734	1.5623361
-19.127388	9.2900391	1.5231087
-21.023746	9.2998047	1.4796346
-16.873867	9.3095703	1.4378085
-20.838856	9.3193359	1.3925002
-21.740469	9.3291016	1.3473139
-22.973715	9.3388672	1.3004436
-20.778074	9.3486328	1.2508347
-28.432497	9.3583984	1.2017369
-25.150261	9.3681641	1.1501863
-26.800461	9.3779297	1.0990129
-23.942848	9.3876953	1.0453224
-26.649702	9.3974609	0.99174231
-22.453955	9.4072266	0.93736351
-25.414839	9.4169922	0.88108629
-21.602131	9.4267578	0.82452595
-27.054676	9.4365234	0.76849759
-23.629784	9.4462891	0.70859939
-23.362284	9.4560547	0.65197498
-21.635229	9.4658203	0.59304088
-22.420868	9.4755859	0.53187162
-23.962173	9.4853516	0.47135949
-23.062351	9.4951172	0.41065663
-24.462097	9.5048828	0.34886003
-22.299845	9.5146484	0.28820783
-25.787878	9.5244141	0.22588968
-23.218477	9.5341797	0.16390979
-20.53792	9.5439453	0.10217875
-26.137533	9.5537109	0.040897727
-19.391497	9.5634766	-0.022099912
-26.004389	9.5732422	-0.083637238
-20.684664	9.5830078	-0.14675111
-24.076923	9.5927734	-0.20866916
-20.820078	9.6025391	-0.27035847
-22.593199	9.6123047	-0.33167452
-21.165028	9.6220703	-0.39454326
-23.787397	9.6318359	-0.45415014
-20.205544	9.6416016	-0.51498783
-22.308762	9.6513672	-0.57641935
-23.119303	9.6611328	-0.63544738
-20.280434	9.6708984	-0.69412589
-22.395153	9.6806641	-0.75290352
-21.657928	9.6904297	-0.81018806
-21.738943	9.7001953	-0.86711794
-23.325056	9.7099609	-0.92312324
-20.50374	9.7197266	-0.97819269
-22.013008	9.7294922	-1.0320216
-21.419498	9.7392578	-1.0855436
-21.330397	9.7490234	-1.1376784
-20.65379	9.7587891	-1.1893921
-22.680477	9.7685547	-1.2373127
-22.287899	9.7783203	-1.2862347
-22.170298	9.7880859	-1.3355136
-20.478025	9.7978516	-1.3814046
-25.387888	9.8076172	-1.4248043
-21.683634	9.8173828	-1.4691844
-22.050133	9.8271484	-1.5108443
-24.094118	9.8369141	-1.551488
-19.904785	9.8466797	-1.5909142
-25.486631	9.8564453	-1.6295664
-22.018723	9.8662109	-1.6662747
-22.795599	9.8759766	-1.7008752
-23.519632	9.8857422	-1.7335043
-22.911674	9.8955078	-1.7662473
-22.607471	9.9052734	-1.7944895
-25.553757	9.9150391	-1.8235408
-22.513584	9.9248047	-1.850421
-23.244146	9.9345703	-1.8747724
-23.486687	9.9443359	-1.897706
-23.633837	9.9541016	-1.9178696
-23.29261	9.9638672	-1.9385562
-23.788157	9.9736328	-1.9570194
-26.914314	9.9833984	-1.9716873
-23.425627	9.9931641	-1.985626
-23.240353	10.00293	-1.9978755
-24.583807	10.012695	-2.00613
-22.97121	10.022461	-2.0155437
-23.207291	10.032227	-2.0228982
-24.497545	10.041992	-2.0268097
-21.531189	10.051758	-2.0300894
-23.200315	10.061523	-2.0308092
-16.538589	10.071289	-2.0292282
-7.1355023	10.081055	-2.0268128
-5.913456	10.09082	-2.0215683
-6.7973976	10.100586	-2.0152197
-4.7518291	10.110352	-2.0059719
-5.5494018	10.120117	-1.9956224
-4.1245484	10.129883	-1.9831829
-3.8370025	10.139648	-1.9697719
-2.6015215	10.149414	-1.9516267
-3.5891659	10.15918	-1.9333638
-0.40334415	10.168945	-1.913371
2.2387249	10.178711	-1.8927902
9.1273575	10.188477	-1.8690996
7.3151197	10.198242	-1.8436111
8.4059668	10.208008	-1.816228
5.9988232	10.217773	-1.7874979
8.2856512	10.227539	-1.756493
4.5520601	10.237305	-1.7243832
8.8943052	10.24707	-1.6905762
4.1384249	10.256836	-1.6547419
6.1387777	10.266602	-1.6179256
5.3067808	10.276367	-1.580529
5.1156616	10.286133	-1.539883
5.3424621	10.295898	-1.4979489
5.5561891	10.305664	-1.4555454
8.7861795	10.31543	-1.4104806
4.3438168	10.325195	-1.3644814
8.1141586	10.334961	-1.3187058
3.614428	10.344727	-1.2701943
5.9462152	10.354492	-1.2217178
4.3863316	10.364258	-1.1715875
5.3414378	10.374023	-1.119671
3.1731675	10.383789	-1.0662131
7.0509734	10.393555	-1.012633
3.0772412	10.40332	-0.9582274
6.4578605	10.413086	-0.90294707
3.2484648	10.422852	-0.84697676
4.5329447	10.432617	-0.78989935
3.76245	10.442383	-0.73108745
6.2252626	10.452148	-0.67397952
2.8652139	10.461914	-0.61483753
4.931458	10.47168	-0.55454969
3.2739015	10.481445	-0.49434453
4.1035585	10.491211	-0.43374151
3.7999008	10.500977	-0.37167445
4.1923251	10.510742	-0.31169057
6.814394	10.520508	-0.24991259
4.4215703	10.530273	-0.18780008
8.0199213	10.540039	-0.1252234
4.2487283	10.549805	-0.063668191
8.7197514	10.55957	-0.0020742416
3.4710159	10.569336	0.060898066
7.065269	10.579102	0.12417138
6.4398394	10.588867	0.18540174
5.7202182	10.598633	0.24896115
7.0606008	10.608398	0.30976385
4.4536662	10.618164	0.37076324
7.1600547	10.62793	0.43172836
3.8037658	10.637695	0.4925698
8.0976524	10.647461	0.55312067
5.8700333	10.657227	0.61329603
6.9895878	10.666992	0.67158639
4.8138318	10.676758	0.73035806
7.6047263	10.686523	0.7870093
3.9911246	10.696289	0.84470809
7.7036557	10.706055	0.90136975
4.63241	10.71582	0.95601529
11.083262	10.725586	1.011011
5.9806395	10.735352	1.0645256
8.8078899	10.745117	1.1161149
4.8228073	10.754883	1.1672451
9.1512337	10.764648	1.2175426
6.64643	10.774414	1.2660816
7.8758578	10.78418	1.314564
7.6313152	10.793945	1.3617724
11.615479	10.803711	1.4071107
10.492943	10.813477	1.4527545
11.540194	10.823242	1.4942601
6.1713276	10.833008	1.5360892
7.600244	10.842773	1.5764072
4.783494	10.852539	1.6146898
4.5948663	10.862305	1.6524583
3.2980578	10.87207	1.6880035
3.2780459	10.881836	1.7210126
3.701658	10.891602	1.7530978
3.1099422	10.901367	1.7831385
1.6023871	10.911133	1.8121228
3.0981958	10.920898	1.838845
2.4101696	10.930664	1.864621
4.1694732	10.94043	1.8888757
0.65193743	10.950195	1.910162
3.4362311	10.959961	1.9296497
1.5007331	10.969727	1.9480795
3.7034276	10.979492	1.9647598
1.4898367	10.989258	1.9798026
3.9371896	10.999023	1.9921005
2.4196808	11.008789	2.0028219
4.404655	11.018555	2.0119176
2.5261543	11.02832	2.0189509
3.7468388	11.038086	2.023849
3.4587457	11.047852	2.0274668
2.5371904	11.057617	2.0292134
-2.8294744	11.067383	2.0281777
-9.2966251	11.077148	2.0274372
-12.658886	11.086914	2.022475
-15.45077	11.09668	2.0163312
-15.173433	11.106445	2.0083442
-15.952415	11.116211	1.9990757
-15.577453	11.125977	1.9851834
-16.225201	11.135742	1.9709275
-15.013176	11.145508	1.9562393
-17.466454	11.155273	1.9386619
-15.170011	11.165039	1.9199967
-23.415348	11.174805	1.8992767
-18.499409	11.18457	1.876089
-23.91243	11.194336	1.8534929
-22.652477	11.204102	1.8258333
-23.65457	11.213867	1.7982841
-23.055613	11.223633	1.7680764
-24.374121	11.233398	1.7365859
-20.924257	11.243164	1.7034024
-23.658842	11.25293	1.6691178
-22.401556	11.262695	1.6330137
-22.123999	11.272461	1.5944809
-22.510263	11.282227	1.5540555
-22.510044	11.291992	1.5145779
-22.595678	11.301758	1.4720187
-21.458591	11.311523	1.4278994
-20.682554	11.321289	1.3834491
-21.544786	11.331055	1.3372316
-20.24445	11.34082	1.2901813
-28.341822	11.350586	1.2421012
-26.437153	11.360352	1.1923566
-23.282145	11.370117	1.1407092
-25.283394	11.379883	1.0894611
-24.361826	11.389648	1.0355026
-24.911493	11.399414	0.98163784
-23.339491	11.40918	0.92681348
-24.240381	11.418945	0.86964518
-25.167467	11.428711	0.81381053
-25.205582	11.438477	0.75616688
-23.872021	11.448242	0.69867522
-23.594242	11.458008	0.6389156
-23.974897	11.467773	0.57979971
-23.620716	11.477539	0.52017868
-23.010828	11.487305	0.45957118
-24.410395	11.49707	0.39828718
-23.164343	11.506836	0.33750832
-24.741423	11.516602	0.27560443
-21.868908	11.526367	0.21346211
-23.525803	11.536133	0.15086085
-23.135439	11.545898	0.089082122
-23.240129	11.555664	0.026924908
-23.607559	11.56543	-0.035774708
-22.991526	11.575195	-0.096607208
-23.946877	11.584961	-0.1583606
-22.544689	11.594727	-0.21975338
-23.385475	11.604492	-0.28260872
-20.786003	11.614258	-0.34444556
-21.987373	11.624023	-0.40550157
-21.281582	11.633789	-0.46715364
-23.579132	11.643555	-0.52676201
-20.210176	11.65332	-0.58749843
-23.313612	11.663086	-0.64615756
-21.654776	11.672852	-0.70533824
-22.176281	11.682617	-0.76286793
-19.971979	11.692383	-0.82042068
-21.604811	11.702148	-0.87825727
-20.512217	11.711914	-0.93442798
-22.635773	11.72168	-0.98939013
-21.229069	11.731445	-1.0430024
-21.686592	11.741211	-1.0942168
-20.703989	11.750977	-1.1464827
-22.578297	11.760742	-1.1963003
-20.075951	11.770508	-1.2459338
-21.506065	11.780273	-1.2945331
-23.2246	11.790039	-1.3420336
-22.037233	11.799805	-1.3889939
-21.4466	11.80957	-1.4342844
-24.111103	11.819336	-1.4769822
-23.390667	11.829102	-1.5197382
-22.331718	11.838867	-1.5612185
-24.736614	11.848633	-1.5997552
-20.31608	11.858398	-1.6377463
-25.694561	11.868164	-1.6734123
-23.562439	11.87793	-1.7070711
-24.275749	11.887695	-1.7406821
-22.910896	11.897461	-1.7717451
-22.097164	11.907227	-1.800365
-23.318712	11.916992	-1.8290735
-23.725431	11.926758	-1.8555604
-23.789482	11.936523	-1.8798679
-23.782276	11.946289	-1.9015357
-23.846817	11.956055	-1.9225702
-24.301012	11.96582	-1.9420542
-24.446251	11.975586	-1.9587599
-22.543676	11.985352	-1.9746512
-22.626678	11.995117	-1.9866757
-24.035572	12.004883	-1.9982934
-24.529221	12.014648	-2.0080924
-21.959293	12.024414	-2.0172796
-25.011658	12.03418	-2.0238638
-22.160332	12.043945	-2.0279415
-24.582933	12.053711	-2.0309434
-20.310806	12.063477	-2.0304904
-13.869012	12.073242	-2.0288796
-8.1948586	12.083008	-2.025883
-6.5373025	12.092773	-2.0202258
-6.6240087	12.102539	-2.0139225
-4.9310737	12.112305	-2.0040379
-5.4374571	12.12207	-1.9932792
-3.2031209	12.131836	-1.9805863
-3.7845573	12.141602	-1.9653671
-2.9424438	12.151367	-1.9477003
-2.7348752	12.161133	-1.9301974
1.8146122	12.170898	-1.9106872
2.802175	12.180664	-1.8876463
8.0681515	12.19043	-1.864522
5.0944858	12.200195	-1.8383712
8.9814186	12.209961	-1.8106378
6.0872989	12.219727	-1.7822578
5.1081877	12.229492	-1.7505251
7.982203	12.239258	-1.7184005
3.5827513	12.249023	-1.6852416
7.0575624	12.258789	-1.6486548
0.58390433	12.268555	-1.6107149
6.9692845	12.27832	-1.5719086
2.3834291	12.288086	-1.5316486
6.5480709	12.297852	-1.4902585
3.6726356	12.307617	-1.4459901
8.445303	12.317383	-1.4019012
5.0239496	12.327148	-1.3561606
6.8172231	12.336914	-1.3087243
5.3265367	12.34668	-1.25968
6.0028629	12.356445	-1.2116954
5.6413002	12.366211	-1.1609815
7.4584384	12.375977	-1.108411
5.5464683	12.385742	-1.0565453
7.2167954	12.395508	-1.0020398
2.0417151	12.405273	-0.94769967
4.012033	12.415039	-0.89278817
4.6589875	12.424805	-0.83602965
4.932354	12.43457	-0.77871829
3.3400953	12.444336	-0.72002637
6.6380949	12.454102	-0.66182685
2.2371182	12.463867	-0.60389936
5.2514954	12.473633	-0.5433284
1.9391067	12.483398	-0.48223436
6.1733065	12.493164	-0.42316169
2.207479	12.50293	-0.36026835
7.1565971	12.512695	-0.29922798
3.1605828	12.522461	-0.23800582
7.6780095	12.532227	-0.17553195
3.6332059	12.541992	-0.11288673
6.7640562	12.551758	-0.05068481
5.6007643	12.561523	0.011399388
7.2379599	12.571289	0.073136389
7.2485886	12.581055	0.13467073
6.183784	12.59082	0.19802749
7.6154828	12.600586	0.25990754
5.7933269	12.610352	0.32174885
6.1337485	12.620117	0.38329512
4.820735	12.629883	0.44392049
8.0013762	12.639648	0.50478131
5.3547206	12.649414	0.56492239
6.4156365	12.65918	0.62457025
6.3349724	12.668945	0.68273097
5.6514516	12.678711	0.74114203
5.7667146	12.688477	0.79821944
6.2537265	12.698242	0.85615516
5.6283898	12.708008	0.91173798
9.3953571	12.717773	0.96715391
7.2016497	12.727539	1.0211394
7.7642732	12.737305	1.0746553
8.2496786	12.74707	1.1269838
5.851593	12.756836	1.1779159
8.5660486	12.766602	1.2280643
6.6616573	12.776367	1.2766376
8.7906256	12.786133	1.3258278
13.250049	12.795898	1.3712749
7.1650023	12.805664	1.4161513
10.218448	12.81543	1.4607475
6.2008271	12.825195	1.5023961
5.1485958	12.834961	1.5442014
5.2974095	12.844727	1.5836105
1.9595958	12.854492	1.6224623
4.2257829	12.864258	1.6581223
1.7996994	12.874023	1.6943157
4.707859	12.883789	1.7263263
1.7197337	12.893555	1.7592981
3.4386525	12.90332	1.7900779
3.3624005	12.913086	1.8183722
0.66153008	12.922852	1.8438354
4.1364574	12.932617	1.8689364
0.58767617	12.942383	1.89289
3.562891	12.952148	1.9139588
2.3885515	12.961914	1.934132
1.6823877	12.97168	1.9529328
3.4814584	12.981445	1.9680858
2.2703316	12.991211	1.9821122
1.02903	13.000977	1.9937962
4.2191124	13.010742	2.0047233
0.71895772	13.020508	2.0143418
3.8933592	13.030273	2.0199075
1.4499062	13.040039	2.0249577
1.8942519	13.049805	2.0280347
1.6738777	13.05957	2.0290837
-1.0346994	13.069336	2.0294592
-11.632255	13.079102	2.0264268
-13.368134	13.088867	2.0214214
-15.703252	13.098633	2.0144866
-15.444541	13.108398	2.0057485
-14.793524	13.118164	1.996088
-16.676785	13.12793	1.9829049
-14.783325	13.137695	1.9694343
-16.847509	13.147461	1.9534111
-16.900675	13.157227	1.9359529
-16.980082	13.166992	1.9168764
-23.673569	13.176758	1.8947154
-19.238539	13.186523	1.8721968
-24.846672	13.196289	1.8477216
-23.255219	13.206055	1.8210754
-23.699553	13.21582	1.7920852
-22.690535	13.225586	1.7622113
-24.007458	13.235352	1.7306938
-23.141747	13.245117	1.6960204
-21.659105	13.254883	1.6618162
-22.116571	13.264648	1.6252205
-24.597021	13.274414	1.5873327
-21.162443	13.28418	1.5472188
-23.86166	13.293945	1.5070081
-19.653456	13.303711	1.4640257
-5.9061103	13.313477	1.430127
-12.017903	13.323242	1.4135077
-13.421021	13.333008	1.4064014
-18.501677	13.342773	1.4039904
-15.139871	13.352539	1.4021963
-15.811238	13.362305	1.4008238
-15.965116	13.37207	1.4008687
-13.575599	13.381836	1.4006541
-13.591838	13.391602	1.400438
-13.361814	13.401367	1.4006302
-13.075513	13.411133	1.4003575
-15.313168	13.420898	1.4003247
-15.01356	13.430664	1.4009267
-15.487579	13.44043	1.3999269
-14.48706	13.450195	1.4001399
-16.606274	13.459961	1.3991654
-15.943985	13.469727	1.4003158
-15.689422	13.479492	1.4001727
-17.798435	13.489258	1.3993368
-16.725214	13.499023	1.3991684
-15.37893	13.508789	1.3995767
-17.355103	13.518555	1.3994529
-17.109163	13.52832	1.3982072
-17.544592	13.538086	1.3991966
-15.816268	13.547852	1.3984561
-15.344494	13.557617	1.397027
-18.084085	13.567383	1.3982356
-16.967916	13.577148	1.3974547
-16.096897	13.586914	1.398474
-15.256006	13.59668	1.3981149
-17.156464	13.606445	1.3985827
-18.397474	13.616211	1.39817
-17.151445	13.625977	1.3965056
-16.883738	13.635742	1.3979465
-15.598314	13.645508	1.3967335
-17.610052	13.655273	1.3961256
-16.108971	13.665039	1.3972461
-17.306896	13.674805	1.3962656
-16.39377	13.68457	1.3975471
-17.199223	13.694336	1.3970941
-17.730844	13.704102	1.3973475
-18.014654	13.713867	1.3969228
-16.419264	13.723633	1.3960063
-16.494421	13.733398	1.3976961
-17.030037	13.743164	1.3962924
-16.352663	13.75293	1.3966143
-16.282581	13.762695	1.3965786
-16.192554	13.772461	1.3957232
-15.424576	13.782227	1.3965905
-16.676821	13.791992	1.3970613
-18.022989	13.801758	1.3963848
-19.180925	13.811523	1.3959303
