MTS793|MPT|ENU|1|2|.|/|:|1|0|0|A

Data Acquisition						Time:	13.097656	s	4/12/2018 4:44:48 PM
Axial Force	Running Time	Axial Displacement
N	s	mm
1.1792523	0.013671875	0.32208124
1.2828619	0.0234375	0.32300028
1.764181	0.033203125	0.32187262
2.7003815	0.04296875	0.32265475
3.2838435	0.052734375	0.32333052
8.2931252	0.0625	0.32477221
6.3902583	0.072265625	0.33162227
5.0743575	0.08203125	0.34165969
4.2864704	0.091796875	0.35632169
4.936883	0.1015625	0.37521935
5.0552773	0.11132813	0.40076029
5.7740369	0.12109375	0.42919061
5.528028	0.13085938	0.46165186
5.0197239	0.140625	0.50042468
5.584641	0.15039063	0.54328263
5.7198806	0.16015625	0.59033698
5.7232099	0.16992188	0.64126301
4.816195	0.1796875	0.69784552
6.3126206	0.18945313	0.75864953
6.5099797	0.19921875	0.82278579
5.0043688	0.20898438	0.89099121
5.0168486	0.21875	0.96317351
4.1919875	0.22851563	1.0397317
5.2317743	0.23828125	1.1192513
4.7824578	0.24804688	1.2045432
4.7712703	0.2578125	1.2939756
4.2959352	0.26757813	1.3856972
4.10605	0.27734375	1.4806306
5.1823912	0.28710938	1.5791482
4.6777425	0.296875	1.6822416
4.890142	0.30664063	1.7894628
5.2143822	0.31640625	1.8986369
6.0924096	0.32617188	2.0113442
6.1647501	0.3359375	2.1257877
5.8479257	0.34570313	2.2447078
6.1733065	0.35546875	2.3650815
5.3074675	0.36523438	2.489634
6.4589081	0.375	2.6150892
6.754941	0.38476563	2.744019
6.1022468	0.39453125	2.8754501
6.806478	0.40429688	3.0090823
6.9123578	0.4140625	3.1449387
7.2098222	0.42382813	3.2823434
7.1152349	0.43359375	3.4209387
6.9641972	0.44335938	3.5615213
6.5694914	0.453125	3.7032168
6.2356935	0.46289063	3.8492014
6.7517743	0.47265625	3.9924443
6.9079456	0.48242188	4.1392846
6.7340674	0.4921875	4.2868934
7.8627019	0.50195313	4.4344788
7.7241216	0.51171875	4.582684
8.2696438	0.52148438	4.7317815
7.914927	0.53125	4.8813128
7.4585667	0.54101563	5.0318155
8.9703016	0.55078125	5.1815572
8.6109047	0.56054688	5.3320484
9.3118172	0.5703125	5.4824452
8.3618097	0.58007813	5.6312108
8.8225002	0.58984375	5.7807069
9.5136356	0.59960938	5.9293966
8.851161	0.609375	6.0778556
8.2061739	0.61914063	6.2248292
8.1545563	0.62890625	6.3709979
8.2605982	0.63867188	6.5156207
8.3694124	0.6484375	6.6597533
7.9727378	0.65820313	6.8032169
9.9423809	0.66796875	6.9438438
10.865031	0.67773438	7.0826912
11.669402	0.6875	7.220027
11.000119	0.69726563	7.3562498
10.688766	0.70703125	7.4900227
10.876253	0.71679688	7.621285
10.733073	0.7265625	7.75035
10.795856	0.73632813	7.8772569
10.233523	0.74609375	8.0017366
11.524709	0.75585938	8.1235514
10.063789	0.765625	8.2428913
10.106771	0.77539063	8.3574696
10.282942	0.78515625	8.4714432
10.011567	0.79492188	8.5809774
10.747602	0.8046875	8.6880474
11.557667	0.81445313	8.7926941
11.839613	0.82421875	8.8926401
10.168134	0.83398438	8.9888191
11.417911	0.84375	9.081789
11.707703	0.85351563	9.1708107
11.851348	0.86328125	9.2556543
12.540887	0.87304688	9.3381329
12.388604	0.8828125	9.4155779
13.124208	0.89257813	9.4911032
12.409745	0.90234375	9.5612316
11.768436	0.91210938	9.6279669
14.127884	0.921875	9.6898403
13.060146	0.93164063	9.7490644
13.379788	0.94140625	9.8011866
13.767206	0.95117188	9.8506622
12.561563	0.9609375	9.8949423
13.661454	0.97070313	9.9350109
12.557185	0.98046875	9.9709129
13.152044	0.99023438	10.002842
13.506413	1	10.030041
13.976021	1.0097656	10.053008
13.550977	1.0195313	10.070647
14.635431	1.0292969	10.084936
14.642895	1.0390625	10.093191
14.202146	1.0488281	10.098283
1.309067	1.0585938	10.096249
-14.008232	1.0683594	10.086031
-16.047176	1.078125	10.066148
-13.285457	1.0878906	10.038314
-17.796375	1.0976563	10.000993
-16.096363	1.1074219	9.9540358
-15.062408	1.1171875	9.8972692
-14.692533	1.1269531	9.8318729
-13.190042	1.1367188	9.7551651
-15.512365	1.1464844	9.6697187
-13.709126	1.15625	9.5738211
-14.002854	1.1660156	9.4682808
-12.19121	1.1757813	9.3541851
-11.787773	1.1855469	9.230835
-12.173981	1.1953125	9.0987282
-12.043409	1.2050781	8.9573107
-12.044702	1.2148438	8.8102303
-13.477192	1.2246094	8.65201
-11.978741	1.234375	8.4852972
-12.930575	1.2441406	8.312726
-12.371632	1.2539063	8.1309624
-13.147538	1.2636719	7.9423413
-13.474085	1.2734375	7.7446032
-14.641265	1.2832031	7.541501
-13.837276	1.2929688	7.3317456
-15.346589	1.3027344	7.1161208
-12.87124	1.3125	6.8921285
-11.790101	1.3222656	6.6623392
-13.309682	1.3320313	6.4284887
-13.844006	1.3417969	6.1853509
-14.134706	1.3515625	5.9371138
-14.316162	1.3613281	5.68397
-14.882267	1.3710938	5.4235601
-13.502211	1.3808594	5.157351
-13.118377	1.390625	4.8873582
-14.494907	1.4003906	4.6145768
-15.446497	1.4101563	4.334137
-14.775933	1.4199219	4.0503669
-15.096669	1.4296875	3.7623248
-14.648586	1.4394531	3.4718337
-16.493547	1.4492188	3.1778615
-15.922066	1.4589844	2.8807278
-17.333973	1.46875	2.5830648
-16.173988	1.4785156	2.280179
-14.798891	1.4882813	1.9757043
-17.144287	1.4980469	1.669922
-17.109735	1.5078125	1.362365
-16.566191	1.5175781	1.0530115
-19.396305	1.5273438	0.74292487
-18.270651	1.5371094	0.43242863
-18.594042	1.546875	0.12201062
-18.247822	1.5566406	-0.18892781
-22.738054	1.5664063	-0.49923921
-19.242558	1.5761719	-0.80882597
-20.180828	1.5859375	-1.1180872
-20.065241	1.5957031	-1.4262602
-15.643913	1.6054688	-1.7328789
-18.275379	1.6152344	-2.0376358
-18.564041	1.625	-2.3412466
-21.005247	1.6347656	-2.6397369
-20.035112	1.6445313	-2.9394631
-21.181267	1.6542969	-3.2346382
-25.065825	1.6640625	-3.5252836
-23.408026	1.6738281	-3.8154836
-17.558969	1.6835938	-4.1014581
-17.410854	1.6933594	-4.384171
-18.561899	1.703125	-4.6611619
-22.368505	1.7128906	-4.9335628
-17.335453	1.7226563	-5.2012758
-16.302917	1.7324219	-5.463572
-15.666719	1.7421875	-5.7227035
-16.311474	1.7519531	-5.9764042
-15.310467	1.7617188	-6.224246
-18.148125	1.7714844	-6.4653082
-14.487398	1.78125	-6.7030177
-14.965912	1.7910156	-6.9353337
-14.632836	1.8007813	-7.1598291
-13.789535	1.8105469	-7.3807936
-16.818359	1.8203125	-7.5893373
-15.109894	1.8300781	-7.7924366
-14.283985	1.8398438	-7.9868388
-13.843505	1.8496094	-8.1738224
-14.358491	1.859375	-8.3544416
-12.962835	1.8691406	-8.525651
-14.002504	1.8789063	-8.6895123
-14.948647	1.8886719	-8.8448915
-17.032936	1.8984375	-8.9910069
-14.176255	1.9082031	-9.1314287
-16.939011	1.9179688	-9.2603006
-17.817469	1.9277344	-9.3810902
-14.544535	1.9375	-9.4953098
-13.2569	1.9472656	-9.5983028
-12.193842	1.9570313	-9.6951294
-11.278666	1.9667969	-9.7803154
-12.451934	1.9765625	-9.8577881
-11.40855	1.9863281	-9.925683
-12.492145	1.9960938	-9.9833431
-14.115963	2.0058594	-10.032551
-12.568255	2.015625	-10.07437
-14.026381	2.0253906	-10.105376
-15.777141	2.0351563	-10.128006
-17.181412	2.0449219	-10.13979
-14.315708	2.0546875	-10.142463
0.66595387	2.0644531	-10.138325
6.7604241	2.0742188	-10.122488
6.5545783	2.0839844	-10.097859
6.8222523	2.09375	-10.061882
6.3591752	2.1035156	-10.019596
6.6729031	2.1132813	-9.9638453
5.947659	2.1230469	-9.901041
6.522727	2.1328125	-9.8276386
5.3242898	2.1425781	-9.7454796
6.7722287	2.1523438	-9.653266
8.0615511	2.1621094	-9.552701
10.207307	2.171875	-9.4415197
9.8707619	2.1816406	-9.3232546
7.0297623	2.1914063	-9.1956034
6.0410471	2.2011719	-9.0561104
5.7300553	2.2109375	-8.9127951
7.9173827	2.2207031	-8.7574825
6.0288119	2.2304688	-8.5955591
7.1507764	2.2402344	-8.4241085
6.5375352	2.25	-8.2446499
7.6175318	2.2597656	-8.058897
13.309496	2.2695313	-7.8641171
9.0081129	2.2792969	-7.6630545
7.5794406	2.2890625	-7.4533048
7.9926214	2.2988281	-7.2375584
8.3645573	2.3085938	-7.0143781
9.3727484	2.3183594	-6.7842054
9.5886879	2.328125	-6.5481772
9.7902136	2.3378906	-6.307611
8.7277613	2.3476563	-6.0594063
9.3187208	2.3574219	-5.8050356
8.1006794	2.3671875	-5.5472441
8.35571	2.3769531	-5.2833061
10.852061	2.3867188	-5.0136604
9.1471014	2.3964844	-4.7393923
10.451581	2.40625	-4.4616718
9.9085503	2.4160156	-4.1802053
9.549839	2.4257813	-3.8943248
17.723225	2.4355469	-3.6041965
12.550864	2.4453125	-3.3122718
15.035645	2.4550781	-3.0159738
12.836361	2.4648438	-2.7167871
13.863342	2.4746094	-2.4154286
13.088167	2.484375	-2.1129165
12.956793	2.4941406	-1.8071978
14.392437	2.5039063	-1.4998376
13.418682	2.5136719	-1.1911688
13.035047	2.5234375	-0.88241875
12.273237	2.5332031	-0.57324207
11.148117	2.5429688	-0.26204446
12.512901	2.5527344	0.049670693
13.742281	2.5625	0.35936451
13.298809	2.5722656	0.6691401
9.1413965	2.5820313	0.97880691
10.118098	2.5917969	1.2874085
11.449307	2.6015625	1.5944512
12.395042	2.6113281	1.8997813
9.4199553	2.6210938	2.2044964
8.7648516	2.6308594	2.5060925
11.572021	2.640625	2.8052723
14.78882	2.6503906	3.1017776
12.213795	2.6601563	3.3949742
8.7065506	2.6699219	3.6867626
10.18633	2.6796875	3.9729903
13.404794	2.6894531	4.2562671
10.867592	2.6992188	4.5365849
12.244657	2.7089844	4.8105569
11.252065	2.71875	5.0805788
10.412455	2.7285156	5.346139
11.696806	2.7382813	5.6065435
12.276985	2.7480469	5.8616624
12.000999	2.7578125	6.1113911
12.148591	2.7675781	6.3538971
11.757365	2.7773438	6.5915976
11.141376	2.7871094	6.8233657
11.253998	2.796875	7.0486994
10.884914	2.8066406	7.2662902
9.6452532	2.8164063	7.4780869
9.9983768	2.8261719	7.6842432
9.4668007	2.8359375	7.88029
10.55057	2.8457031	8.0704288
10.014057	2.8554688	8.2519188
10.08896	2.8652344	8.4264221
10.139997	2.875	8.5937567
9.7848473	2.8847656	8.752492
10.419777	2.8945313	8.9032469
10.948325	2.9042969	9.045001
10.490603	2.9140625	9.1790819
10.512712	2.9238281	9.3033638
10.417856	2.9335938	9.4199924
10.267563	2.9433594	9.5285692
10.208925	2.953125	9.6278296
9.5117722	2.9628906	9.7176476
11.189852	2.9726563	9.7993145
9.3512592	2.9824219	9.8725605
9.0331421	2.9921875	9.9355288
9.1697197	3.0019531	9.9903374
10.102312	3.0117188	10.035614
8.973526	3.0214844	10.071299
8.908473	3.03125	10.097813
8.9655275	3.0410156	10.114805
8.702755	3.0507813	10.122876
-2.7368894	3.0605469	10.120908
-10.48547	3.0703125	10.109884
-10.246701	3.0800781	10.087134
-10.785496	3.0898438	10.05815
-11.868065	3.0996094	10.016604
-12.647955	3.109375	9.9692478
-11.647877	3.1191406	9.9095993
-13.151788	3.1289063	9.8419733
-11.290377	3.1386719	9.7622023
-10.773225	3.1484375	9.6747761
-10.685472	3.1582031	9.576313
-13.099192	3.1679688	9.4706221
-11.930243	3.1777344	9.3544054
-11.408294	3.1875	9.2310696
-11.033576	3.1972656	9.0957069
-12.066832	3.2070313	8.9528217
-12.306647	3.2167969	8.8018656
-11.401716	3.2265625	8.6420698
-12.935873	3.2363281	8.4739237
-12.58729	3.2460938	8.298913
-12.923777	3.2558594	8.1146679
-13.308228	3.265625	7.9254117
-12.913603	3.2753906	7.7260056
-11.813175	3.2851563	7.5198808
-12.009358	3.2949219	7.3079963
-12.845371	3.3046875	7.0913658
-15.403656	3.3144531	6.8653474
-15.159184	3.3242188	6.6346321
-16.840117	3.3339844	6.3992748
-14.266128	3.34375	6.154521
-13.966404	3.3535156	5.9044857
-13.447542	3.3632813	5.6493807
-14.262506	3.3730469	5.3895497
-14.485128	3.3828125	5.1230493
-12.459815	3.3925781	4.851459
-14.396268	3.4023438	4.575428
-15.177462	3.4121094	4.2946258
-14.230667	3.421875	4.0099864
-15.080173	3.4316406	3.721607
-15.566999	3.4414063	3.4293997
-14.699995	3.4511719	3.1355495
-16.400497	3.4609375	2.8371482
-16.805367	3.4707031	2.5376058
-15.377184	3.4804688	2.2354822
-16.450033	3.4902344	1.9307777
-15.919469	3.5	1.6226038
-15.753984	3.5097656	1.3168452
-15.580503	3.5195313	1.0072234
-15.231967	3.5292969	0.69570065
-14.550203	3.5390625	0.38609347
-13.526727	3.5488281	0.074162245
-12.668537	3.5585938	-0.23691189
-13.662653	3.5683594	-0.54621983
-13.434444	3.578125	-0.85527098
-13.833597	3.5878906	-1.1652008
-15.441084	3.5976563	-1.4732655
-15.272246	3.6074219	-1.7795397
-15.798934	3.6171875	-2.0841041
-17.473055	3.6269531	-2.3871758
-19.63867	3.6367188	-2.6876304
-15.664415	3.6464844	-2.9861529
-16.541208	3.65625	-3.2811406
-19.615179	3.6660156	-3.5732219
-17.667526	3.6757813	-3.8609233
-18.398382	3.6855469	-4.1449785
-18.165146	3.6953125	-4.4246998
-15.837362	3.7050781	-4.7030387
-16.702293	3.7148438	-4.9754992
-17.927517	3.7246094	-5.24366
-16.060507	3.734375	-5.50354
-13.11301	3.7441406	-5.7610273
-15.105121	3.7539063	-6.0133381
-14.941813	3.7636719	-6.2620873
-14.9747	3.7734375	-6.501121
-15.382539	3.7832031	-6.7362909
-15.154098	3.7929688	-6.9680104
-16.929396	3.8027344	-7.1931334
-13.883284	3.8125	-7.4105701
-13.738731	3.8222656	-7.6194401
-12.512401	3.8320313	-7.819922
-14.861359	3.8417969	-8.0132675
-15.497766	3.8515625	-8.2006798
-14.747703	3.8613281	-8.3800278
-13.237516	3.8710938	-8.5492115
-13.073523	3.8808594	-8.7106657
-11.992548	3.890625	-8.8639927
-12.892578	3.9003906	-9.0090485
-11.467607	3.9101563	-9.1458311
-11.07154	3.9199219	-9.2744761
-12.91061	3.9296875	-9.3939819
-13.078621	3.9394531	-9.5064802
-15.384564	3.9492188	-9.6091909
-17.541718	3.9589844	-9.7034473
-19.204662	3.96875	-9.7858477
-21.743692	3.9785156	-9.8608446
-22.070482	3.9882813	-9.9266577
-26.089489	3.9980469	-9.983078
-26.225008	4.0078125	-10.03201
-24.340721	4.0175781	-10.071214
-23.688398	4.0273438	-10.101339
-25.452534	4.0371094	-10.121906
-26.324915	4.046875	-10.131591
-18.839653	4.0566406	-10.133317
1.4498597	4.0664063	-10.124887
10.439951	4.0761719	-10.108897
9.0538635	4.0859375	-10.081683
8.4123106	4.0957031	-10.044948
8.7257938	4.1054688	-9.9987068
7.358624	4.1152344	-9.9427795
8.6488905	4.125	-9.8773909
6.7336254	4.1347656	-9.8035107
6.8585739	4.1445313	-9.7191696
6.2746925	4.1542969	-9.6251726
6.2069392	4.1640625	-9.5234556
6.7088518	4.1738281	-9.4107199
6.429688	4.1835938	-9.2899857
6.9216943	4.1933594	-9.1598587
7.1271906	4.203125	-9.0209455
7.0277019	4.2128906	-8.8736057
6.855454	4.2226563	-8.71733
9.063015	4.2324219	-8.5541182
11.059944	4.2421875	-8.3808517
8.5794363	4.2519531	-8.2016096
7.1496701	4.2617188	-8.0136061
6.9018221	4.2714844	-7.8171673
7.4637823	4.28125	-7.6140404
10.160869	4.2910156	-7.4035196
12.367498	4.3007813	-7.1854119
11.407107	4.3105469	-6.9608412
8.6888561	4.3203125	-6.7314487
6.6135426	4.3300781	-6.4938421
10.6761	4.3398438	-6.2506218
11.170563	4.3496094	-6.0014949
17.940893	4.359375	-5.7475061
19.327715	4.3691406	-5.488502
17.076101	4.3789063	-5.2236094
11.812605	4.3886719	-4.9526796
10.013498	4.3984375	-4.6782699
16.024103	4.4082031	-4.399879
12.272375	4.4179688	-4.1174021
11.025415	4.4277344	-3.829648
11.84229	4.4375	-3.5390778
11.296453	4.4472656	-3.2458713
14.745491	4.4570313	-2.9489136
15.487371	4.4667969	-2.6507127
15.968596	4.4765625	-2.3495018
14.764106	4.4863281	-2.0456212
13.151881	4.4960938	-1.7399431
13.477169	4.5058594	-1.4328021
12.949656	4.515625	-1.1250668
13.968989	4.5253906	-0.81586194
13.251474	4.5351563	-0.50472748
8.6555719	4.5449219	-0.19363406
9.2549829	4.5546875	0.11729962
11.794047	4.5644531	0.42539191
10.114047	4.5742188	0.73656094
10.681607	4.5839844	1.0455153
9.5262194	4.59375	1.353667
9.4437399	4.6035156	1.6605865
12.863125	4.6132813	1.9666313
10.364619	4.6230469	2.2692027
9.4253569	4.6328125	2.569663
9.3638783	4.6425781	2.8700538
15.31603	4.6523438	3.1661651
12.83891	4.6621094	3.4596722
11.963268	4.671875	3.7488091
10.624109	4.6816406	4.034996
9.8780613	4.6914063	4.3175044
16.228167	4.7011719	4.5954947
12.550852	4.7109375	4.8701787
11.116709	4.7207031	5.1398535
10.363129	4.7304688	5.402905
10.763271	4.7402344	5.6618423
11.642906	4.75	5.9160428
12.698211	4.7597656	6.164454
11.52918	4.7695313	6.4067478
10.612654	4.7792969	6.6432328
10.404002	4.7890625	6.8742247
9.7359533	4.7988281	7.0973058
10.11258	4.8085938	7.3134604
8.9021978	4.8183594	7.5225935
10.501722	4.828125	7.7272983
9.7639751	4.8378906	7.9237242
8.9199514	4.8476563	8.1113024
9.0420713	4.8574219	8.2921572
9.8683872	4.8671875	8.464839
10.178099	4.8769531	8.6292772
9.9314613	4.8867188	8.7867279
9.4806662	4.8964844	8.9359827
10.740827	4.90625	9.0772934
9.7943468	4.9160156	9.2088385
10.681967	4.9257813	9.3317337
10.57079	4.9355469	9.4466114
10.595925	4.9453125	9.5527382
9.9843721	4.9550781	9.6496305
8.4656754	4.9648438	9.7394266
9.8636732	4.9746094	9.8190336
8.3841963	4.984375	9.8900499
8.364953	4.9941406	9.9498577
8.2952204	5.0039063	10.003614
9.0227232	5.0136719	10.046266
9.1835155	5.0234375	10.080538
8.6030693	5.0332031	10.105276
8.5227423	5.0429688	10.120583
8.9389734	5.0527344	10.126843
-7.3196483	5.0625	10.122194
-9.4242744	5.0722656	10.109393
-10.096212	5.0820313	10.085144
-9.5121326	5.0917969	10.053277
-11.653069	5.1015625	10.012073
-11.117187	5.1113281	9.9601526
-12.205273	5.1210938	9.9007635
-11.810102	5.1308594	9.8312778
-10.053849	5.140625	9.7498446
-10.893494	5.1503906	9.6594286
-10.908115	5.1601563	9.560298
-11.790905	5.1699219	9.4523067
-12.317196	5.1796875	9.333025
-10.831596	5.1894531	9.2083855
-11.290087	5.1992188	9.0715961
-10.600582	5.2089844	8.9279747
-11.081889	5.21875	8.7747021
-11.44798	5.2285156	8.6117945
-13.709266	5.2382813	8.443181
-11.853118	5.2480469	8.2652435
-12.755255	5.2578125	8.0809317
-14.001364	5.2675781	7.8869591
-13.134069	5.2773438	7.6879182
-14.172505	5.2871094	7.4811373
-14.725944	5.296875	7.2695088
-12.487394	5.3066406	7.0474663
-14.084647	5.3164063	6.823102
-16.516598	5.3261719	6.5915794
-14.868099	5.3359375	6.3528132
-15.758014	5.3457031	6.1083021
-15.898525	5.3554688	5.8586245
-16.812374	5.3652344	5.601954
-14.781067	5.375	5.3401451
-15.003909	5.3847656	5.0720778
-14.178851	5.3945313	4.8008289
-17.111305	5.4042969	4.5239463
-16.387051	5.4140625	4.2414985
-16.406878	5.4238281	3.9565895
-16.16238	5.4335938	3.6679871
-16.009506	5.4433594	3.3738322
-16.550533	5.453125	3.0782249
-17.698503	5.4628906	2.7811966
-15.229872	5.4726563	2.4798784
-15.808932	5.4824219	2.1767201
-15.936863	5.4921875	1.8717747
-15.978061	5.5019531	1.5648202
-17.107208	5.5117188	1.257568
-15.58587	5.5214844	0.94819826
-17.089071	5.53125	0.63784784
-16.298088	5.5410156	0.32616696
-14.811604	5.5507813	0.01492193
-14.867716	5.5605469	-0.29578564
-13.606052	5.5703125	-0.60590982
-14.32324	5.5800781	-0.91647494
-13.562129	5.5898438	-1.2243351
-15.539339	5.5996094	-1.5334816
-15.775243	5.609375	-1.8386915
-15.797373	5.6191406	-2.1426737
-15.343575	5.6289063	-2.4458485
-15.310653	5.6386719	-2.7455101
-14.681438	5.6484375	-3.0430315
-14.547399	5.6582031	-3.3370037
-15.042547	5.6679688	-3.6271479
-14.510914	5.6777344	-3.9167676
-15.826732	5.6875	-4.1996255
-14.521053	5.6972656	-4.4802766
-14.044531	5.7070313	-4.7549329
-15.4907	5.7167969	-5.0269885
-11.739041	5.7265625	-5.292809
-14.046335	5.7363281	-5.5544033
-15.09114	5.7460938	-5.8104
-16.185339	5.7558594	-6.0619006
-16.25251	5.765625	-6.3061929
-14.615489	5.7753906	-6.5462523
-15.860366	5.7851563	-6.7818947
-15.048228	5.7949219	-7.011415
-14.34515	5.8046875	-7.2354317
-14.880124	5.8144531	-7.4525418
-13.867812	5.8242188	-7.6588016
-14.801161	5.8339844	-7.8587852
-13.828102	5.84375	-8.0491991
-11.47266	5.8535156	-8.2342491
-13.131811	5.8632813	-8.4116488
-11.4662	5.8730469	-8.5797672
-11.859578	5.8828125	-8.7391243
-12.398104	5.8925781	-8.8921175
-10.812469	5.9023438	-9.0358295
-11.964829	5.9121094	-9.170825
-12.266554	5.921875	-9.2997046
-12.647593	5.9316406	-9.4169588
-10.938535	5.9414063	-9.5259323
-11.361193	5.9511719	-9.6262026
-10.032906	5.9609375	-9.7184658
-9.8318329	5.9707031	-9.8006897
-11.938682	5.9804688	-9.8728962
-9.9309721	5.9902344	-9.9382191
-10.649651	6	-9.9921198
-9.9423342	6.0097656	-10.039329
-10.624342	6.0195313	-10.076721
-10.222558	6.0292969	-10.104536
-9.911891	6.0390625	-10.12215
-10.171451	6.0488281	-10.130567
-3.918272	6.0585938	-10.130399
3.9034057	6.0683594	-10.122435
4.5579042	6.078125	-10.102653
5.3407741	6.0878906	-10.074347
5.5584126	6.0976563	-10.036345
6.9945703	6.1074219	-9.986701
5.4672942	6.1171875	-9.9296007
5.7227907	6.1269531	-9.8630819
5.1873035	6.1367188	-9.7862616
6.9925327	6.1464844	-9.6997957
6.6129608	6.15625	-9.6045942
5.2378278	6.1660156	-9.4998035
6.3249025	6.1757813	-9.3854542
5.1556735	6.1855469	-9.2631302
6.1144238	6.1953125	-9.1305017
5.9030252	6.2050781	-8.9908428
5.4876318	6.2148438	-8.8424778
5.9057493	6.2246094	-8.6848097
6.8328342	6.234375	-8.5196056
7.7398725	6.2441406	-8.3453875
7.2969475	6.2539063	-8.1634836
7.147994	6.2636719	-7.9735909
8.0326338	6.2734375	-7.7753935
7.0174689	6.2832031	-7.5702929
7.858675	6.2929688	-7.3592463
7.7628064	6.3027344	-7.1399941
7.4512672	6.3125	-6.9143648
7.6868224	6.3222656	-6.6831737
8.7792406	6.3320313	-6.4447432
10.878303	6.3417969	-6.2013793
9.4259272	6.3515625	-5.9503722
9.7548361	6.3613281	-5.6954589
11.314126	6.3710938	-5.435256
10.784133	6.3808594	-5.168561
19.11128	6.390625	-4.8971124
15.450222	6.4003906	-4.6224418
15.443063	6.4101563	-4.342629
12.71629	6.4199219	-4.0594249
13.737112	6.4296875	-3.771255
18.468109	6.4394531	-3.4813585
11.785271	6.4492188	-3.187372
15.452307	6.4589844	-2.8892796
11.910929	6.46875	-2.5897236
15.916267	6.4785156	-2.287061
13.373326	6.4882813	-1.9840913
12.495752	6.4980469	-1.6770266
9.9689808	6.5078125	-1.3689626
9.7518206	6.5175781	-1.0615349
13.199658	6.5273438	-0.75276417
10.396179	6.5371094	-0.44251141
12.864522	6.546875	-0.13084766
10.696263	6.5566406	0.17855121
10.92105	6.5664063	0.48865461
10.665786	6.5761719	0.79897207
13.098994	6.5859375	1.1083213
8.3744526	6.5957031	1.4153247
11.725176	6.6054688	1.7228874
12.12909	6.6152344	2.0276554
13.489113	6.625	2.33094
13.046386	6.6347656	2.6306441
11.782033	6.6445313	2.9302461
9.9372587	6.6542969	3.2259552
10.925764	6.6640625	3.5184188
10.04868	6.6738281	3.8072245
10.381464	6.6835938	4.0920196
10.226306	6.6933594	4.3757491
10.038237	6.703125	4.6519523
11.027791	6.7128906	4.9244256
11.667807	6.7226563	5.193409
9.7705288	6.7324219	5.4564614
7.994473	6.7421875	5.7149262
10.262673	6.7519531	5.9670367
9.7260695	6.7617188	6.2137675
11.145416	6.7714844	6.4563246
10.386471	6.78125	6.690845
9.6946487	6.7910156	6.9200163
10.15903	6.8007813	7.1415687
9.5777788	6.8105469	7.3569508
9.7364883	6.8203125	7.5667181
10.043068	6.8300781	7.7672863
10.484492	6.8398438	7.9624519
9.6362314	6.8496094	8.1479158
9.1245632	6.859375	8.3290396
9.2969275	6.8691406	8.4997616
9.3657875	6.8789063	8.6633539
8.6368637	6.8886719	8.8175173
9.6075935	6.8984375	8.9664688
9.9639645	6.9082031	9.1041241
9.6214705	6.9179688	9.2351475
10.260764	6.9277344	9.3562117
9.3837967	6.9375	9.468214
8.5953627	6.9472656	9.5733833
9.6864176	6.9570313	9.669692
8.6431284	6.9667969	9.7558842
8.6847801	6.9765625	9.8349543
8.6034651	6.9863281	9.9031105
8.2256975	6.9960938	9.9633503
9.031745	7.0058594	10.014363
8.5104837	7.015625	10.055758
8.0113297	7.0253906	10.087003
8.4553614	7.0351563	10.109919
8.9502192	7.0449219	10.123967
6.7074084	7.0546875	10.127273
-9.8561516	7.0644531	10.122331
-8.8923721	7.0742188	10.106543
-9.0669146	7.0839844	10.080671
-10.43668	7.09375	10.045166
-12.113749	7.1035156	10.002073
-12.318289	7.1132813	9.9491577
-10.860595	7.1230469	9.8872499
-12.370489	7.1328125	9.8161802
-10.732748	7.1425781	9.7326603
-11.650415	7.1523438	9.6405439
-12.311782	7.1621094	9.5384283
-11.202099	7.171875	9.4286633
-11.171529	7.1816406	9.3092575
-10.106526	7.1914063	9.1809797
-11.823792	7.2011719	9.0441885
-11.734874	7.2109375	8.8977699
-12.290327	7.2207031	8.742919
-13.346096	7.2304688	8.579073
-13.334956	7.2402344	8.4080219
-11.669669	7.25	8.229003
-12.446532	7.2597656	8.043478
-14.837459	7.2695313	7.8486094
-15.125087	7.2792969	7.6473904
-12.512237	7.2890625	7.4380274
-12.759492	7.2988281	7.2259755
-13.806112	7.3085938	7.0037131
-14.078384	7.3183594	6.7764158
-14.310434	7.328125	6.5458236
-14.171366	7.3378906	6.3056993
-14.792127	7.3476563	6.0587325
-14.05821	7.3574219	5.8083744
-15.934428	7.3671875	5.5486021
-13.496809	7.3769531	5.2871914
-13.720814	7.3867188	5.0177083
-13.771432	7.3964844	4.7459598
-13.482594	7.40625	4.4664745
-14.851871	7.4160156	4.1858602
-16.074697	7.4257813	3.8987763
-16.201252	7.4355469	3.6102376
-15.027273	7.4453125	3.3161283
-15.068392	7.4550781	3.0190713
-15.372015	7.4648438	2.7215054
-15.740504	7.4746094	2.420135
-16.057713	7.484375	2.1158333
-16.181532	7.4941406	1.8097109
-13.387983	7.5039063	1.5032164
-15.803822	7.5136719	1.1957855
-15.190907	7.5234375	0.8848266
-16.867836	7.5332031	0.57383674
-16.696135	7.5429688	0.26404494
-15.176263	7.5527344	-0.046487898
-16.47002	7.5625	-0.35782886
-15.209708	7.5722656	-0.66749769
-14.102401	7.5820313	-0.97774547
-13.456039	7.5917969	-1.2863578
-13.702339	7.6015625	-1.595037
-10.856044	7.6113281	-1.899864
-17.602812	7.6210938	-2.2043595
-14.613872	7.6308594	-2.5059047
-14.736504	7.640625	-2.8053722
-16.780478	7.6503906	-3.1012354
-15.976921	7.6601563	-3.3960805
-14.813151	7.6699219	-3.6856012
-13.888231	7.6796875	-3.9724324
-14.506746	7.6894531	-4.2549348
-16.767076	7.6992188	-4.5344043
-17.732777	7.7089844	-4.809701
-19.721802	7.71875	-5.080761
-15.960436	7.7285156	-5.3456411
-18.920237	7.7382813	-5.605402
-14.544895	7.7480469	-5.8603539
-17.099478	7.7578125	-6.110611
-22.162148	7.7675781	-6.3556852
-19.207539	7.7773438	-6.5950413
-17.461414	7.7871094	-6.8293147
-17.736212	7.796875	-7.0588307
-15.64176	7.8066406	-7.2788625
-19.258936	7.8164063	-7.4926968
-17.571869	7.8261719	-7.6976018
-16.147352	7.8359375	-7.8964052
-15.292363	7.8457031	-8.0865974
-13.546238	7.8554688	-8.2702332
-12.69643	7.8652344	-8.4446917
-11.459913	7.875	-8.6119232
-12.933241	7.8847656	-8.7711477
-14.489214	7.8945313	-8.9215183
-21.598034	7.9042969	-9.0626612
-24.836651	7.9140625	-9.1968746
-24.070055	7.9238281	-9.3230057
-23.56678	7.9335938	-9.4386349
-16.225094	7.9433594	-9.5456743
-11.102063	7.953125	-9.6453552
-10.648835	7.9628906	-9.7352352
-10.684063	7.9726563	-9.8164616
-10.597438	7.9824219	-9.8867588
-10.557903	7.9921875	-9.9481258
-12.052094	8.0019531	-10.001685
-15.547954	8.0117188	-10.046408
-16.138796	8.0214844	-10.082914
-17.242075	8.03125	-10.108898
-17.075684	8.0410156	-10.126176
-18.953764	8.0507813	-10.132153
-8.1174078	8.0605469	-10.130692
4.2430472	8.0703125	-10.118839
10.688533	8.0800781	-10.098297
10.589406	8.0898438	-10.067448
7.1076093	8.0996094	-10.026451
6.4954047	8.109375	-9.9762211
5.8059583	8.1191406	-9.917263
6.1293483	8.1289063	-9.8467398
7.2024879	8.1386719	-9.7698746
6.9845815	8.1484375	-9.6812725
7.3468895	8.1582031	-9.5846682
6.1042724	8.1679688	-9.4783134
6.9131026	8.1777344	-9.3631153
6.9322066	8.1875	-9.2382231
5.9710817	8.1972656	-9.1038809
6.0420718	8.2070313	-8.9624205
4.860002	8.2167969	-8.8107758
6.468245	8.2265625	-8.6520319
6.5585713	8.2363281	-8.4844017
7.5760994	8.2460938	-8.3091211
7.5309072	8.2558594	-8.1259365
7.7750535	8.265625	-7.9342241
8.7882156	8.2753906	-7.736146
7.9126096	8.2851563	-7.5295129
9.2231092	8.2949219	-7.3161497
7.5130143	8.3046875	-7.0965424
7.7294188	8.3144531	-6.8695989
9.1425962	8.3242188	-6.6353769
8.7220802	8.3339844	-6.3959746
9.1973114	8.34375	-6.1513247
9.6439276	8.3535156	-5.900444
10.053441	8.3632813	-5.6442623
9.8761168	8.3730469	-5.381423
9.7423563	8.3828125	-5.1145124
10.448426	8.3925781	-4.842308
10.621304	8.4023438	-4.5669694
10.028098	8.4121094	-4.2855468
10.435586	8.421875	-4.0006762
9.9593077	8.4316406	-3.713227
10.225048	8.4414063	-3.4213724
13.277877	8.4511719	-3.1270278
14.869833	8.4609375	-2.8299291
9.6757202	8.4707031	-2.5285287
9.0739927	8.4804688	-2.2268431
9.4901533	8.4902344	-1.922085
11.181494	8.5	-1.6161629
11.967298	8.5097656	-1.3092901
10.384538	8.5195313	-0.9995119
10.248227	8.5292969	-0.69109064
15.720539	8.5390625	-0.38022584
11.143147	8.5488281	-0.067618951
10.547344	8.5585938	0.24172673
10.685215	8.5683594	0.55150193
11.186837	8.578125	0.8615312
12.877514	8.5878906	1.1711112
10.237226	8.5976563	1.4781874
11.247909	8.6074219	1.7840649
9.3371143	8.6171875	2.0888119
10.170962	8.6269531	2.3906331
13.76092	8.6367188	2.6909471
11.936785	8.6464844	2.9884889
11.443988	8.65625	3.2845407
9.2392092	8.6660156	3.5768874
9.336998	8.6757813	3.8651812
9.4724817	8.6855469	4.1488681
9.515893	8.6953125	4.4299102
11.016009	8.7050781	4.7063212
9.8850574	8.7148438	4.9785223
10.00578	8.7246094	5.2464948
10.810583	8.734375	5.5088263
10.315713	8.7441406	5.765965
11.59315	8.7539063	6.0170975
10.144886	8.7636719	6.2633362
10.731805	8.7734375	6.5025229
9.4078951	8.7832031	6.7369123
10.950048	8.7929688	6.9640384
9.8916931	8.8027344	7.1852269
10.079355	8.8125	7.4000154
10.086573	8.8222656	7.6066356
7.8039474	8.8320313	7.8066263
10.22633	8.8417969	8.0000124
9.0129786	8.8515625	8.1841345
9.1057272	8.8613281	8.3633032
8.1993065	8.8710938	8.5324516
10.566088	8.8808594	8.6957712
10.930327	8.890625	8.8493958
11.32465	8.9003906	8.9942999
9.2285795	8.9101563	9.1309376
9.6081524	8.9199219	9.2600975
7.7116303	8.9296875	9.3792124
9.6845331	8.9394531	9.4903259
8.7524767	8.9492188	9.5930738
8.4219732	8.9589844	9.6872778
8.3477592	8.96875	9.772501
7.4522686	8.9785156	9.8495245
8.0211906	8.9882813	9.916441
7.5191727	8.9980469	9.9745302
8.9118261	9.0078125	10.02343
9.90557	9.0175781	10.063073
10.988943	9.0273438	10.093348
11.818845	9.0371094	10.114261
12.04533	9.046875	10.125384
8.9893351	9.0566406	10.127521
-10.34264	9.0664063	10.119917
-9.280035	9.0761719	10.101706
-8.9700804	9.0859375	10.075331
-9.0393934	9.0957031	10.037605
-11.329481	9.1054688	9.9923029
-12.374565	9.1152344	9.9378796
-11.226523	9.125	9.8730326
-11.474755	9.1347656	9.7997274
-11.71875	9.1445313	9.7153606
-11.566503	9.1542969	9.620574
-11.421321	9.1640625	9.5178738
-9.8223906	9.1738281	9.4051065
-11.255721	9.1835938	9.2835588
-11.530262	9.1933594	9.1538172
-12.547627	9.203125	9.0138788
-12.145226	9.2128906	8.8673344
-13.350998	9.2226563	8.7092781
-12.252118	9.2324219	8.5439367
-13.234152	9.2421875	8.372385
-14.569215	9.2519531	8.1912994
-13.797986	9.2617188	8.0049982
-15.019485	9.2714844	7.8080506
-13.265805	9.28125	7.6067505
-12.886116	9.2910156	7.3956308
-14.236779	9.3007813	7.1826015
-12.221292	9.3105469	6.9597573
-12.581772	9.3203125	6.7317996
-13.386982	9.3300781	6.4985499
-14.648749	9.3398438	6.2554407
-14.809065	9.3496094	6.0087609
-14.188478	9.359375	5.7570081
-12.765441	9.3691406	5.4988947
-13.911585	9.3789063	5.2329679
-14.01609	9.3886719	4.9637022
-16.169912	9.3984375	4.6891251
-13.659067	9.4082031	4.411417
-14.931976	9.4179688	4.1278548
-15.648862	9.4277344	3.8421381
-14.099921	9.4375	3.5509782
-16.350777	9.4472656	3.2571604
-13.694237	9.4570313	2.958425
-14.484778	9.4667969	2.6616721
-16.122427	9.4765625	2.3591077
-15.609397	9.4863281	2.0546741
-17.041735	9.4960938	1.7490244
-13.401883	9.5058594	1.4424475
-13.664865	9.515625	1.1328537
-14.053948	9.5253906	0.82304132
-16.267237	9.5351563	0.51274568
-14.794746	9.5449219	0.20238338
-15.290757	9.5546875	-0.10875529
-14.712405	9.5644531	-0.42009699
-15.683332	9.5742188	-0.7297172
-15.701505	9.5839844	-1.0396184
-14.246488	9.59375	-1.3482509
-13.863237	9.6035156	-1.6550359
-14.098547	9.6132813	-1.9596425
-16.518904	9.6230469	-2.2633786
-16.871235	9.6328125	-2.56513
-16.293232	9.6425781	-2.8646901
-17.362017	9.6523438	-3.1612325
-15.070744	9.6621094	-3.4544713
-18.149254	9.671875	-3.7425945
-16.808731	9.6816406	-4.0295324
-14.888158	9.6914063	-4.3118753
-20.163355	9.7011719	-4.5905323
-17.904234	9.7109375	-4.8640413
-20.022074	9.7207031	-5.133451
-16.75631	9.7304688	-5.397541
-16.093941	9.7402344	-5.6580257
-16.297819	9.75	-5.9118624
-16.708672	9.7597656	-6.1604843
-18.101114	9.7695313	-6.4032693
-18.679932	9.7792969	-6.6420512
-15.850343	9.7890625	-6.8747149
-15.497347	9.7988281	-7.1015062
-16.510185	9.8085938	-7.3226008
-16.038761	9.8183594	-7.5342836
-16.141905	9.828125	-7.7390938
-18.914742	9.8378906	-7.9343143
-16.384443	9.8476563	-8.1239004
-14.144019	9.8574219	-8.3063431
-14.698552	9.8671875	-8.47997
-15.023129	9.8769531	-8.6463566
-13.514166	9.8867188	-8.8021374
-16.073662	9.8964844	-8.9505472
-19.902306	9.90625	-9.0908041
-17.971617	9.9160156	-9.2238941
-18.716372	9.9257813	-9.3458757
-16.915052	9.9355469	-9.4604063
-11.254265	9.9453125	-9.5677128
-12.078555	9.9550781	-9.6640739
-13.750256	9.9648438	-9.7530918
-14.988577	9.9746094	-9.8310776
-14.981127	9.984375	-9.9007797
-11.797214	9.9941406	-9.9605732
-9.5982342	10.003906	-10.01183
-9.9582367	10.013672	-10.055158
-9.6073732	10.023438	-10.088861
-10.893936	10.033203	-10.113684
-10.410614	10.042969	-10.128658
-10.905053	10.052734	-10.131933
-2.2841966	10.0625	-10.128722
3.6862912	10.072266	-10.11581
4.816195	10.082031	-10.09229
5.9278913	10.091797	-10.060237
4.7195005	10.101563	-10.017401
5.2000165	10.111328	-9.9653606
5.1070352	10.121094	-9.9041281
5.9272161	10.130859	-9.8338108
5.8214531	10.140625	-9.7526159
5.268352	10.150391	-9.6620121
5.5214972	10.160156	-9.5640049
6.0084858	10.169922	-9.454649
6.2125387	10.179688	-9.3385277
7.3304052	10.189453	-9.2118979
5.5370502	10.199219	-9.0764894
6.4436579	10.208984	-8.9330034
7.277576	10.21875	-8.7793293
8.1471167	10.228516	-8.6197424
8.6406355	10.238281	-8.4498577
6.7497253	10.248047	-8.2736597
7.7930746	10.257813	-8.0875702
7.6789989	10.267578	-7.8954844
8.8159456	10.277344	-7.696281
8.941349	10.287109	-7.4877744
8.8697767	10.296875	-7.2726355
8.6402292	10.306641	-7.0502343
12.965908	10.316406	-6.8228769
9.4126329	10.326172	-6.5895367
13.545109	10.335938	-6.3475356
10.128622	10.345703	-6.1003966
10.845461	10.355469	-5.8486867
17.87042	10.365234	-5.5910916
14.661415	10.375	-5.3281255
14.220737	10.384766	-5.0604653
13.25329	10.394531	-4.7872643
10.330148	10.404297	-4.5106125
16.157991	10.414063	-4.2294745
12.603402	10.423828	-3.944382
11.257478	10.433594	-3.6549971
9.1768332	10.443359	-3.3626087
9.4329119	10.453125	-3.0669534
14.385406	10.462891	-2.7684078
9.2032137	10.472656	-2.4674053
8.149456	10.482422	-2.1656113
10.216504	10.492188	-1.8614385
9.3157406	10.501953	-1.5550975
11.48117	10.511719	-1.2458291
10.005338	10.521484	-0.93792605
12.330524	10.53125	-0.6285944
12.161618	10.541016	-0.31732115
13.789639	10.550781	-0.0067961402
15.664251	10.560547	0.30275798
11.378236	10.570313	0.61377573
11.171913	10.580078	0.92427629
12.164692	10.589844	1.2321973
14.062039	10.599609	1.5400941
9.7837763	10.609375	1.844732
10.262547	10.619141	2.1502371
11.155917	10.628906	2.4514558
10.895566	10.638672	2.7514074
9.7960005	10.648438	3.0485024
9.3906422	10.658203	3.3433471
10.100007	10.667969	3.6352532
9.5424013	10.677734	3.9222221
8.6929998	10.6875	4.2062407
9.9114256	10.697266	4.4863563
9.2404318	10.707031	4.7617016
9.4413528	10.716797	5.0327692
9.8335199	10.726563	5.2998085
9.2869396	10.736328	5.5607815
10.196911	10.746094	5.816288
10.565099	10.755859	6.067318
9.2944365	10.765625	6.3123264
10.297318	10.775391	6.551199
10.323245	10.785156	6.7831326
9.2764387	10.794922	7.0098238
10.011403	10.804688	7.2289977
9.6036234	10.814453	7.4425516
10.660069	10.824219	7.648849
8.3945694	10.833984	7.8461442
8.5609388	10.84375	8.0384865
8.0749283	10.853516	8.2206516
8.4912634	10.863281	8.3979769
8.5307055	10.873047	8.5663605
8.7524185	10.882813	8.7260361
8.7055025	10.892578	8.87889
9.0449114	10.902344	9.0219288
9.6223898	10.912109	9.1579638
9.1827011	10.921875	9.284935
8.0287809	10.931641	9.4032984
8.3239279	10.941406	9.5131016
8.7767725	10.951172	9.6135664
8.5595064	10.960938	9.7050581
10.320008	10.970703	9.7883816
7.3815465	10.980469	9.863719
8.6593437	10.990234	9.9287615
7.0862703	11	9.9853811
7.6196737	11.009766	10.03166
7.8525629	11.019531	10.069987
8.4522877	11.029297	10.097692
7.449265	11.039063	10.116968
7.2155848	11.048828	10.125926
1.8061023	11.058594	10.12658
-9.0666227	11.068359	10.117435
-8.8594389	11.078125	10.097681
-10.454666	11.087891	10.069514
-11.046627	11.097656	10.030482
-13.262523	11.107422	9.9825773
-12.967596	11.117188	9.9253073
-11.746737	11.126953	9.8597736
-11.218991	11.136719	9.783164
-11.252995	11.146484	9.6972218
-11.001457	11.15625	9.5998688
-11.756527	11.166016	9.4951105
-10.19506	11.175781	9.3825026
-11.968717	11.185547	9.2591019
-12.613414	11.195313	9.1267195
-11.746387	11.205078	8.9860668
-12.488523	11.214844	8.8355007
-13.491605	11.224609	8.6770229
-15.04491	11.234375	8.5102787
-14.098699	11.244141	8.3373547
-14.028174	11.253906	8.1552668
-13.321382	11.263672	7.9660568
-13.516285	11.273438	7.7694688
-14.727831	11.283203	7.5641179
-15.429536	11.292969	7.3525796
-14.216417	11.302734	7.1394529
-14.288945	11.3125	6.9136162
-13.583164	11.322266	6.6841121
-11.919695	11.332031	6.4490395
-12.517488	11.341797	6.2070098
-16.010798	11.351563	5.9597964
-14.558295	11.361328	5.7056532
-13.359287	11.371094	5.4467673
-14.305511	11.380859	5.1808038
-13.661746	11.390625	4.91119
-13.812562	11.400391	4.6354251
-13.617136	11.410156	4.3547297
-14.431065	11.419922	4.070189
-16.33045	11.429688	3.7845168
-17.365988	11.439453	3.4927504
-16.204372	11.449219	3.1979516
-14.365755	11.458984	2.9020503
-16.622793	11.46875	2.6000223
-14.965935	11.478516	2.2989163
-15.756627	11.488281	1.994549
-17.014553	11.498047	1.6880872
-14.424324	11.507813	1.38042
-15.195272	11.517578	1.0711185
-15.36213	11.527344	0.76141852
-15.165424	11.537109	0.45159262
-15.23837	11.546875	0.14106305
-21.51651	11.556641	-0.17006007
-18.166121	11.566406	-0.48230821
-14.849263	11.576172	-0.79288882
-16.37265	11.585938	-1.1013174
-15.952323	11.595703	-1.4096018
-19.309402	11.605469	-1.7165548
-18.653669	11.615234	-2.0209491
-16.094698	11.625	-2.3250055
-17.07658	11.634766	-2.6254036
-16.037432	11.644531	-2.9238875
-15.709248	11.654297	-3.2194624
-14.318456	11.664063	-3.5128334
-14.00289	11.673828	-3.8020294
-15.037879	11.683594	-4.0871453
-15.606417	11.693359	-4.3691297
-14.63372	11.703125	-4.6454034
-13.990339	11.712891	-4.9186807
-14.368247	11.722656	-5.1874061
-15.080196	11.732422	-5.4498959
-19.418821	11.742188	-5.7083626
-17.044693	11.751953	-5.9605122
-14.940452	11.761719	-6.2093558
-17.669495	11.771484	-6.4510732
-16.965008	11.78125	-6.6888394
-17.576199	11.791016	-6.9194145
-18.627941	11.800781	-7.146122
-16.114697	11.810547	-7.3651204
-14.933908	11.820313	-7.5769267
-15.725242	11.830078	-7.7781811
-16.359089	11.839844	-7.9740334
-15.989993	11.849609	-8.1613245
-14.828424	11.859375	-8.3412848
-17.403149	11.869141	-8.514679
-15.758304	11.878906	-8.6780043
-13.497669	11.888672	-8.8331604
-12.877572	11.898438	-8.9788675
-13.212662	11.908203	-9.1185179
-12.751704	11.917969	-9.2491493
-12.573879	11.927734	-9.3705225
-11.183311	11.9375	-9.483695
-11.543021	11.947266	-9.5871964
-13.145142	11.957031	-9.6820354
-15.906488	11.966797	-9.7694235
-16.399601	11.976563	-9.8452473
-15.981402	11.986328	-9.9135532
-16.54228	11.996094	-9.9720106
-15.593471	12.005859	-10.021728
-17.304789	12.015625	-10.063137
-17.66571	12.025391	-10.093909
-19.936857	12.035156	-10.116976
-21.27001	12.044922	-10.129198
-20.230282	12.054688	-10.132515
-3.5696664	12.064453	-10.125796
8.250843	12.074219	-10.111146
6.8776193	12.083984	-10.086152
8.2946739	12.09375	-10.052119
9.3483257	12.103516	-10.007727
8.7288322	12.113281	-9.9542665
7.5570307	12.123047	-9.8902502
6.2640176	12.132813	-9.817441
7.7311649	12.142578	-9.735096
6.5001078	12.152344	-9.6442051
7.0356417	12.162109	-9.5429115
5.6193328	12.171875	-9.433013
7.9543328	12.181641	-9.3127899
7.4083915	12.191406	-9.1860313
6.8946624	12.201172	-9.048173
8.8272381	12.210938	-8.9027452
7.0204959	12.220703	-8.7484503
6.653089	12.230469	-8.5863857
6.6114707	12.240234	-8.4149008
6.2590466	12.25	-8.2362843
8.4960947	12.259766	-8.0499783
7.9459276	12.269531	-7.8568716
9.4793043	12.279297	-7.6535912
9.7848005	12.289063	-7.4454794
8.8555851	12.298828	-7.228817
10.754773	12.308594	-7.00524
9.0329332	12.318359	-6.7776995
9.5790482	12.328125	-6.5402131
10.651257	12.337891	-6.2990499
15.489442	12.347656	-6.0512514
12.378744	12.357422	-5.7975979
15.311513	12.367188	-5.5389667
9.7677002	12.376953	-5.2749023
11.827214	12.386719	-5.0060258
15.526637	12.396484	-4.7325506
12.349395	12.40625	-4.454381
10.333454	12.416016	-4.1719246
9.430934	12.425781	-3.8863802
10.433875	12.435547	-3.596333
11.812547	12.445313	-3.3048871
11.819042	12.455078	-3.0080786
9.4134712	12.464844	-2.7099416
10.522211	12.474609	-2.4085679
9.3739948	12.484375	-2.1050527
11.947855	12.494141	-1.8001544
9.5229015	12.503906	-1.4920882
11.175509	12.513672	-1.1853852
11.886656	12.523438	-0.87534595
13.788766	12.533203	-0.56532931
15.295565	12.542969	-0.25452542
4.0760379	12.552734	0.053180289
4.458672	12.5625	0.230446
5.3438358	12.572266	0.2958917
6.114994	12.582031	0.3235721
6.2525506	12.591797	0.33699208
6.0528865	12.601563	0.34389114
5.3260126	12.611328	0.34471834
4.4842482	12.621094	0.34358343
2.9303367	12.630859	0.34542707
2.0874665	12.640625	0.34401482
0.84186906	12.650391	0.3434644
1.0750257	12.660156	0.34366706
1.8808292	12.669922	0.34393567
3.3987336	12.679688	0.34411672
1.0593096	12.689453	0.34347224
-0.87405789	12.699219	0.34216914
-1.737324	12.708984	0.3415159
-2.426363	12.71875	0.34050819
-1.3626064	12.728516	0.34215051
-1.459953	12.738281	0.34215626
-1.3075886	12.748047	0.34148628
-2.6250608	12.757813	0.34006694
-3.0582421	12.767578	0.3406913
-2.8664362	12.777344	0.33972088
-3.3123651	12.787109	0.3401446
-2.1242421	12.796875	0.34046593
-2.9366348	12.806641	0.33991385
-4.2636065	12.816406	0.33936509
-2.9641902	12.826172	0.33805418
-3.1112926	12.835938	0.3383207
-3.334065	12.845703	0.33895829
-3.1392672	12.855469	0.33903766
-3.6056852	12.865234	0.33871058
-3.1289878	12.875	0.33894134
-4.5795808	12.884766	0.33758664
-3.5469885	12.894531	0.33838052
-3.500958	12.904297	0.33628392
-5.0322967	12.914063	0.33721673
-3.8179104	12.923828	0.33645117
-4.5082765	12.933594	0.3364605
-3.8153143	12.943359	0.33556047
-3.9800653	12.953125	0.33629769
-4.9961381	12.962891	0.33504358
-4.3564825	12.972656	0.33495176
-4.9242401	12.982422	0.33502793
-4.5496387	12.992188	0.33488208
-4.6546803	13.001953	0.33400962
-5.7209516	13.011719	0.33343685
-4.8469172	13.021484	0.33294493
-5.1734152	13.03125	0.33287284
-4.6156578	13.041016	0.3324787
-5.170505	13.050781	0.3332558
-4.7471838	13.060547	0.33232671
