MTS793|MPT|ENU|1|2|.|/|:|1|0|0|A

Data Acquisition						Time:	13.226563	s	4/10/2018 12:48:59 PM
Axial Force	Running Time	Axial Displacement
N	s	mm
-12.88742	0.013671875	4.2386384
-13.461441	0.0234375	4.2388945
-13.927068	0.033203125	4.238327
-15.020103	0.04296875	4.2388992
-12.16029	0.052734375	4.2391195
-10.714959	0.0625	4.2412357
-7.4147363	0.072265625	4.2447834
-4.654366	0.08203125	4.2514858
-2.804806	0.091796875	4.2598562
-1.175073	0.1015625	4.2731719
-4.2845726	0.11132813	4.2884035
-4.407577	0.12109375	4.3065085
-2.2106571	0.13085938	4.3273358
0.26948982	0.140625	4.3514447
1.0281219	0.15039063	4.3769894
3.3490477	0.16015625	4.4055419
9.0725489	0.16992188	4.4371338
6.6442065	0.1796875	4.4725881
8.0633335	0.18945313	4.5085745
7.392664	0.19921875	4.5460863
10.606669	0.20898438	4.5892196
5.135848	0.21875	4.633893
9.954278	0.22851563	4.679616
4.8619113	0.23828125	4.7282696
9.123539	0.24804688	4.7799168
5.571137	0.2578125	4.8326359
6.8917403	0.26757813	4.8880711
8.4848032	0.27734375	4.9461989
3.6800861	0.28710938	5.0061584
7.7878127	0.296875	5.0680428
4.8000364	0.30664063	5.1315384
7.5520134	0.31640625	5.1966934
5.3268275	0.32617188	5.2649961
7.6800117	0.3359375	5.3338156
2.9216986	0.34570313	5.4052501
7.4761453	0.35546875	5.4786248
6.5499101	0.36523438	5.5515409
5.2443705	0.375	5.6278887
6.6348815	0.38476563	5.7048602
4.4010811	0.39453125	5.7842283
6.057415	0.40429688	5.8630972
4.3243403	0.4140625	5.9450893
6.6671286	0.42382813	6.0263782
5.6952934	0.43359375	6.109601
7.2307301	0.44335938	6.1936035
9.9363623	0.453125	6.2801228
5.6313581	0.46289063	6.364222
10.324492	0.47265625	6.4506769
6.7598071	0.48242188	6.538269
8.7412653	0.4921875	6.626287
6.6584907	0.50195313	6.7162142
10.386109	0.51171875	6.8035455
4.3789854	0.52148438	6.8918066
10.721572	0.53125	6.9816785
4.5642724	0.54101563	7.0712552
10.737893	0.55078125	7.1607232
6.6392589	0.56054688	7.250771
8.451251	0.5703125	7.3400631
7.801084	0.58007813	7.4290915
10.806311	0.58984375	7.5175686
19.188877	0.59960938	7.606432
7.199717	0.609375	7.6949821
14.430104	0.61914063	7.7821002
5.7398691	0.62890625	7.8676953
12.10391	0.63867188	7.9548821
6.321259	0.6484375	8.0404844
8.1934271	0.65820313	8.1250057
5.2872114	0.66796875	8.2094851
7.3670759	0.67773438	8.291729
4.6821313	0.6875	8.3730774
8.7953873	0.69726563	8.4545193
4.6233182	0.70703125	8.5330143
7.9544148	0.71679688	8.6103573
4.896894	0.7265625	8.6872444
5.1225767	0.73632813	8.7628756
5.2105403	0.74609375	8.837327
4.8087792	0.75585938	8.9084444
5.4025555	0.765625	8.9803057
4.7776966	0.77539063	9.0487061
5.781837	0.78515625	9.1156454
5.3488884	0.79492188	9.1798868
7.3080997	0.8046875	9.2421694
4.5468683	0.81445313	9.3029976
6.684463	0.82421875	9.3623743
4.9706082	0.83398438	9.4195862
6.0989056	0.84375	9.4743986
4.5669847	0.85351563	9.5262032
6.7104816	0.86328125	9.5760498
6.0274267	0.87304688	9.6261206
4.7422829	0.8828125	9.6714048
6.680202	0.89257813	9.7139864
6.338244	0.90234375	9.7547379
8.7072964	0.91210938	9.7940474
6.8477702	0.921875	9.8293839
7.7080097	0.93164063	9.8631964
7.5128627	0.94140625	9.8942385
7.5307093	0.95117188	9.9227695
6.6803999	0.9609375	9.9490166
8.7645721	0.97070313	9.9724789
7.6077294	0.98046875	9.9929724
7.7671022	0.99023438	10.010576
9.349617	1	10.025258
10.335468	1.0097656	10.037086
9.1431551	1.0195313	10.04678
10.195271	1.0292969	10.054168
9.6301785	1.0390625	10.058271
7.0374923	1.0488281	10.060185
-9.4004087	1.0585938	10.05459
-31.167885	1.0683594	10.04272
-23.137533	1.078125	10.01966
-25.04529	1.0878906	9.988286
-30.502014	1.0976563	9.9477854
-30.505053	1.1074219	9.8958416
-29.974348	1.1171875	9.8360777
-27.086643	1.1269531	9.7659531
-29.885571	1.1367188	9.685956
-25.717123	1.1464844	9.5961857
-28.092205	1.15625	9.4968214
-25.283939	1.1660156	9.3899679
-26.826921	1.1757813	9.271347
-25.506353	1.1855469	9.1458101
-29.183237	1.1953125	9.0094614
-31.852921	1.2050781	8.8653879
-23.454206	1.2148438	8.712347
-37.659935	1.2246094	8.5518513
-25.243975	1.234375	8.3821192
-33.462688	1.2441406	8.2060738
-25.92149	1.2539063	8.0228462
-28.189096	1.2636719	7.8302937
-25.456049	1.2734375	7.6311035
-15.992206	1.2832031	7.423903
-48.301567	1.2929688	7.2125659
-13.770442	1.3027344	6.9955082
-38.653961	1.3125	6.7687736
-14.737399	1.3222656	6.5367103
-45.737591	1.3320313	6.3010855
-16.408285	1.3417969	6.0557456
-38.755756	1.3515625	5.8067708
-24.306087	1.3613281	5.5511565
-34.070583	1.3710938	5.2886634
-24.671946	1.3808594	5.0227909
-29.973557	1.390625	4.7523365
-26.860577	1.4003906	4.4755502
-12.272492	1.4101563	4.1954041
-54.114902	1.4199219	3.9103374
-10.39661	1.4296875	3.6227539
-40.552731	1.4394531	3.3317864
-23.35211	1.4492188	3.0364246
-33.056911	1.4589844	2.7371719
-25.324896	1.46875	2.4385109
-29.93273	1.4785156	2.1341636
-33.337681	1.4882813	1.8290102
-24.687103	1.4980469	1.5244603
-32.532356	1.5078125	1.2163222
-26.388979	1.5175781	0.90821087
-34.585304	1.5273438	0.59818178
-21.691864	1.5371094	0.28825402
-28.260633	1.546875	-0.022870302
-34.205605	1.5566406	-0.33206642
-21.915241	1.5664063	-0.64250976
-31.065533	1.5761719	-0.95199573
-39.166698	1.5859375	-1.2603767
-15.155925	1.5957031	-1.5684128
-34.859558	1.6054688	-1.8741525
-18.926046	1.6152344	-2.1788619
-30.495821	1.625	-2.482003
-30.184351	1.6347656	-2.7809813
-31.270426	1.6445313	-3.0771322
-29.429432	1.6542969	-3.3709116
-27.710583	1.6640625	-3.6641679
-32.936607	1.6738281	-3.9512739
-18.79133	1.6835938	-4.2357025
-38.434147	1.6933594	-4.514852
-20.717457	1.703125	-4.7911038
-35.61636	1.7128906	-5.0603786
-27.654739	1.7226563	-5.3262062
-31.837776	1.7324219	-5.5876017
-26.43956	1.7421875	-5.8451095
-30.903448	1.7519531	-6.093637
-26.457012	1.7617188	-6.3395753
-29.19821	1.7714844	-6.5800405
-24.808187	1.78125	-6.8152642
-25.935564	1.7910156	-7.0454078
-11.604849	1.8007813	-7.2679992
-41.904579	1.8105469	-7.4827433
-16.19153	1.8203125	-7.69064
-35.883671	1.8300781	-7.8889227
-18.301083	1.8398438	-8.0800877
-32.408104	1.8496094	-8.263629
-23.805513	1.859375	-8.4401684
-28.043404	1.8691406	-8.6091919
-25.038084	1.8789063	-8.7690105
-17.33189	1.8886719	-8.9208326
-42.011566	1.8984375	-9.0629368
-16.58086	1.9082031	-9.199604
-39.607658	1.9179688	-9.325036
-17.459576	1.9277344	-9.4446068
-27.537474	1.9375	-9.5526104
-19.163628	1.9472656	-9.652566
-28.796064	1.9570313	-9.745079
-21.803089	1.9667969	-9.8262892
-27.830143	1.9765625	-9.8999004
-18.668941	1.9863281	-9.9650393
-26.344416	1.9960938	-10.018959
-21.116285	2.0058594	-10.065858
-24.097086	2.015625	-10.104092
-23.277197	2.0253906	-10.13096
-20.613661	2.0351563	-10.149189
-23.473356	2.0449219	-10.159217
-12.817641	2.0546875	-10.15911
-0.93895942	2.0644531	-10.149361
3.6484795	2.0742188	-10.129812
4.5760884	2.0839844	-10.101483
10.142103	2.09375	-10.062883
1.5288941	2.1035156	-10.0139
15.082443	2.1132813	-9.9564514
8.4987144	2.1230469	-9.889205
10.303036	2.1328125	-9.8118391
7.2149444	2.1425781	-9.7262573
8.5225325	2.1523438	-9.6317358
8.6559801	2.1621094	-9.5263853
6.9745002	2.171875	-9.4110384
8.6275749	2.1816406	-9.2884369
7.7780218	2.1914063	-9.1566
9.0427341	2.2011719	-9.0165358
7.7246923	2.2109375	-8.8664989
10.429299	2.2207031	-8.708931
7.7880917	2.2304688	-8.5427341
10.11286	2.2402344	-8.3689356
7.6708498	2.25	-8.1876974
10.307656	2.2597656	-7.9972067
7.7331557	2.2695313	-7.8007126
12.070767	2.2792969	-7.5959263
6.7449756	2.2890625	-7.3824787
12.987981	2.2988281	-7.1639957
11.889194	2.3085938	-6.9381466
6.5377679	2.3183594	-6.7040281
12.441585	2.328125	-6.4664855
5.3793077	2.3378906	-6.2232509
10.871351	2.3476563	-5.9727645
4.8539252	2.3574219	-5.7161531
13.69188	2.3671875	-5.4552913
8.8681116	2.3769531	-5.18928
10.933995	2.3867188	-4.9176164
7.7442732	2.3964844	-4.6419592
10.944169	2.40625	-4.3615079
8.8124304	2.4160156	-4.0778613
14.668633	2.4257813	-3.7906132
5.2630787	2.4355469	-3.4987421
11.480599	2.4453125	-3.2045455
6.360549	2.4550781	-2.9073932
9.1484518	2.4648438	-2.6076465
11.755759	2.4746094	-2.3054554
3.1320145	2.484375	-2.0009651
9.8558722	2.4941406	-1.6955949
4.7751584	2.5039063	-1.3879776
8.3631601	2.5136719	-1.0787137
10.511908	2.5234375	-0.76836497
3.0951574	2.5332031	-0.45855641
9.7422161	2.5429688	-0.14767125
3.7042074	2.5527344	0.1635164
8.3708668	2.5625	0.47417283
3.0213735	2.5722656	0.78401715
12.136577	2.5820313	1.0923028
0.94010031	2.5917969	1.402095
8.3886662	2.6015625	1.7091662
3.1917241	2.6113281	2.0141258
9.1111517	2.6210938	2.316618
6.7695861	2.6308594	2.6182368
11.840393	2.640625	2.9153154
1.267204	2.6503906	3.211513
9.6610174	2.6601563	3.5036445
4.275609	2.6699219	3.7934661
11.36359	2.6796875	4.0773258
1.3789977	2.6894531	4.3608484
11.142844	2.6992188	4.6380296
4.1526394	2.7089844	4.9119473
9.3823185	2.71875	5.1797242
11.918077	2.7285156	5.4426613
5.3122058	2.7382813	5.7021351
6.5732284	2.7480469	5.9546919
4.4700341	2.7578125	6.2017055
6.2953334	2.7675781	6.4437571
0.53072584	2.7773438	6.679687
15.109749	2.7871094	6.9077401
-6.4770575	2.796875	7.1302357
14.493242	2.8066406	7.346107
-3.1525967	2.8164063	7.5559616
7.4056678	2.8261719	7.7562838
3.4370925	2.8359375	7.9514208
0.19668369	2.8457031	8.1371899
3.9330568	2.8554688	8.3173809
4.1730351	2.8652344	8.4891558
-1.8648337	2.875	8.6512995
1.8535415	2.8847656	8.8081779
5.0899687	2.8945313	8.9551983
-4.4282293	2.9042969	9.0941057
11.793209	2.9140625	9.2239962
-2.3533356	2.9238281	9.3476553
5.6075282	2.9335938	9.4589386
-1.7009209	2.9433594	9.5643015
3.5844278	2.953125	9.6603241
-0.15457627	2.9628906	9.7471104
-0.6031245	2.9726563	9.8254042
1.0153395	2.9824219	9.8939047
1.2099626	2.9921875	9.9544926
-1.0213349	3.0019531	10.006449
-1.2376695	3.0117188	10.046352
1.8002582	3.0214844	10.078092
-0.038451981	3.03125	10.10188
0.2749497	3.0410156	10.115298
-0.19506551	3.0507813	10.118516
-15.227812	3.0605469	10.112764
-24.048286	3.0703125	10.097745
-20.163763	3.0800781	10.072587
-23.578831	3.0898438	10.038402
-22.830023	3.0996094	9.9933205
-28.502232	3.109375	9.9410982
-26.382587	3.1191406	9.8781109
-28.065722	3.1289063	9.8075361
-24.74935	3.1386719	9.7239714
-27.581806	3.1484375	9.6323938
-24.819223	3.1582031	9.5283585
-23.343042	3.1679688	9.4181042
-25.731268	3.1777344	9.2993574
-23.797411	3.1875	9.1695786
-23.832989	3.1972656	9.0330572
-26.081514	3.2070313	8.8869076
-31.707041	3.2167969	8.7331133
-28.755072	3.2265625	8.5695562
-32.098591	3.2363281	8.3989058
-23.402937	3.2460938	8.2183838
-28.608961	3.2558594	8.0321608
-24.19845	3.265625	7.8386679
-30.247751	3.2753906	7.6383905
-28.901583	3.2851563	7.4295654
-29.0305	3.2949219	7.2156801
-32.799992	3.3046875	6.9951682
-22.361893	3.3144531	6.7674727
-16.963564	3.3242188	6.5343528
-52.057228	3.3339844	6.2966614
-9.2262516	3.34375	6.0505629
-45.294025	3.3535156	5.801116
-17.241249	3.3632813	5.5414691
-32.308174	3.3730469	5.279644
-20.388399	3.3828125	5.0118475
-43.133179	3.3925781	4.7402782
-17.543789	3.4023438	4.4625597
-39.248367	3.4121094	4.1817307
-19.700277	3.421875	3.8945034
-23.731205	3.4316406	3.6042526
-29.011665	3.4414063	3.3120229
-34.324207	3.4511719	3.0168936
-21.894857	3.4609375	2.7164326
-36.469704	3.4707031	2.4164572
-12.158545	3.4804688	2.1115973
-40.552391	3.4902344	1.8083348
-19.000156	3.5	1.500386
-34.365616	3.5097656	1.192987
-22.612745	3.5195313	0.8826226
-32.684208	3.5292969	0.57192445
-22.908497	3.5390625	0.26278198
-29.154587	3.5488281	-0.049440563
-25.621185	3.5585938	-0.35992414
-27.137192	3.5683594	-0.67002249
-38.856827	3.578125	-0.98083091
-14.157325	3.5878906	-1.2906216
-34.358971	3.5976563	-1.5961409
-18.096819	3.6074219	-1.9038267
-31.867496	3.6171875	-2.2063642
-22.238644	3.6269531	-2.5094047
-32.797386	3.6367188	-2.8084025
-20.138897	3.6464844	-3.1064413
-33.08173	3.65625	-3.3974178
-22.793154	3.6660156	-3.6889195
-30.13307	3.6757813	-3.9749079
-21.426344	3.6855469	-4.2594419
-28.898939	3.6953125	-4.538475
-19.722467	3.7050781	-4.8125191
-22.905355	3.7148438	-5.0826907
-29.384542	3.7246094	-5.3481417
-23.259829	3.734375	-5.6095243
-23.760658	3.7441406	-5.8654585
-23.28623	3.7539063	-6.115056
-26.360083	3.7636719	-6.3606167
-23.571796	3.7734375	-6.5980368
-25.308516	3.7832031	-6.833138
-23.519377	3.7929688	-7.0625038
-26.199722	3.8027344	-7.2836261
-24.112453	3.8125	-7.4978819
-21.64241	3.8222656	-7.702704
-22.342754	3.8320313	-7.8993859
-27.017622	3.8417969	-8.0898514
-16.903713	3.8515625	-8.2742977
-32.015217	3.8613281	-8.4472313
-17.988474	3.8710938	-8.6146011
-25.43351	3.8808594	-8.7727213
-20.341343	3.890625	-8.9236135
-19.886496	3.9003906	-9.066556
-24.251804	3.9101563	-9.2014036
-17.809879	3.9199219	-9.3236303
-24.365692	3.9296875	-9.4397421
-26.204542	3.9394531	-9.5478134
-24.482609	3.9492188	-9.6469288
-19.271496	3.9589844	-9.7367363
-25.716621	3.96875	-9.8168259
-21.095667	3.9785156	-9.8890791
-20.873955	3.9882813	-9.9513617
-23.898855	3.9980469	-10.004895
-22.027931	4.0078125	-10.049736
-23.842533	4.0175781	-10.085634
-20.82173	4.0273438	-10.112106
-23.549562	4.0371094	-10.127472
-24.621737	4.046875	-10.13506
-13.053593	4.0566406	-10.134595
0.99038005	4.0664063	-10.123653
2.2967811	4.0761719	-10.103854
4.364655	4.0859375	-10.072309
7.1369925	4.0957031	-10.032113
3.6782353	4.1054688	-9.9839029
13.835112	4.1152344	-9.9231119
5.2335906	4.125	-9.8546572
9.5341463	4.1347656	-9.7763672
8.7059565	4.1445313	-9.6882963
7.3136182	4.1542969	-9.5912714
8.3511	4.1640625	-9.4847832
9.9541149	4.1738281	-9.3692532
4.9687691	4.1835938	-9.2428265
9.526556	4.1933594	-9.1103363
6.5775938	4.203125	-8.9677811
7.9200716	4.2128906	-8.8171606
11.660089	4.2226563	-8.6574783
8.3157902	4.2324219	-8.4909496
10.560499	4.2421875	-8.3151016
9.3391523	4.2519531	-8.1317511
10.02308	4.2617188	-7.9398804
8.395977	4.2714844	-7.7419095
13.474707	4.28125	-7.5348644
9.2874517	4.2910156	-7.3219023
9.8895168	4.3007813	-7.1013389
8.2034969	4.3105469	-6.8745365
6.6765585	4.3203125	-6.6409602
6.8254766	4.3300781	-6.4014888
10.190485	4.3398438	-6.1582828
10.402873	4.3496094	-5.9046969
8.8998003	4.359375	-5.6481643
11.310214	4.3691406	-5.3850808
8.4535799	4.3789063	-5.1188111
9.8985386	4.3886719	-4.847312
11.819333	4.3984375	-4.5715013
6.9675736	4.4082031	-4.2901769
14.983229	4.4179688	-4.005877
10.400405	4.4277344	-3.7184105
9.3629351	4.4375	-3.4257553
10.034861	4.4472656	-3.131362
9.2296753	4.4570313	-2.832906
9.0090446	4.4667969	-2.5339849
7.8383598	4.4765625	-2.2299349
7.2184601	4.4863281	-1.9248121
6.0776596	4.4960938	-1.6199455
9.1548185	4.5058594	-1.3121665
6.6011448	4.515625	-1.0026746
9.9732075	4.5253906	-0.69306344
1.449755	4.5351563	-0.38147792
11.677086	4.5449219	-0.072692335
2.1712737	4.5546875	0.23953468
6.5556612	4.5644531	0.54897815
7.742713	4.5742188	0.85874945
4.1710911	4.5839844	1.1682481
7.1448975	4.59375	1.4767081
3.5177567	4.6035156	1.7830267
6.820343	4.6132813	2.0864859
7.4169483	4.6230469	2.389255
6.029068	4.6328125	2.6903419
3.6408775	4.6425781	2.9883742
7.9596992	4.6523438	3.282784
3.5070231	4.6621094	3.5737231
14.515175	4.671875	3.86253
0.14388934	4.6816406	4.1482821
10.250951	4.6914063	4.4287639
-0.87040246	4.7011719	4.7054234
11.581601	4.7109375	4.9776597
-2.8486013	4.7207031	5.2447886
12.756605	4.7304688	5.5066214
0.75448769	4.7402344	5.7648168
6.2382779	4.75	6.0145826
3.6714716	4.7597656	6.261456
5.941	4.7695313	6.5026226
14.032918	4.7792969	6.7359805
-3.801321	4.7890625	6.9645166
8.9620352	4.7988281	7.1855278
-1.0361313	4.8085938	7.398984
5.4739418	4.8183594	7.6064677
0.80419707	4.828125	7.8066468
2.2426713	4.8378906	7.9987926
-0.1138309	4.8476563	8.1851845
0.70399839	4.8574219	8.3611336
2.7115922	4.8671875	8.5316162
-0.55948037	4.8769531	8.6934938
-0.18347055	4.8867188	8.8483009
4.4391723	4.8964844	8.9937763
3.9329636	4.90625	9.1304855
0.16675331	4.9160156	9.2592287
1.6104198	4.9257813	9.3791218
-1.6384176	4.9355469	9.4914484
2.2204943	4.9453125	9.5939713
-1.3032695	4.9550781	9.6878872
2.0041945	4.9648438	9.7738419
-2.729264	4.9746094	9.8489265
3.1790929	4.984375	9.9163609
-2.2364199	4.9941406	9.9755955
-0.1382432	5.0039063	10.024466
1.5201629	5.0136719	10.063455
-0.86794609	5.0234375	10.093472
1.1832104	5.0332031	10.114285
-1.6737497	5.0429688	10.125251
-3.36112	5.0527344	10.127796
-19.042416	5.0625	10.119348
-22.298016	5.0722656	10.102466
-21.841866	5.0820313	10.074435
-22.204733	5.0917969	10.038647
-23.810415	5.1015625	9.9926357
-28.024008	5.1113281	9.9358339
-25.749161	5.1210938	9.8728609
-27.494122	5.1308594	9.7993107
-25.906879	5.140625	9.7149153
-29.594137	5.1503906	9.6187935
-21.957863	5.1601563	9.515379
-29.970125	5.1699219	9.4036627
-21.960493	5.1796875	9.2825098
-25.35059	5.1894531	9.1512413
-24.435635	5.1992188	9.0110245
-23.293612	5.2089844	8.8641148
-27.566357	5.21875	8.7079153
-24.682201	5.2285156	8.5421429
-33.520473	5.2382813	8.3700495
-27.004919	5.2480469	8.1897812
-27.607452	5.2578125	7.9994531
-33.017761	5.2675781	7.8057289
-25.007734	5.2773438	7.6030312
-27.954973	5.2871094	7.3943348
-26.544685	5.296875	7.17805
-35.407043	5.3066406	6.9561677
-22.157515	5.3164063	6.7266779
-39.524143	5.3261719	6.4938083
-17.366081	5.3359375	6.2528358
-36.54213	5.3457031	6.0078249
-20.285406	5.3554688	5.7559729
-39.588741	5.3652344	5.4969935
-15.211268	5.375	5.2319808
-33.148449	5.3847656	4.9646602
-24.835823	5.3945313	4.6897025
-23.136568	5.4042969	4.4120607
-34.136185	5.4140625	4.1293783
-18.307962	5.4238281	3.8417444
-36.330242	5.4335938	3.5529435
-22.307514	5.4433594	3.2589107
-37.378922	5.453125	2.9627964
-22.184792	5.4628906	2.6626348
-31.625072	5.4726563	2.3608713
-23.796886	5.4824219	2.0564497
-31.121563	5.4921875	1.7508552
-20.686386	5.5019531	1.4454931
-31.407888	5.5117188	1.1353955
-31.191332	5.5214844	0.82651228
-30.785856	5.53125	0.51574856
-26.079256	5.5410156	0.2052784
-25.349226	5.5507813	-0.10707378
-30.095213	5.5605469	-0.41740388
-27.713388	5.5703125	-0.72666407
-29.150711	5.5800781	-1.0371075
-31.565245	5.5898438	-1.3452694
-13.114884	5.5996094	-1.6531467
-40.398689	5.609375	-1.9571923
-13.611535	5.6191406	-2.2625215
-45.989952	5.6289063	-2.5633328
-9.9883299	5.6386719	-2.86358
-46.840588	5.6484375	-3.1574502
-14.074089	5.6582031	-3.4516819
-42.568718	5.6679688	-3.7428036
-15.413016	5.6777344	-4.0290332
-34.480774	5.6875	-4.3119931
-19.875261	5.6972656	-4.590579
-21.012033	5.7070313	-4.8647566
-39.882771	5.7167969	-5.1336856
-16.717903	5.7265625	-5.3988008
-37.101097	5.7363281	-5.6569633
-15.360221	5.7460938	-5.9128056
-31.157269	5.7558594	-6.1609507
-22.932644	5.765625	-6.4044003
-27.354212	5.7753906	-6.6421967
-31.746016	5.7851563	-6.8751717
-21.843996	5.7949219	-7.1036954
-26.156137	5.8046875	-7.3234663
-24.745789	5.8144531	-7.5348558
-25.632511	5.8242188	-7.7389469
-20.801474	5.8339844	-7.9356885
-26.441946	5.84375	-8.1236782
-12.070861	5.8535156	-8.3051167
-36.780491	5.8632813	-8.4776335
-14.284905	5.8730469	-8.6433201
-24.833996	5.8828125	-8.8006849
-18.436369	5.8925781	-8.9487944
-27.93026	5.9023438	-9.0900784
-15.580596	5.9121094	-9.2223711
-33.078922	5.921875	-9.3455153
-15.257508	5.9316406	-9.4590635
-25.874912	5.9414063	-9.5660973
-18.300489	5.9511719	-9.6620302
-22.20429	5.9609375	-9.7502728
-20.673649	5.9707031	-9.8300467
-20.198023	5.9804688	-9.8991842
-19.333384	5.9902344	-9.9585562
-25.497448	6	-10.010458
-19.64986	6.0097656	-10.054966
-24.95537	6.0195313	-10.088968
-20.083342	6.0292969	-10.113313
-22.492826	6.0390625	-10.127967
-22.492569	6.0488281	-10.133018
-7.2201715	6.0585938	-10.130849
1.010776	6.0683594	-10.11716
2.421788	6.078125	-10.094378
3.9452686	6.0878906	-10.062063
4.9135532	6.0976563	-10.019546
3.4301426	6.1074219	-9.9672384
16.635092	6.1171875	-9.9073524
5.6304851	6.1269531	-9.8354616
8.742651	6.1367188	-9.7546215
11.600508	6.1464844	-9.6654062
5.6002407	6.15625	-9.5668621
11.648983	6.1660156	-9.4591379
1.4338176	6.1757813	-9.3408298
10.642001	6.1855469	-9.2140112
3.9457343	6.1953125	-9.079134
12.392261	6.2050781	-8.9354696
1.3996731	6.2148438	-8.7816305
13.610004	6.2246094	-8.6213446
2.5429065	6.234375	-8.4530745
16.615732	6.2441406	-8.2754545
8.6053391	6.2539063	-8.0909834
10.877591	6.2636719	-7.8982553
7.8250189	6.2734375	-7.6986122
7.5691381	6.2832031	-7.4903107
7.8411417	6.2929688	-7.2755122
9.8838005	6.3027344	-7.0539923
8.5831156	6.3125	-6.8254275
10.419661	6.3222656	-6.5911131
8.9564714	6.3320313	-6.3511224
11.901127	6.3417969	-6.1037145
7.4635844	6.3515625	-5.85145
11.26395	6.3613281	-5.5934062
8.1480017	6.3710938	-5.3292961
11.180305	6.3808594	-5.0614767
11.391694	6.390625	-4.790113
14.845463	6.4003906	-4.5118928
9.1197672	6.4101563	-4.2310834
8.326396	6.4199219	-3.9475679
8.5057583	6.4296875	-3.6571474
10.839209	6.4394531	-3.3648558
9.9600525	6.4492188	-3.0684628
10.865391	6.4589844	-2.7711608
6.3203974	6.46875	-2.4700284
10.280275	6.4785156	-2.1674604
6.8953376	6.4882813	-1.8624663
7.8188257	6.4980469	-1.5562974
16.113825	6.5078125	-1.2474142
-2.5588787	6.5175781	-0.93812793
15.336665	6.5273438	-0.62891692
-0.46190107	6.5371094	-0.3174372
13.722805	6.546875	-0.0083714724
3.5965116	6.5566406	0.30360222
6.7529154	6.5664063	0.61264485
4.0863757	6.5761719	0.92342794
7.178134	6.5859375	1.2318001
5.4873524	6.5957031	1.5397996
9.730854	6.6054688	1.8447846
4.5346446	6.6152344	2.1497204
5.3234048	6.625	2.4512126
6.9651518	6.6347656	2.7517424
5.3437777	6.6445313	3.0482678
9.8391905	6.6542969	3.3416555
-0.12516975	6.6640625	3.633754
9.1216297	6.6738281	3.9215386
2.9455521	6.6835938	4.205677
7.854146	6.6933594	4.4867606
5.0492468	6.703125	4.7618837
6.3990707	6.7128906	5.0328627
2.9799063	6.7226563	5.3001461
3.7194812	6.7324219	5.56003
6.1308966	6.7421875	5.8161855
3.0669034	6.7519531	6.0677185
9.0558319	6.7617188	6.3118787
1.910096	6.7714844	6.5510659
10.228786	6.78125	6.7838087
-1.1640484	6.7910156	7.0104957
9.0597897	6.8007813	7.2290258
-2.1283865	6.8105469	7.4425206
3.8967469	6.8203125	7.6485052
1.8396881	6.8300781	7.8475475
-0.46797794	6.8398438	8.0378265
5.8559117	6.8496094	8.2219715
-3.2810261	6.859375	8.3990889
3.660866	6.8691406	8.5664158
-0.055518467	6.8789063	8.725831
-0.27262139	6.8886719	8.8789434
-0.0079395249	6.8984375	9.0220604
0.47828072	6.9082031	9.1579676
0.33548567	6.9179688	9.284934
0.045704655	6.9277344	9.4036283
2.2341497	6.9375	9.513566
0.18454157	6.9472656	9.6147451
0.92462867	6.9570313	9.7077265
1.8754042	6.9667969	9.790185
0.068603545	6.9765625	9.8638401
15.086948	6.9863281	9.9302101
5.603931	6.9960938	9.9867401
7.7068572	7.0058594	10.033957
2.9766233	7.015625	10.070989
1.48603	7.0253906	10.09983
3.1213276	7.0351563	10.117446
2.3704953	7.0449219	10.127011
-4.8275919	7.0546875	10.128678
-20.601088	7.0644531	10.11883
-20.139128	7.0742188	10.099893
-21.943392	7.0839844	10.069917
-19.001553	7.09375	10.030888
-28.931105	7.1035156	9.9828424
-20.114136	7.1132813	9.924962
-21.443308	7.1230469	9.8581533
-21.287287	7.1328125	9.7834215
-31.053762	7.1425781	9.6986237
-29.966095	7.1523438	9.5997114
-22.673292	7.1621094	9.4954033
-30.317146	7.171875	9.3801346
-23.526279	7.1816406	9.2561588
-28.55003	7.1914063	9.1243668
-25.197142	7.2011719	8.9846325
-29.33672	7.2109375	8.8341656
-29.113014	7.2207031	8.6777763
-28.671303	7.2304688	8.5103703
-26.995829	7.2402344	8.3348932
-28.264662	7.25	8.1523151
-24.194061	7.2597656	7.9646392
-32.254776	7.2695313	7.7681317
-26.806082	7.2792969	7.5635343
-25.768682	7.2890625	7.352026
-30.618231	7.2988281	7.1368933
-29.869703	7.3085938	6.9132209
-26.637491	7.3183594	6.6822724
-26.388699	7.328125	6.4467773
-37.543652	7.3378906	6.2080278
-27.153723	7.3476563	5.9578433
-24.311815	7.3574219	5.7060332
-35.536289	7.3671875	5.4455848
-21.959423	7.3769531	5.1806793
-39.873096	7.3867188	4.9096136
-16.802259	7.3964844	4.6353979
-35.86245	7.40625	4.3558254
-21.237648	7.4160156	4.0738077
-37.842476	7.4257813	3.7853093
-21.592516	7.4355469	3.494458
-33.437927	7.4453125	3.2012448
-20.380306	7.4550781	2.9034331
-46.922462	7.4648438	2.6049466
-14.341576	7.4746094	2.3011878
-36.638626	7.484375	1.9961283
-24.695251	7.4941406	1.6906903
-27.212303	7.5039063	1.3832033
-31.573929	7.5136719	1.073271
-28.256199	7.5234375	0.76453984
-32.041363	7.5332031	0.45425445
-21.949968	7.5429688	0.1426965
-29.797165	7.5527344	-0.16879439
-23.757154	7.5625	-0.47792122
-31.158806	7.5722656	-0.78816485
-28.578413	7.5820313	-1.0972366
-31.097408	7.5917969	-1.4066488
-29.136427	7.6015625	-1.7138891
-30.01548	7.6113281	-2.0194731
-22.080519	7.6210938	-2.3231058
-19.16954	7.6308594	-2.6241281
-32.006264	7.640625	-2.9218628
-19.874155	7.6503906	-3.2175817
-41.20887	7.6601563	-3.5102644
-16.118818	7.6699219	-3.7996218
-35.764057	7.6796875	-4.0844665
-17.15671	7.6894531	-4.3667054
-39.503757	7.6992188	-4.6441545
-16.698975	7.7089844	-4.9184413
-23.281946	7.71875	-5.1861448
-32.841961	7.7285156	-5.4484816
-21.470768	7.7382813	-5.7073407
-31.110912	7.7480469	-5.9610786
-20.72797	7.7578125	-6.2091851
-27.719162	7.7675781	-6.4513512
-21.589466	7.7773438	-6.6896591
-26.110596	7.7871094	-6.9214072
-25.097828	7.796875	-7.1467004
-21.555532	7.8066406	-7.3662906
-28.888474	7.8164063	-7.576263
-19.953644	7.8261719	-7.7776251
-28.897461	7.8359375	-7.9715123
-18.424377	7.8457031	-8.1613045
-21.237612	7.8554688	-8.3403502
-22.489893	7.8652344	-8.5113859
-20.520191	7.875	-8.6751308
-16.770418	7.8847656	-8.8310375
-29.791706	7.8945313	-8.978219
-21.242525	7.9042969	-9.1182518
-23.755384	7.9140625	-9.2475157
-21.800514	7.9238281	-9.3679953
-25.877123	7.9335938	-9.4812288
-19.699636	7.9433594	-9.5854445
-28.511614	7.953125	-9.6797276
-17.685547	7.9628906	-9.768012
-23.567699	7.9726563	-9.8451576
-19.546423	7.9824219	-9.9120283
-20.93285	7.9921875	-9.9701462
-19.818243	8.0019531	-10.020366
-20.161562	8.0117188	-10.061554
-20.446419	8.0214844	-10.094571
-20.986889	8.03125	-10.115649
-21.598127	8.0410156	-10.12824
-19.229494	8.0507813	-10.132713
-4.6390457	8.0605469	-10.12733
6.9203205	8.0703125	-10.113154
1.8263469	8.0800781	-10.086937
9.4827614	8.0898438	-10.052357
7.0910435	8.0996094	-10.010406
7.1516609	8.109375	-9.9552631
14.371012	8.1191406	-9.8924408
1.602713	8.1289063	-9.8198147
12.91373	8.1386719	-9.7372456
1.9542756	8.1484375	-9.6466141
10.95715	8.1582031	-9.5456419
6.2983832	8.1679688	-9.4350033
3.8898666	8.1777344	-9.3157721
7.2804394	8.1875	-9.1879215
1.1681113	8.1972656	-9.0485716
14.883728	8.2070313	-8.9050627
0.88389498	8.2167969	-8.7502947
18.926611	8.2265625	-8.5892954
1.1295429	8.2363281	-8.4179316
14.492678	8.2460938	-8.2380295
9.5691996	8.2558594	-8.0527735
13.085176	8.265625	-7.8582802
7.7067757	8.2753906	-7.6576667
8.4737778	8.2851563	-7.4475412
9.6296539	8.2949219	-7.2316427
3.6429381	8.3046875	-7.0081277
12.108823	8.3144531	-6.7790718
6.1971951	8.3242188	-6.5428891
12.57115	8.3339844	-6.3013458
7.1410437	8.34375	-6.0542979
12.81671	8.3535156	-5.799552
8.3930092	8.3632813	-5.5409403
10.007305	8.3730469	-5.2758565
9.0964956	8.3828125	-5.0081916
8.2624378	8.3925781	-4.7341652
10.317575	8.4023438	-4.4565558
8.5677595	8.4121094	-4.1732693
11.135674	8.421875	-3.8878248
7.8090701	8.4316406	-3.5991282
13.314286	8.4414063	-3.3052399
8.6063051	8.4511719	-3.009083
7.8116193	8.4609375	-2.7115755
9.6183624	8.4707031	-2.4099634
6.325799	8.4804688	-2.1056883
10.103336	8.4902344	-1.8009059
8.7056417	8.5	-1.4942334
6.0655174	8.5097656	-1.1862292
9.1913157	8.5195313	-0.87689161
2.9279037	8.5292969	-0.56649816
9.562727	8.5390625	-0.25660172
6.3933663	8.5488281	0.055173039
6.1829109	8.5585938	0.36616623
7.876102	8.5683594	0.67537576
2.5248272	8.578125	0.98584294
8.2519016	8.5878906	1.2935877
7.23704	8.5976563	1.6013354
7.6534343	8.6074219	1.9060671
6.2600245	8.6171875	2.2110059
9.0507326	8.6269531	2.5123403
4.543015	8.6367188	2.8105497
9.1856117	8.6464844	3.106627
3.1073811	8.65625	3.4022198
5.4384351	8.6660156	3.6925197
3.1773815	8.6757813	3.9798765
9.2349596	8.6855469	4.2620182
1.7912476	8.6953125	4.5417252
11.046359	8.7050781	4.8164353
1.4633639	8.7148438	5.0868931
8.0471745	8.7246094	5.3523421
-0.11649682	8.734375	5.6135612
9.7621813	8.7441406	5.8674603
1.6792678	8.7539063	6.1172171
16.426907	8.7636719	6.3601971
-1.6361824	8.7734375	6.5981164
7.2587399	8.7832031	6.8289428
-2.0241015	8.7929688	7.0546789
8.3609953	8.8027344	7.2733836
-2.7667615	8.8125	7.4842749
5.1138105	8.8222656	7.6889095
3.3182325	8.8320313	7.8866186
-3.9550824	8.8417969	8.0753222
4.7352281	8.8515625	8.2573433
0.54856062	8.8613281	8.4329691
-3.1383243	8.8710938	8.5981665
5.7184486	8.8808594	8.7579813
-4.7678595	8.890625	8.9076233
2.9000802	8.9003906	9.0510187
0.17506537	8.9101563	9.1851082
1.3526646	8.9199219	9.3099356
1.6071718	8.9296875	9.426074
9.1323986	8.9394531	9.5339432
1.8935069	8.9492188	9.6335526
4.1053281	8.9589844	9.7240429
0.59520829	8.96875	9.804863
1.4258782	8.9785156	9.877986
1.3659475	8.9882813	9.9418898
1.9015279	8.9980469	9.9977064
-1.010159	9.0078125	10.042493
4.1776686	9.0175781	10.077503
-2.1871994	9.0273438	10.104589
2.4553156	9.0371094	10.121459
-2.305687	9.046875	10.12866
-11.405291	9.0566406	10.126184
-22.305222	9.0664063	10.115905
-23.034622	9.0761719	10.094695
-22.756495	9.0859375	10.062056
-20.019409	9.0957031	10.02156
-28.936239	9.1054688	9.9724379
-28.261683	9.1152344	9.9131422
-27.900934	9.125	9.8448534
-29.81769	9.1347656	9.767786
-28.090738	9.1445313	9.677906
-23.992836	9.1542969	9.5797958
-12.976676	9.1640625	9.4720182
-25.726437	9.1738281	9.3565855
-31.284582	9.1835938	9.2323065
-25.279284	9.1933594	9.0977926
-27.440804	9.203125	8.954752
-28.472067	9.2128906	8.8035526
-29.451178	9.2226563	8.644453
-27.598928	9.2324219	8.4753771
-24.888769	9.2421875	8.2986565
-28.454268	9.2519531	8.1166592
-26.764664	9.2617188	7.9258084
-30.022346	9.2714844	7.7266006
-28.898951	9.28125	7.521142
-28.413021	9.2910156	7.3088064
-28.406199	9.3007813	7.0913792
-33.051079	9.3105469	6.8662629
-24.839258	9.3203125	6.6348133
-28.994213	9.3300781	6.3996553
-38.248894	9.3398438	6.1572061
-14.724769	9.3496094	5.908309
-52.72876	9.359375	5.6535902
-10.130962	9.3691406	5.3911819
-47.494377	9.3789063	5.1259623
-14.549843	9.3886719	4.8561187
-44.84494	9.3984375	4.5788722
-14.480214	9.4082031	4.3000741
-37.254395	9.4179688	4.0176497
-22.65589	9.4277344	3.7276955
-26.037544	9.4375	3.4365878
-29.326252	9.4472656	3.1411901
-32.841743	9.4570313	2.8441117
-21.089531	9.4667969	2.5440931
-32.84869	9.4765625	2.2404313
-18.678688	9.4863281	1.9352629
-36.771454	9.4960938	1.630883
-18.087914	9.5058594	1.3211876
-33.716145	9.515625	1.0133147
-18.361385	9.5253906	0.70123076
-47.210171	9.5351563	0.39158314
-13.190042	9.5449219	0.080898404
-40.322239	9.5546875	-0.23042187
-12.680061	9.5644531	-0.5405575
-38.072796	9.5742188	-0.85105228
-20.661158	9.5839844	-1.1619903
-34.907066	9.59375	-1.4684088
-27.279556	9.6035156	-1.7751127
-35.560234	9.6132813	-2.0798893
-7.4417448	9.6230469	-2.3819594
-57.74017	9.6328125	-2.6828237
-9.8800287	9.6425781	-2.9817514
-42.351151	9.6523438	-3.2761476
-10.486588	9.6621094	-3.5688519
-43.919971	9.671875	-3.8549774
-12.878945	9.6816406	-4.1418695
-35.417931	9.6914063	-4.4240007
-17.093494	9.7011719	-4.7005138
-21.980715	9.7109375	-4.9727297
-29.024225	9.7207031	-5.2395873
-12.884626	9.7304688	-5.5031009
-47.151478	9.7402344	-5.7605615
-12.494308	9.75	-6.0133877
-38.336601	9.7597656	-6.2575502
-18.277836	9.7695313	-6.4998255
-27.677753	9.7792969	-6.7348409
-23.149363	9.7890625	-6.9673724
-17.772114	9.7988281	-7.1918836
-31.202961	9.8085938	-7.4075589
-19.080948	9.8183594	-7.6176867
-27.141394	9.828125	-7.8177805
-23.288	9.8378906	-8.0109491
-26.589342	9.8476563	-8.1968498
-18.217485	9.8574219	-8.3752155
-25.740023	9.8671875	-8.5456228
-16.09465	9.8769531	-8.7089605
-27.701736	9.8867188	-8.8605499
-28.594723	9.8964844	-9.0058203
-19.553873	9.90625	-9.144516
-24.926849	9.9160156	-9.2723293
-18.935547	9.9257813	-9.3917227
-25.444525	9.9355469	-9.5037413
-19.417227	9.9453125	-9.6053801
-26.195496	9.9550781	-9.6985464
-19.015163	9.9648438	-9.7835884
-27.013943	9.9746094	-9.8567657
-19.304605	9.984375	-9.9225483
-24.139521	9.9941406	-9.9794073
-18.658909	10.003906	-10.029448
-21.86969	10.013672	-10.068858
-22.360228	10.023438	-10.099434
-18.883497	10.033203	-10.11921
-24.118658	10.042969	-10.130298
-16.677519	10.052734	-10.1313
-3.7633581	10.0625	-10.124006
3.4189782	10.072266	-10.10892
1.8769526	10.082031	-10.081962
6.5871749	10.091797	-10.04522
0.021036249	10.101563	-9.9993658
15.106536	10.111328	-9.9437952
3.690191	10.121094	-9.8784389
13.046479	10.130859	-9.804616
2.6916852	10.140625	-9.7200012
9.2947159	10.150391	-9.6267052
4.8110147	10.160156	-9.5246611
9.2931442	10.169922	-9.411149
10.556425	10.179688	-9.290926
3.8959551	10.189453	-9.1607265
9.2928762	10.199219	-9.021863
4.1129069	10.208984	-8.8741207
10.480091	10.21875	-8.7184057
6.9581671	10.228516	-8.5550985
9.1922112	10.238281	-8.3824825
9.0272522	10.248047	-8.2024794
8.0081406	10.257813	-8.0147047
8.231925	10.267578	-7.8178477
10.479392	10.277344	-7.6160951
8.5391216	10.287109	-7.4054689
11.910149	10.296875	-7.1867642
12.651278	10.306641	-6.962656
6.10851	10.316406	-6.7309523
13.607869	10.326172	-6.4941807
5.6017656	10.335938	-6.2521739
12.531999	10.345703	-6.0039244
6.5429254	10.355469	-5.7480083
13.620634	10.365234	-5.4885216
4.8746004	10.375	-5.2229347
14.793657	10.384766	-4.9536281
3.9943843	10.394531	-4.6781702
13.145583	10.404297	-4.4005489
7.5440736	10.414063	-4.1176262
12.304716	10.423828	-3.8306096
9.0715828	10.433594	-3.5408444
10.674551	10.443359	-3.2465241
4.2738976	10.453125	-2.9500403
12.786443	10.462891	-2.6503861
4.7700248	10.472656	-2.349463
22.704456	10.482422	-2.0453839
-3.6350336	10.492188	-1.7400391
16.178797	10.501953	-1.4323816
-0.12835953	10.511719	-1.1229038
10.915322	10.521484	-0.81508231
4.4605231	10.53125	-0.50340891
7.9326687	10.541016	-0.19473732
4.5297785	10.550781	0.11605918
10.462571	10.560547	0.4267469
3.7256396	10.570313	0.73848367
7.5215821	10.580078	1.0467038
10.281977	10.589844	1.3555839
5.2618794	10.599609	1.6619921
8.4251518	10.609375	1.9673243
5.0723553	10.619141	2.2713006
10.210008	10.628906	2.5711999
4.7636919	10.638672	2.8710916
6.7629271	10.648438	3.1664371
4.64397	10.658203	3.4607337
5.677319	10.667969	3.7510767
8.8406839	10.677734	4.0362611
4.9424825	10.6875	4.3191061
1.8887105	10.697266	4.5972929
6.9049301	10.707031	4.8716784
2.9523623	10.716797	5.1399174
5.5629644	10.726563	5.4052143
18.548563	10.736328	5.6633906
-7.454143	10.746094	5.9181647
16.072811	10.755859	6.1664658
-0.89067036	10.765625	6.4083652
0.45669731	10.775391	6.6454902
8.6652231	10.785156	6.8746147
-2.1896791	10.794922	7.0993347
7.3826289	10.804688	7.3166208
-0.016775448	10.814453	7.5273571
5.512126	10.824219	7.7297506
-0.13449462	10.833984	7.9244361
2.1504121	10.84375	8.1127777
-0.3291876	10.853516	8.2940998
1.0851538	10.863281	8.4667902
2.199749	10.873047	8.6316376
-2.583384	10.882813	8.7889671
3.4625876	10.892578	8.9377508
-2.8715003	10.902344	9.0786648
18.510746	10.912109	9.2106256
-4.3244219	10.921875	9.3339148
6.3068581	10.931641	9.4486952
-1.4320365	10.941406	9.5548916
2.7561677	10.951172	9.6529188
0.33925754	10.960938	9.7412128
1.6514678	10.970703	9.8214846
0.58107543	10.980469	9.891468
0.822905	10.990234	9.9541407
-0.41845489	11	10.006668
0.38038707	11.009766	10.049696
2.3479922	11.019531	10.084416
-2.3989706	11.029297	10.107601
1.6156235	11.039063	10.12294
0.091292895	11.048828	10.128787
-11.270633	11.058594	10.124828
-25.486118	11.068359	10.1132
-26.163914	11.078125	10.088351
-20.339863	11.087891	10.054426
-27.433481	11.097656	10.011893
-25.831955	11.107422	9.9595547
-30.145374	11.117188	9.900445
-28.580008	11.126953	9.8299828
-31.035906	11.136719	9.7490597
-27.921272	11.146484	9.659956
-29.514626	11.15625	9.5589552
-25.316992	11.166016	9.4493408
-26.54402	11.175781	9.3323278
-25.96773	11.185547	9.2051105
-12.623693	11.195313	9.0690775
-35.54353	11.205078	8.9241724
-41.186634	11.214844	8.7713585
-15.979901	11.224609	8.6102962
-37.516071	11.234375	8.4398928
-19.642117	11.244141	8.2634535
-33.394958	11.253906	8.0780144
-23.374241	11.263672	7.8856468
-32.748074	11.273438	7.6839685
-18.310663	11.283203	7.4785681
-34.199131	11.292969	7.2660489
-33.18478	11.302734	7.046586
-18.447021	11.3125	6.8200974
-39.331127	11.322266	6.5880523
-26.006519	11.332031	6.3510151
-30.510128	11.341797	6.1075926
-36.121101	11.351563	5.8569102
-8.6245594	11.361328	5.6012406
-38.750389	11.371094	5.3387938
-18.299919	11.380859	5.0722404
-35.511715	11.390625	4.8013463
-19.909929	11.400391	4.523097
-34.109272	11.410156	4.2419896
-15.792706	11.419922	3.9569244
-39.211929	11.429688	3.669101
-26.055296	11.439453	3.3759475
-32.129627	11.449219	3.0818477
-29.153563	11.458984	2.7835102
-23.238525	11.46875	2.4833202
-31.709715	11.478516	2.1792994
-31.270691	11.488281	1.8734187
-20.97698	11.498047	1.5670791
-34.492764	11.507813	1.2594268
-23.962696	11.517578	0.94982237
-27.223408	11.527344	0.63974559
-29.240978	11.537109	0.32922328
-25.057095	11.546875	0.018183887
-26.286743	11.556641	-0.29264167
-28.599169	11.566406	-0.6023556
-21.367252	11.576172	-0.91328692
-35.01532	11.585938	-1.2225717
-23.473497	11.595703	-1.5315384
-33.715893	11.605469	-1.83663
-24.320848	11.615234	-2.1428831
-30.001066	11.625	-2.4440892
-24.959724	11.634766	-2.7453282
-25.14897	11.644531	-3.0403771
-20.652113	11.654297	-3.3352294
-26.157406	11.664063	-3.6272726
-26.053865	11.673828	-3.9147892
-33.645271	11.683594	-4.1976185
-18.458498	11.693359	-4.4794841
-30.551582	11.703125	-4.754077
-20.560307	11.712891	-5.0270319
-32.579445	11.722656	-5.2922292
-20.612812	11.732422	-5.5540533
-18.796406	11.742188	-5.8107519
-39.401802	11.751953	-6.060606
-17.956051	11.761719	-6.3060374
-30.755577	11.771484	-6.545681
-20.253227	11.78125	-6.781848
-28.144825	11.791016	-7.0115304
-18.334307	11.800781	-7.2353449
-27.151592	11.810547	-7.4504099
-18.310745	11.820313	-7.6579108
-32.556091	11.830078	-7.8564739
-18.484797	11.839844	-8.0489149
-24.76807	11.849609	-8.2334213
-21.156588	11.859375	-8.4093103
-27.355785	11.869141	-8.5767403
-22.558344	11.878906	-8.7392216
-14.616712	11.888672	-8.8896027
-32.300732	11.898438	-9.0329971
-20.028009	11.908203	-9.1705303
-23.551611	11.917969	-9.2965279
-21.386135	11.927734	-9.4158611
-22.244127	11.9375	-9.5227365
-20.84478	11.947266	-9.6254349
-24.418335	11.957031	-9.7160254
-18.936441	11.966797	-9.7989359
-25.9149	11.976563	-9.8719835
-17.371458	11.986328	-9.9366331
-20.856049	11.996094	-9.98944
-21.271769	12.005859	-10.037288
-20.731728	12.015625	-10.076441
-21.800503	12.025391	-10.103659
-22.338192	12.035156	-10.121401
-19.344	12.044922	-10.130754
-14.085287	12.054688	-10.131671
-3.2571144	12.064453	-10.121896
3.1292439	12.074219	-10.103646
2.8131413	12.083984	-10.074969
6.8511467	12.09375	-10.035948
1.8556719	12.103516	-9.98734
14.727848	12.113281	-9.9304724
2.4760375	12.123047	-9.8646727
12.104051	12.132813	-9.7893877
1.2463773	12.142578	-9.7007895
11.805375	12.152344	-9.6061001
3.0116062	12.162109	-9.5023165
11.59968	12.171875	-9.388773
3.7313206	12.181641	-9.2644033
13.254764	12.191406	-9.1337852
0.27762726	12.201172	-8.9923935
16.091396	12.210938	-8.8447905
-1.5558674	12.220703	-8.6849937
14.307356	12.230469	-8.5207615
3.0443537	12.240234	-8.3469143
14.432339	12.25	-8.1646261
5.4976788	12.259766	-7.9753218
12.219965	12.269531	-7.7769756
6.3214216	12.279297	-7.572175
14.761445	12.289063	-7.3621793
6.3657994	12.298828	-7.1428189
11.928974	12.308594	-6.9167533
7.3779492	12.318359	-6.6862288
10.696054	12.328125	-6.4472609
6.3193731	12.337891	-6.2024722
13.328302	12.347656	-5.9527712
7.4711514	12.357422	-5.6965208
11.955621	12.367188	-5.4355035
5.4134636	12.376953	-5.1698527
12.399484	12.386719	-4.8987517
6.5415983	12.396484	-4.6234274
13.284309	12.40625	-4.3432722
12.31425	12.416016	-4.0593958
9.545311	12.425781	-3.772702
10.608462	12.435547	-3.4811459
7.8480692	12.445313	-3.1877942
10.574085	12.455078	-2.8899715
17.136208	12.464844	-2.5910966
0.1867651	12.474609	-2.2876658
13.912213	12.484375	-1.9846134
1.9836006	12.494141	-1.6781762
11.007232	12.503906	-1.3708167
1.0417426	12.513672	-1.0628201
11.39798	12.523438	-0.75189698
3.2593729	12.533203	-0.44275224
10.777859	12.542969	-0.1324147
6.0841327	12.552734	0.17846972
7.0928245	12.5625	0.48904717
7.8035169	12.572266	0.79956502
7.4061332	12.582031	1.1097386
9.2318172	12.591797	1.4169738
5.7654223	12.601563	1.724124
6.471458	12.611328	2.0282195
6.5732746	12.621094	2.3325517
12.67023	12.630859	2.6320219
3.3884542	12.640625	2.9307842
9.6988287	12.650391	3.2266512
3.6950223	12.660156	3.5190628
5.533977	12.669922	3.8078473
7.9319458	12.679688	4.0929823
11.012447	12.689453	4.3741045
-116.49586	12.699219	4.5720801
12.974575	12.708984	4.6455679
-14.191901	12.71875	4.6781316
-16.542316	12.728516	4.6933384
-5.0943112	12.738281	4.6982722
-5.5292621	12.748047	4.6977639
-5.2324729	12.757813	4.6984491
-13.036944	12.767578	4.696557
-7.4910464	12.777344	4.6948314
-15.12228	12.787109	4.6918139
-9.0717449	12.796875	4.6907263
-8.4145231	12.806641	4.6896906
-12.446486	12.816406	4.6890736
-9.7929268	12.826172	4.688096
-13.134851	12.835938	4.6879606
-9.4010143	12.845703	4.686728
-8.4684811	12.855469	4.6864285
-13.094908	12.865234	4.6861901
-12.110057	12.875	4.6844883
-14.976773	12.884766	4.6840758
-10.778755	12.894531	4.6825037
-9.1392078	12.904297	4.6821342
-11.254743	12.914063	4.68152
-12.311468	12.923828	4.6798363
-14.249457	12.933594	4.6807141
-12.698141	12.943359	4.6792359
-11.65244	12.953125	4.6792927
-13.287854	12.962891	4.67802
-12.136612	12.972656	4.6784682
-14.004193	12.982422	4.676105
-12.222154	12.992188	4.6757774
-11.680472	13.001953	4.6752543
-13.464212	13.011719	4.6751919
-13.16939	13.021484	4.6740575
-15.296973	13.03125	4.674983
-12.983883	13.041016	4.6737151
-11.856877	13.050781	4.6724958
-11.529831	13.060547	4.6718507
-14.513521	13.070313	4.6716633
-16.115967	13.080078	4.6708555
-14.37146	13.089844	4.6703353
-13.340974	13.099609	4.6690969
-13.566797	13.109375	4.6696382
-13.958534	13.119141	4.6672583
-15.480467	13.128906	4.667315
-14.996272	13.138672	4.6671572
-13.636483	13.148438	4.6666131
-14.084054	13.158203	4.6655951
-14.313647	13.167969	4.6655836
-16.140554	13.177734	4.6649456
-15.142071	13.1875	4.6642857
