MTS793|MPT|ENU|1|2|.|/|:|1|0|0|A

Data Acquisition						Time:	29.121094	s	4/10/2018 12:43:35 PM
Axial Force	Running Time	Axial Displacement
N	s	mm
-5.1338692	0.012695313	0.00081211329
-5.0062661	0.022460938	0.00014603138
-6.0186257	0.032226563	0.00075250864
-5.2942662	0.041992188	0.00081062317
-5.4760604	0.051757813	0.00048130751
-5.6484017	0.061523438	0.00064074993
-5.491497	0.071289063	0.00073611736
-3.3609335	0.081054688	6.5565109e-05
-2.338388	0.090820313	0.0011086464
0.51518434	0.10058594	0.00060200691
3.2227488	0.11035156	0.0025346875
5.3275375	0.12011719	0.0036492944
5.2826247	0.12988281	0.0029161572
7.5753779	0.13964844	0.0035643578
5.9974728	0.14941406	0.0044852495
5.64151	0.15917969	0.0065132976
6.6502018	0.16894531	0.0073030591
6.4605846	0.17871094	0.0073894858
5.6701946	0.18847656	0.0097215176
4.9321795	0.19824219	0.011262298
5.7516737	0.20800781	0.012785196
6.3030167	0.21777344	0.014227629
6.3522019	0.22753906	0.01642108
4.5211287	0.23730469	0.018016994
6.5683036	0.24707031	0.019076467
3.7876191	0.25683594	0.021849573
5.1095266	0.26660156	0.023876131
4.0758982	0.27636719	0.026452541
5.3246737	0.28613281	0.028577447
4.4543061	0.29589844	0.030465424
5.6724181	0.30566406	0.033473969
5.1563373	0.31542969	0.03670007
6.2391162	0.32519531	0.038975477
4.6709318	0.33496094	0.040796399
4.5320487	0.34472656	0.043831766
5.9243989	0.35449219	0.045703351
5.4138827	0.36425781	0.049485266
6.5829606	0.37402344	0.053085387
5.2636023	0.38378906	0.056315958
6.0263324	0.39355469	0.060129166
5.5520911	0.40332031	0.063127279
6.8307972	0.41308594	0.066526234
6.0786028	0.42285156	0.070035458
5.8267612	0.43261719	0.073559582
4.2894855	0.44238281	0.077743828
7.3550968	0.45214844	0.081828237
3.7649415	0.46191406	0.085072219
6.4763823	0.47167969	0.088971853
4.0199723	0.48144531	0.094349682
7.4001846	0.49121094	0.098130107
5.3093071	0.50097656	0.10255575
3.6774902	0.51074219	0.10688901
6.7454414	0.52050781	0.11083633
4.5343652	0.53027344	0.11647791
5.6475515	0.54003906	0.12047142
2.8409412	0.54980469	0.12583882
6.7577929	0.55957031	0.12999326
3.9535692	0.56933594	0.13545454
6.2822247	0.57910156	0.14065653
3.9797044	0.58886719	0.14528781
5.6014514	0.59863281	0.15072525
4.852726	0.60839844	0.15713573
5.4439297	0.61816406	0.16070008
4.9032502	0.62792969	0.16713887
5.2338581	0.63769531	0.17321855
6.0613499	0.64746094	0.17863065
6.1278234	0.65722656	0.18438101
3.638782	0.66699219	0.19081831
5.7400904	0.67675781	0.19602925
4.2327681	0.68652344	0.20283312
5.7781234	0.69628906	0.20896643
4.5792665	0.70605469	0.21489263
3.7234974	0.71582031	0.22084862
3.3121672	0.72558594	0.22747964
4.1086226	0.73535156	0.2335757
4.1385994	0.74511719	0.24167895
3.7774792	0.75488281	0.24828762
4.3682985	0.76464844	0.25469065
3.8135448	0.77441406	0.2612412
3.2494426	0.78417969	0.26776791
2.7027097	0.79394531	0.27516186
3.1909673	0.80371094	0.2831921
3.943604	0.81347656	0.28939396
2.030097	0.82324219	0.29797852
2.8907671	0.83300781	0.30469
3.1958451	0.84277344	0.311324
2.1571991	0.85253906	0.31880438
3.222574	0.86230469	0.32543391
1.7034006	0.87207031	0.33271909
2.363394	0.88183594	0.34144968
3.0757627	0.89160156	0.3492862
0.55924755	0.90136719	0.35725385
3.2901065	0.91113281	0.36590248
0.7390976	0.92089844	0.3733933
2.6467721	0.93066406	0.38197786
1.3078563	0.94042969	0.38973093
1.6226549	0.95019531	0.3985256
0.34221447	0.95996094	0.40690601
2.919219	0.96972656	0.41530728
1.5001861	0.97949219	0.42454302
0.12223609	0.98925781	0.43361783
1.8559629	0.99902344	0.44154525
0.12269011	1.0087891	0.45032054
3.6487823	1.0185547	0.45855641
-1.6193954	1.0283203	0.46824068
1.2861798	1.0380859	0.47731698
0.3673951	1.0478516	0.48621446
1.1468306	1.0576172	0.49592853
0.24760374	1.0673828	0.5051747
1.0979012	1.0771484	0.5145818
1.55475	1.0869141	0.52337795
-1.090276	1.0966797	0.53379983
1.5230966	1.1064453	0.54353625
0.43772161	1.1162109	0.55326074
0.6326707	1.1259766	0.56271702
1.3001729	1.1357422	0.57208091
1.7293496	1.1455078	0.58216155
1.0070391	1.1552734	0.5924359
0.3705616	1.1650391	0.60295016
1.4338176	1.1748047	0.61195046
1.4153076	1.1845703	0.62134266
0.69019151	1.1943359	0.63340217
0.75531423	1.2041016	0.64262301
0.79115856	1.2138672	0.65273792
1.2765754	1.2236328	0.66368878
0.21352899	1.2333984	0.67477077
1.4660414	1.2431641	0.68516135
1.1412078	1.2529297	0.69520622
0.69017988	1.2626953	0.70590526
2.0518782	1.2724609	0.71731508
0.73405683	1.2822266	0.72762221
3.2951705	1.2919922	0.73964596
1.0723015	1.3017578	0.75024664
2.4862587	1.3115234	0.76158941
2.1437881	1.3212891	0.77128708
0.75009882	1.3310547	0.78226626
1.5598606	1.3408203	0.79404563
1.1958764	1.3505859	0.80528408
1.6636797	1.3603516	0.81739873
1.1984957	1.3701172	0.82903504
1.5989295	1.3798828	0.8398965
1.6220613	1.3896484	0.85219145
-0.0078929588	1.3994141	0.86279064
3.1642151	1.4091797	0.87403506
0.36931598	1.4189453	0.88742077
1.9289204	1.4287109	0.89855492
1.3418845	1.4384766	0.91149211
2.072798	1.4482422	0.92221051
1.0417309	1.4580078	0.93472749
2.8637354	1.4677734	0.94640106
-0.34885016	1.4775391	0.95840991
3.0420604	1.4873047	0.97044259
0.90725952	1.4970703	0.98244995
1.6321312	1.5068359	0.99502206
1.2502656	1.5166016	1.0068104
1.9616214	1.5263672	1.01915
1.4945632	1.5361328	1.0319471
1.2608827	1.5458984	1.045625
3.8460596	1.5556641	1.0572507
1.4434801	1.5654297	1.0700315
2.4667475	1.5751953	1.0825992
2.1034153	1.5849609	1.0945708
1.8846593	1.5947266	1.1084571
2.1337764	1.6044922	1.1214525
2.7239323	1.6142578	1.1350737
1.5685102	1.6240234	1.1466712
1.972518	1.6337891	1.1590868
2.0332286	1.6435547	1.1726052
1.7989194	1.6533203	1.1854678
1.4656223	1.6630859	1.1982262
2.9159243	1.6728516	1.2130036
2.9298477	1.6826172	1.2258067
2.7446542	1.6923828	1.2379363
2.254895	1.7021484	1.2517645
3.8891332	1.7119141	1.2657136
4.1863999	1.7216797	1.2786269
4.9900146	1.7314453	1.292701
5.3619967	1.7412109	1.3052211
5.1210051	1.7509766	1.318863
6.83706	1.7607422	1.3327792
4.6353321	1.7705078	1.3471007
5.575386	1.7802734	1.360634
5.3501921	1.7900391	1.3743117
4.1231513	1.7998047	1.3875439
6.6384788	1.8095703	1.4016807
2.4254782	1.8193359	1.4160633
3.3262069	1.8291016	1.4299721
3.6302953	1.8388672	1.4424175
1.9589672	1.8486328	1.4572889
5.10955	1.8583984	1.4720082
2.101052	1.8681641	1.4858589
4.0056067	1.8779297	1.4988333
2.8534791	1.8876953	1.5137881
3.3870804	1.8974609	1.5277326
1.4099874	1.9072266	1.5410006
3.6723795	1.9169922	1.5561149
2.5546062	1.9267578	1.5706033
3.0637486	1.9365234	1.5843153
2.6286347	1.9462891	1.5982375
2.2075953	1.9560547	1.6134694
2.3933709	1.9658203	1.6272187
2.7123141	1.9755859	1.642549
1.4359365	1.9853516	1.6571581
1.6918639	1.9951172	1.6724914
2.8182287	2.0048828	1.6853601
1.0200893	2.0146484	1.7006993
3.5785837	2.0244141	1.7144829
0.0084633939	2.0341797	1.7299563
3.9050238	2.0439453	1.7440066
2.1055923	2.0537109	1.7597497
2.0994689	2.0634766	1.7734349
1.9054278	2.0732422	1.7887905
3.9053383	2.0830078	1.8029883
1.1722208	2.0927734	1.8176138
1.6416306	2.1025391	1.8329933
2.7620699	2.1123047	1.8478646
2.3991802	2.1220703	1.8626511
3.5769305	2.1318359	1.8769159
1.8696067	2.1416016	1.8927038
2.5036979	2.1513672	1.9067004
1.0666671	2.1611328	1.9235909
3.2259269	2.1708984	1.9383162
0.091665424	2.1806641	1.9533008
2.5066197	2.1904297	1.9686878
1.1615572	2.2001953	1.9837334
2.3014145	2.2099609	1.9988745
2.1008077	2.2197266	2.0128012
2.1527522	2.2294922	2.0283387
1.638697	2.2392578	2.0436838
2.4260721	2.2490234	2.0582705
2.3186789	2.2587891	2.0742087
0.02492452	2.2685547	2.089879
2.2186198	2.2783203	2.1046758
1.3962854	2.2880859	2.119699
1.5908619	2.2978516	2.1347075
1.0311836	2.3076172	2.1501646
1.2336532	2.3173828	2.1656394
1.5498605	2.3271484	2.1810279
1.0227668	2.3369141	2.1962852
2.2714958	2.3466797	2.2116497
1.5195692	2.3564453	2.22715
2.4479115	2.3662109	2.2424965
2.6299269	2.3759766	2.2561402
0.22705644	2.3857422	2.2735178
3.1838543	2.3955078	2.288048
-0.41302991	2.4052734	2.3029475
2.7686241	2.4150391	2.318783
-0.30355296	2.4248047	2.3340135
3.4114113	2.4345703	2.3489966
-0.40800077	2.4443359	2.3662777
2.2263615	2.4541016	2.3799987
1.796207	2.4638672	2.3955703
1.8959167	2.4736328	2.4113388
2.4811132	2.4833984	2.4260192
0.18603168	2.4931641	2.4415209
2.8586016	2.5029297	2.457109
1.2114412	2.5126953	2.4724767
1.9308761	2.5224609	2.488111
1.1933153	2.5322266	2.5046766
2.7112896	2.5419922	2.5197268
1.7368468	2.5517578	2.5348039
1.6824226	2.5615234	2.5499537
2.9524789	2.5712891	2.5646732
0.14689285	2.5810547	2.5808797
2.2433815	2.5908203	2.595289
1.2879144	2.6005859	2.6107326
2.9943883	2.6103516	2.6261911
2.0317385	2.6201172	2.6419759
1.8418068	2.6298828	2.6578174
1.0706834	2.6396484	2.6726842
2.6019871	2.6494141	2.6883171
-0.17212005	2.6591797	2.7036457
3.2452285	2.6689453	2.72035
2.4866314	2.6787109	2.7341678
1.7409562	2.6884766	2.7491541
1.323258	2.6982422	2.7659283
2.94575	2.7080078	2.7797892
0.74898124	2.7177734	2.7954056
3.4301775	2.7275391	2.8119192
3.0923285	2.7373047	2.8266339
2.6269233	2.7470703	2.8413131
1.8458813	2.7568359	2.8563426
2.0225883	2.7666016	2.8721988
2.2152789	2.7763672	2.8866887
2.8314302	2.7861328	2.9031708
3.0340044	2.7958984	2.917099
3.7994585	2.8056641	2.9333427
3.5635195	2.8154297	2.9478862
4.273129	2.8251953	2.9628515
3.3377321	2.8349609	2.9790089
4.8533664	2.8447266	2.993928
4.3642941	2.8544922	3.0084803
1.0717078	2.8642578	3.0243263
5.6178775	2.8740234	3.0386746
2.8499286	2.8837891	3.0537381
4.5708146	2.8935547	3.0688584
2.6204391	2.9033203	3.0840621
2.5607879	2.9130859	3.0976787
3.9261184	2.9228516	3.113611
1.5728757	2.9326172	3.1285465
2.52811	2.9423828	3.1425447
1.9938918	2.9521484	3.1591563
3.9802632	2.9619141	3.1741037
0.48737276	2.9716797	3.1886175
4.0640354	2.9814453	3.2025814
1.4153892	2.9912109	3.2175839
2.9935617	3.0009766	3.2325654
3.8848608	3.0107422	3.2468259
1.2806966	3.0205078	3.2622025
2.642977	3.0302734	3.2762289
1.541851	3.0400391	3.2914891
2.3951404	3.0498047	3.3061578
1.578324	3.0595703	3.3203423
2.1792831	3.0693359	3.3344374
2.4042442	3.0791016	3.3499181
1.527404	3.0888672	3.3641055
1.1824071	3.0986328	3.3788056
1.3906509	3.1083984	3.3940361
1.002266	3.1181641	3.4077599
2.0442762	3.1279297	3.4214587
2.1580839	3.1376953	3.4351082
0.92207921	3.1474609	3.4500434
2.2097607	3.1572266	3.4633472
1.9206432	3.1669922	3.478986
0.51383394	3.1767578	3.4940004
3.8158731	3.1865234	3.5074353
1.0034884	3.1962891	3.5209849
3.1833072	3.2060547	3.535059
0.6672228	3.2158203	3.5502269
2.7528615	3.2255859	3.5629883
1.4288118	3.2353516	3.5775378
2.3989007	3.2451172	3.5909891
0.87603694	3.2548828	3.6050425
3.5067904	3.2646484	3.6187112
0.73349804	3.2744141	3.6329343
3.3363235	3.2841797	3.6468029
0.38524157	3.2939453	3.6601856
1.8884312	3.3037109	3.6740198
1.4717457	3.3134766	3.6869898
2.3828471	3.3232422	3.7006021
1.6639242	3.3330078	3.7149489
2.1639979	3.3427734	3.7274809
2.967962	3.3525391	3.740993
3.0810711	3.3623047	3.7551463
2.7731409	3.3720703	3.7688613
0.52328688	3.3818359	3.7814112
4.2226982	3.3916016	3.794363
0.82661861	3.4013672	3.80757
3.0879629	3.4111328	3.822197
0.043935142	3.4208984	3.8343952
3.6620884	3.4306641	3.847693
1.1281576	3.4404297	3.8600028
1.9922386	3.4501953	3.8728595
2.9464602	3.4599609	3.886178
3.4543104	3.4697266	3.8999796
2.0681181	3.4794922	3.910701
1.7653452	3.4892578	3.9239974
1.5452387	3.4990234	3.9365544
2.5692163	3.5087891	3.9495275
0.61220491	3.5185547	3.9618685
2.0884326	3.5283203	3.9745748
2.3414962	3.5380859	3.9866402
2.4790294	3.5478516	3.9990439
2.0951033	3.5576172	4.0118589
2.5483897	3.5673828	4.0239468
1.3298705	3.5771484	4.0364966
2.1135783	3.5869141	4.0477633
1.3219426	3.5966797	4.0599031
2.2238238	3.6064453	4.0723562
1.9556144	3.6162109	4.0841894
2.1580141	3.6259766	4.0969296
2.9650168	3.6357422	4.1086912
1.8256251	3.6455078	4.1211424
2.906553	3.6552734	4.1324673
1.0147225	3.6650391	4.1438489
3.7287595	3.6748047	4.1559501
2.3970497	3.6845703	4.1669354
2.5013113	3.6943359	4.1791692
1.6228412	3.7041016	4.1906385
1.5505939	3.7138672	4.2011142
3.0147843	3.7236328	4.2118759
2.1901214	3.7333984	4.2242661
2.697145	3.7431641	4.235415
2.2134743	3.7529297	4.2465091
3.1304312	3.7626953	4.2571635
2.8816633	3.7724609	4.2684779
2.890022	3.7822266	4.2798595
5.089026	3.7919922	4.2906852
2.6861672	3.8017578	4.3018384
4.7382083	3.8115234	4.312396
5.0631466	3.8212891	4.3219595
4.4180079	3.8310547	4.3322906
5.178165	3.8408203	4.343164
5.1701207	3.8505859	4.3540688
5.9905348	3.8603516	4.3646483
4.1260619	3.8701172	4.3753414
5.0665927	3.8798828	4.3849616
6.000721	3.8896484	4.3960915
3.6853366	3.8994141	4.4058876
5.1520882	3.9091797	4.4160738
5.512929	3.9189453	4.425065
3.1698844	3.9287109	4.4355631
3.9488194	3.9384766	4.4450626
3.3205376	3.9482422	4.4542923
4.4983463	3.9580078	4.4649839
2.0434382	3.9677734	4.4745164
4.2921982	3.9775391	4.4833317
2.1197367	3.9873047	4.4928699
4.5484748	3.9970703	4.5022907
0.91068214	4.0068359	4.5115547
3.5919249	4.0166016	4.5213966
1.8902938	4.0263672	4.530014
3.6657205	4.0361328	4.5395389
1.2852718	4.0458984	4.5493231
3.3153803	4.0556641	4.5578823
2.3050582	4.0654297	4.5663414
2.0351958	4.0751953	4.5748291
3.0534923	4.0849609	4.5833335
1.5306985	4.0947266	4.5923276
5.012157	4.1044922	4.6011267
1.2868317	4.1142578	4.6083646
3.1203964	4.1240234	4.6177402
1.556403	4.1337891	4.6252608
2.9788353	4.1435547	4.6340227
3.5593054	4.1533203	4.6407804
1.6019679	4.1630859	4.6495662
3.6039855	4.1728516	4.6579452
1.0111952	4.1826172	4.6649261
3.4942758	4.1923828	4.6725855
2.3953383	4.2021484	4.6803684
2.170296	4.2119141	4.6877861
1.6697916	4.2216797	4.6956077
3.9918466	4.2314453	4.7029643
1.5813042	4.2412109	4.7109575
2.1432409	4.2509766	4.7178044
4.4410119	4.2607422	4.7253757
1.1031283	4.2705078	4.7330899
4.3402424	4.2802734	4.7393665
0.64583731	4.2900391	4.7469034
3.66593	4.2998047	4.7539291
2.3844187	4.3095703	4.7608123
2.4308684	4.3193359	4.767756
1.4398247	4.3291016	4.7739549
1.3707206	4.3388672	4.7805605
2.7694855	4.3486328	4.7862234
2.0604696	4.3583984	4.7930198
1.6220496	4.3681641	4.7982602
2.3589585	4.3779297	4.8045382
2.3635454	4.3876953	4.8110261
0.6591785	4.3974609	4.8173189
3.8876431	4.4072266	4.8230515
1.1906959	4.4169922	4.8285918
2.8666224	4.4267578	4.8343701
2.7641537	4.4365234	4.8389659
1.8316321	4.4462891	4.8463507
3.2381039	4.4560547	4.8517213
0.93163687	4.4658203	4.8568277
2.941175	4.4755859	4.8617797
2.4234643	4.4853516	4.8679395
1.5305471	4.4951172	4.8733144
2.9609072	4.5048828	4.8784509
1.0942575	4.5146484	4.8832865
3.5000384	4.5244141	4.8873844
2.3337779	4.5341797	4.8919039
1.9830302	4.5439453	4.8972473
4.3428268	4.5537109	4.9022732
2.2043009	4.5634766	4.9058824
2.4927897	4.5732422	4.9102931
3.1068106	4.5830078	4.9156995
3.7947438	4.5927734	4.9193769
1.4939229	4.6025391	4.9236684
3.5476172	4.6123047	4.9281149
4.1419525	4.6220703	4.9316168
3.1233182	4.6318359	4.9348536
2.2701802	4.6416016	4.9392433
4.8885469	4.6513672	4.9433842
1.6143197	4.6611328	4.9467235
2.5092509	4.6708984	4.9501462
3.1436677	4.6806641	4.9525919
2.1023326	4.6904297	4.9563751
3.2731564	4.7001953	4.9603343
2.6305206	4.7099609	4.9639225
3.663625	4.7197266	4.9659715
2.486445	4.7294922	4.9687967
3.6523793	4.7392578	4.9720345
3.1216187	4.7490234	4.9750133
4.1733727	4.7587891	4.977973
2.1906104	4.7685547	4.9798102
3.5795033	4.7783203	4.982935
3.8085506	4.7880859	4.9853683
3.5992475	4.7978516	4.9869208
3.5856035	4.8076172	4.9900489
1.5136321	4.8173828	4.9918232
4.5971828	4.8271484	4.994729
2.7830014	4.8369141	4.996428
5.149457	4.8466797	4.9975452
0.95156717	4.8564453	4.9998074
4.4104528	4.8662109	5.0011544
3.973546	4.8759766	5.0028009
1.5359721	4.8857422	5.0048294
3.5149279	4.8955078	5.0062671
2.4345005	4.9052734	5.006772
4.8861022	4.9150391	5.0076289
2.4696579	4.9248047	5.0088167
3.1934121	4.9345703	5.0098152
4.4539104	4.9443359	5.0110536
3.2730634	4.9541016	5.0112681
3.4007826	4.9638672	5.0124631
3.2585697	4.9736328	5.0126495
3.3052056	4.9833984	5.0132694
3.6579092	4.9931641	5.0131397
2.1786544	5.0029297	5.0136032
4.1250372	5.0126953	5.0144868
1.91828	5.0224609	5.0143061
3.3451245	5.0322266	5.0147386
2.3047557	5.0419922	5.0148067
1.1450727	5.0517578	5.0136223
-1.48447	5.0615234	5.0145059
-5.01232	5.0712891	5.0139904
-7.0920448	5.0810547	5.0127029
-10.187726	5.0908203	5.0115542
-11.481893	5.1005859	5.0110011
-11.098408	5.1103516	5.0103426
-11.683418	5.1201172	5.0090117
-14.024554	5.1298828	5.0075965
-14.014612	5.1396484	5.0047011
-14.207011	5.1494141	5.0032048
-15.164609	5.1591797	5.0006208
-16.244129	5.1689453	4.998395
-14.399959	5.1787109	4.9955606
-16.946661	5.1884766	4.9936814
-15.034398	5.1982422	4.9895926
-15.867909	5.2080078	4.9862919
-15.527406	5.2177734	4.9829645
-15.000917	5.2275391	4.9791694
-15.051814	5.2373047	4.9763055
-15.039008	5.2470703	4.9718232
-15.113793	5.2568359	4.9684405
-13.847719	5.2666016	4.9626336
-15.191071	5.2763672	4.9586134
-14.894933	5.2861328	4.9537988
-13.907661	5.2958984	4.9484568
-13.623445	5.3056641	4.9427762
-12.880494	5.3154297	4.9386067
-16.140902	5.3251953	4.9333229
-14.612381	5.3349609	4.9281282
-15.187601	5.3447266	4.9216061
-15.4985	5.3544922	4.9159584
-16.128666	5.3642578	4.9092965
-16.64987	5.3740234	4.9024763
-16.266748	5.3837891	4.8969507
-17.427944	5.3935547	4.8898878
-19.72965	5.4033203	4.8825235
-17.662884	5.4130859	4.8755703
-20.730158	5.4228516	4.8669219
-18.81119	5.4326172	4.8594327
-19.083858	5.4423828	4.8523321
-19.683817	5.4521484	4.8430386
-21.626171	5.4619141	4.8369632
-20.376987	5.4716797	4.8289733
-21.589605	5.4814453	4.8198447
-22.776751	5.4912109	4.8118038
-22.274908	5.5009766	4.803051
-21.876453	5.5107422	4.7942119
-21.596661	5.5205078	4.7848582
-22.477749	5.5302734	4.7738791
-21.972868	5.5400391	4.7648535
-21.00845	5.5498047	4.7547445
-22.117153	5.5595703	4.7448635
-21.102873	5.5693359	4.7358541
-21.76757	5.5791016	4.7248764
-20.237127	5.5888672	4.7148614
-21.96125	5.5986328	4.7042608
-20.736198	5.6083984	4.6930313
-22.666063	5.6181641	4.6826067
-20.330177	5.6279297	4.6709733
-21.356054	5.6376953	4.6595244
-20.84244	5.6474609	4.6489282
-20.57955	5.6572266	4.6363993
-20.228025	5.6669922	4.6235547
-21.389452	5.6767578	4.6124773
-20.742159	5.6865234	4.5997934
-19.774353	5.6962891	4.5876517
-20.745117	5.7060547	4.5744104
-19.58704	5.7158203	4.5632272
-21.069357	5.7255859	4.5494738
-19.96525	5.7353516	4.5367508
-20.041269	5.7451172	4.523447
-20.289722	5.7548828	4.5103178
-19.95426	5.7646484	4.4969931
-19.891302	5.7744141	4.4830174
-19.028503	5.7841797	4.4693666
-20.987692	5.7939453	4.4558568
-19.279762	5.8037109	4.4414015
-19.582432	5.8134766	4.426816
-20.166357	5.8232422	4.4124527
-19.653271	5.8330078	4.3963761
-18.964638	5.8427734	4.3829365
-19.675354	5.8525391	4.3673515
-18.715242	5.8623047	4.3524594
-18.795952	5.8720703	4.3359594
-18.30397	5.8818359	4.3219166
-19.066187	5.8916016	4.3055682
-18.740002	5.9013672	4.2891321
-17.843117	5.9111328	4.2734342
-19.754946	5.9208984	4.2570086
-18.826149	5.9306641	4.2404547
-19.900419	5.9404297	4.2247386
-19.577261	5.9501953	4.2069092
-22.52803	5.9599609	4.1904941
-20.151352	5.9697266	4.1743965
-21.070126	5.9794922	4.1563511
-21.373703	5.9892578	4.1394114
-20.397537	5.9990234	4.1226597
-22.50655	6.0087891	4.104434
-21.781807	6.0185547	4.0862651
-23.600237	6.0283203	4.0688844
-23.243576	6.0380859	4.0509539
-21.575474	6.0478516	4.0323734
-24.403467	6.0576172	4.014626
-22.5432	6.0673828	3.9952099
-22.883772	6.0771484	3.9765983
-21.225657	6.0869141	3.9577217
-24.203863	6.0966797	3.9396868
-21.599642	6.1064453	3.9197028
-23.89769	6.1162109	3.9009645
-22.098364	6.1259766	3.8823173
-22.094103	6.1357422	3.8619921
-20.929031	6.1455078	3.8427114
-21.393877	6.1552734	3.8223534
-21.019846	6.1650391	3.8017108
-21.856081	6.1748047	3.7825494
-20.862162	6.1845703	3.7614524
-22.482685	6.1943359	3.7413211
-20.642019	6.2041016	3.7212105
-22.956707	6.2138672	3.6996305
-19.786739	6.2236328	3.6788807
-21.058775	6.2333984	3.6570787
-22.750673	6.2431641	3.6366985
-20.048012	6.2529297	3.61484
-21.882961	6.2626953	3.5939052
-21.663832	6.2724609	3.5726011
-21.142046	6.2822266	3.5509632
-22.086105	6.2919922	3.529705
-19.979652	6.3017578	3.507194
-22.143778	6.3115234	3.4855485
-20.491669	6.3212891	3.4628181
-22.74058	6.3310547	3.4401865
-21.922367	6.3408203	3.4184515
-21.713728	6.3505859	3.3949599
-21.484751	6.3603516	3.3720627
-22.057236	6.3701172	3.3499122
-21.723518	6.3798828	3.3266351
-22.138805	6.3896484	3.303483
-21.013781	6.3994141	3.27985
-22.010029	6.4091797	3.2575755
-20.972721	6.4189453	3.2329307
-21.181023	6.4287109	3.2082291
-21.72431	6.4384766	3.184679
-21.520805	6.4482422	3.1609416
-21.717093	6.4580078	3.1367927
-20.574883	6.4677734	3.1131639
-20.69705	6.4775391	3.0888989
-21.335739	6.4873047	3.065063
-20.247849	6.4970703	3.0405073
-20.681566	6.5068359	3.015311
-18.920027	6.5166016	2.99073
-20.88229	6.5263672	2.9640942
-19.282858	6.5361328	2.9404297
-19.60965	6.5458984	2.9157519
-19.454025	6.5556641	2.8905437
-19.660034	6.5654297	2.8644562
-20.282785	6.5751953	2.8396101
-19.926868	6.5849609	2.8145761
-19.704248	6.5947266	2.7888463
-18.49474	6.6044922	2.7630315
-18.87941	6.6142578	2.7383909
-20.444136	6.6240234	2.7118042
-18.850737	6.6337891	2.6854277
-20.252739	6.6435547	2.6590631
-19.070578	6.6533203	2.6333437
-20.329468	6.6630859	2.6075511
-20.980892	6.6728516	2.5809674
-20.453812	6.6826172	2.5534124
-20.890347	6.6923828	2.5275126
-19.575155	6.7021484	2.5015116
-19.964354	6.7119141	2.4746509
-21.305494	6.7216797	2.4463356
-20.454195	6.7314453	2.4204388
-21.177925	6.7412109	2.3925753
-21.793589	6.7509766	2.3661211
-21.582247	6.7607422	2.338995
-21.43532	6.7705078	2.312243
-20.860113	6.7802734	2.2833915
-22.436726	6.7900391	2.2572472
-20.580448	6.7998047	2.2302418
-20.589329	6.8095703	2.2010028
-20.574209	6.8193359	2.1731229
-21.990948	6.8291016	2.1459579
-20.463787	6.8388672	2.1185815
-19.161264	6.8486328	2.0902231
-21.957026	6.8583984	2.0620718
-21.26553	6.8681641	2.0347641
-20.199594	6.8779297	2.0060971
-22.322475	6.8876953	1.9782722
-19.358866	6.8974609	1.949358
-23.130188	6.9072266	1.9215033
-20.254414	6.9169922	1.8927485
-22.761652	6.9267578	1.8647239
-19.766588	6.9365234	1.8343329
-21.827209	6.9462891	1.806675
-21.225412	6.9560547	1.7780886
-21.240383	6.9658203	1.7490759
-20.65613	6.9755859	1.7200007
-20.244402	6.9853516	1.6903758
-20.311237	6.9951172	1.661709
-21.370501	7.0048828	1.632066
-20.142727	7.0146484	1.6028419
-20.541449	7.0244141	1.5731633
-21.006353	7.0341797	1.5430242
-21.181885	7.0439453	1.5156537
-20.73896	7.0537109	1.4854298
-19.993855	7.0634766	1.4568522
-21.366392	7.0732422	1.4265671
-19.946426	7.0830078	1.3970703
-20.792278	7.0927734	1.3678312
-19.902666	7.1025391	1.3379097
-20.22551	7.1123047	1.3090819
-19.634445	7.1220703	1.2784213
-21.055351	7.1318359	1.2488395
-20.124914	7.1416016	1.2180939
-19.309635	7.1513672	1.1895597
-19.816811	7.1611328	1.1585579
-18.78104	7.1708984	1.1296332
-19.155069	7.1806641	1.0995209
-19.437458	7.1904297	1.0685027
-18.898945	7.2001953	1.0389075
-20.15134	7.2099609	1.008527
-19.748602	7.2197266	0.97808093
-22.191099	7.2294922	0.94891191
-20.530109	7.2392578	0.91835707
-19.767357	7.2490234	0.88724792
-21.18767	7.2587891	0.85646063
-21.843788	7.2685547	0.82620829
-21.805277	7.2783203	0.79532117
-20.669855	7.2880859	0.76473802
-22.516085	7.2978516	0.73362291
-21.795637	7.3076172	0.70450902
-21.122967	7.3173828	0.67424029
-21.386101	7.3271484	0.64371973
-20.848888	7.3369141	0.61332434
-21.250593	7.3466797	0.58348179
-20.965422	7.3564453	0.55246502
-19.448355	7.3662109	0.52156895
-21.206495	7.3759766	0.49162358
-22.686283	7.3857422	0.46085864
-21.420815	7.3955078	0.42976588
-20.7467	7.4052734	0.3982842
-21.724741	7.4150391	0.36765933
-21.11994	7.4248047	0.33767819
-22.879883	7.4345703	0.30537546
-21.093641	7.4443359	0.27659535
-21.256971	7.4541016	0.24495274
-22.676495	7.4638672	0.2143085
-21.6241	7.4736328	0.18346161
-21.004734	7.4833984	0.15224516
-22.544361	7.4931641	0.1218453
-20.198442	7.5029297	0.090831518
-24.042057	7.5126953	0.059790909
-19.83206	7.5224609	0.029319525
-22.164604	7.5322266	-0.0012665987
-21.750004	7.5419922	-0.032262504
-22.500149	7.5517578	-0.0626266
-23.199024	7.5615234	-0.09290427
-21.00683	7.5712891	-0.12548566
-23.184437	7.5810547	-0.1558736
-23.000397	7.5908203	-0.18614456
-23.54274	7.6005859	-0.21696165
-23.424976	7.6103516	-0.24920031
-23.535582	7.6201172	-0.27872697
-23.547596	7.6298828	-0.30999035
-23.313311	7.6396484	-0.34044087
-23.334997	7.6494141	-0.37086383
-24.324261	7.6591797	-0.4024826
-23.503286	7.6689453	-0.43356717
-24.757383	7.6787109	-0.46499595
-25.694084	7.6884766	-0.49463138
-26.290003	7.6982422	-0.52549541
-26.640238	7.7080078	-0.5567677
-25.60095	7.7177734	-0.58674741
-26.238628	7.7275391	-0.61826038
-27.003511	7.7373047	-0.64894706
-31.005301	7.7470703	-0.67907643
-27.771645	7.7568359	-0.70980787
-29.323612	7.7666016	-0.73971677
-28.222368	7.7763672	-0.7702142
-29.087753	7.7861328	-0.80132556
-30.292292	7.7958984	-0.83152652
-28.121088	7.8056641	-0.8621648
-29.179361	7.8154297	-0.89253712
-27.889595	7.8251953	-0.92330277
-31.58037	7.8349609	-0.95336211
-28.236851	7.8447266	-0.98402649
-29.129686	7.8544922	-1.0142184
-31.59181	7.8642578	-1.0440015
-27.946487	7.8740234	-1.0731674
-31.879148	7.8837891	-1.1042237
-28.187653	7.8935547	-1.1347264
-29.78932	7.9033203	-1.1643112
-29.971741	7.9130859	-1.1941857
-28.908346	7.9228516	-1.2237005
-30.881853	7.9326172	-1.2537308
-28.566702	7.9423828	-1.2828343
-29.96698	7.9521484	-1.3145782
-29.8255	7.9619141	-1.3428479
-28.728741	7.9716797	-1.3732479
-30.333921	7.9814453	-1.4034934
-28.621265	7.9912109	-1.4325582
-32.693741	8.0009766	-1.4622397
-28.703211	8.0107422	-1.4909446
-29.931299	8.0205078	-1.5209503
-31.667807	8.0302734	-1.5507274
-30.676229	8.0400391	-1.579336
-30.011208	8.0498047	-1.608979
-32.145496	8.0595703	-1.638832
-29.454718	8.0693359	-1.6676635
-32.602249	8.0791016	-1.6959801
-29.540213	8.0888672	-1.7256789
-32.369873	8.0986328	-1.7545984
-31.482126	8.1083984	-1.7837607
-33.777115	8.1181641	-1.8138118
-30.397764	8.1279297	-1.8408432
-31.95369	8.1376953	-1.8695459
-31.485245	8.1474609	-1.8975124
-32.013435	8.1572266	-1.9263096
-29.178093	8.1669922	-1.9555889
-30.771061	8.1767578	-1.9830875
-29.071503	8.1865234	-2.0123818
-30.738617	8.1962891	-2.0404258
-29.023726	8.2060547	-2.0689294
-29.675371	8.2158203	-2.0968757
-29.091455	8.2255859	-2.1252878
-29.737246	8.2353516	-2.1518917
-29.375555	8.2451172	-2.1810927
-29.583311	8.2548828	-2.2078149
-29.892485	8.2646484	-2.2355571
-28.413628	8.2744141	-2.2630713
-28.902643	8.2841797	-2.2911906
-29.128185	8.2939453	-2.3183465
-29.296719	8.3037109	-2.3459702
-28.931744	8.3134766	-2.3722789
-27.558441	8.3232422	-2.3996055
-28.065126	8.3330078	-2.4266264
-26.578072	8.3427734	-2.4548359
-28.420658	8.3525391	-2.4814687
-26.726025	8.3623047	-2.5088892
-27.395376	8.3720703	-2.535455
-27.891424	8.3818359	-2.5617108
-28.071402	8.3916016	-2.5877767
-27.075747	8.4013672	-2.6148014
-28.72817	8.4111328	-2.6406674
-25.835518	8.4208984	-2.665688
-27.838314	8.4306641	-2.6927314
-27.747826	8.4404297	-2.7189693
-28.41457	8.4501953	-2.7448819
-27.580011	8.4599609	-2.770798
-27.510534	8.4697266	-2.7971261
-26.940031	8.4794922	-2.8222463
-29.75621	8.4892578	-2.8470755
-28.575037	8.4990234	-2.8729677
-29.986374	8.5087891	-2.8974078
-29.325184	8.5185547	-2.9227629
-30.332605	8.5283203	-2.9483662
-29.174295	8.5380859	-2.9724531
-30.310684	8.5478516	-2.9969833
-29.287626	8.5576172	-3.0222006
-29.76124	8.5673828	-3.0467331
-30.027946	8.5771484	-3.0716934
-29.729435	8.5869141	-3.0955985
-30.882076	8.5966797	-3.120657
-29.262922	8.6064453	-3.1446733
-27.928268	8.6162109	-3.1690083
-29.461821	8.6259766	-3.191942
-28.304279	8.6357422	-3.2159553
-28.190844	8.6455078	-3.240417
-27.997698	8.6552734	-3.2628357
-29.895838	8.6650391	-3.2861187
-27.373423	8.6748047	-3.3095934
-28.969742	8.6845703	-3.3335254
-27.985371	8.6943359	-3.3560395
-27.962763	8.7041016	-3.3787117
-28.526085	8.7138672	-3.4024231
-27.499512	8.7236328	-3.4249961
-27.781654	8.7333984	-3.4468732
-28.31131	8.7431641	-3.4694166
-27.738243	8.7529297	-3.4917488
-27.492527	8.7626953	-3.5131075
-28.145721	8.7724609	-3.534791
-27.985441	8.7822266	-3.5568521
-28.084696	8.7919922	-3.5792291
-27.418789	8.8017578	-3.601119
-30.677719	8.8115234	-3.6218808
-26.217905	8.8212891	-3.6439798
-27.84815	8.8310547	-3.665971
-28.551498	8.8408203	-3.6852777
-27.467146	8.8505859	-3.7069745
-28.773792	8.8603516	-3.7274809
-27.464294	8.8701172	-3.7487037
-29.82436	8.8798828	-3.7682624
-28.111542	8.8896484	-3.7885025
-29.738445	8.8994141	-3.8096256
-27.466763	8.9091797	-3.8291059
-30.127132	8.9189453	-3.848964
-29.43778	8.9287109	-3.8685589
-29.693565	8.9384766	-3.8884513
-31.866167	8.9482422	-3.9072282
-27.560268	8.9580078	-3.9275675
-30.72233	8.9677734	-3.946831
-30.544598	8.9775391	-3.965199
-31.082354	8.9873047	-3.9836943
-29.892252	8.9970703	-4.0030861
-30.973589	9.0068359	-4.0219016
-34.997684	9.0166016	-4.0409961
-31.703222	9.0263672	-4.0584126
-33.61454	9.0361328	-4.0772243
-34.980324	9.0458984	-4.0939679
-33.639835	9.0556641	-4.1126833
-34.807667	9.0654297	-4.1307902
-33.437462	9.0751953	-4.1482649
-34.177944	9.0849609	-4.1657462
-34.044868	9.0947266	-4.1824689
-33.146587	9.1044922	-4.1993737
-34.543884	9.1142578	-4.2158341
-33.18684	9.1240234	-4.2324276
-35.826187	9.1337891	-4.2502208
-33.849827	9.1435547	-4.2652326
-34.224709	9.1533203	-4.2813396
-34.10936	9.1630859	-4.2984633
-34.514408	9.1728516	-4.3135295
-35.124157	9.1826172	-4.3301878
-35.620274	9.1923828	-4.3450875
-33.879593	9.2021484	-4.3602414
-35.808456	9.2119141	-4.3759642
-33.790443	9.2216797	-4.3911247
-34.895321	9.2314453	-4.4066892
-34.694363	9.2412109	-4.4212809
-36.459476	9.2509766	-4.4356079
-33.686649	9.2607422	-4.4504037
-37.489925	9.2705078	-4.4645452
-35.96925	9.2802734	-4.4791145
-37.627552	9.2900391	-4.491744
-36.495968	9.2998047	-4.5063047
-37.267059	9.3095703	-4.5205326
-37.036896	9.3193359	-4.5329866
-37.963326	9.3291016	-4.5475907
-37.360004	9.3388672	-4.559247
-39.230484	9.3486328	-4.5726395
-37.152485	9.3583984	-4.5838928
-39.129612	9.3681641	-4.5976348
-37.002087	9.3779297	-4.6101322
-39.358551	9.3876953	-4.6222038
-38.739037	9.3974609	-4.6337962
-38.744171	9.4072266	-4.6457319
-38.434845	9.4169922	-4.6578417
-39.78426	9.4267578	-4.6694746
-38.716801	9.4365234	-4.6813025
-39.373245	9.4462891	-4.6928167
-39.00309	9.4560547	-4.7031455
-38.69883	9.4658203	-4.7142067
-40.029316	9.4755859	-4.7252164
-39.273174	9.4853516	-4.735724
-39.382488	9.4951172	-4.7460294
-38.898693	9.5048828	-4.7558374
-40.24963	9.5146484	-4.7670255
-38.983639	9.5244141	-4.7761416
-40.937214	9.5341797	-4.7863417
-38.746475	9.5439453	-4.7966061
-41.84536	9.5537109	-4.8056245
-38.339615	9.5634766	-4.814239
-40.161308	9.5732422	-4.8225889
-41.181595	9.5830078	-4.8316069
-38.758686	9.5927734	-4.8402362
-41.428314	9.6025391	-4.8474617
-40.981792	9.6123047	-4.8562841
-40.529377	9.6220703	-4.864603
-41.840828	9.6318359	-4.8712611
-40.982632	9.6416016	-4.8793664
-42.70084	9.6513672	-4.8859792
-42.000332	9.6611328	-4.8949785
-42.674702	9.6708984	-4.9007921
-42.781563	9.6806641	-4.9072928
-42.475132	9.6904297	-4.9146242
-44.146038	9.7001953	-4.9208255
-41.018406	9.7099609	-4.926301
-43.951256	9.7197266	-4.9328609
-39.532921	9.7294922	-4.9392352
-44.987617	9.7392578	-4.9442401
-43.157043	9.7490234	-4.9498096
-42.968792	9.7587891	-4.9553037
-41.420353	9.7685547	-4.9609652
-43.805874	9.7783203	-4.9646587
-41.938923	9.7880859	-4.9698076
-42.734528	9.7978516	-4.9738674
-44.672421	9.8076172	-4.97861
-42.428097	9.8173828	-4.9827924
-43.67421	9.8271484	-4.9872012
-43.166088	9.8369141	-4.9912825
-44.329247	9.8466797	-4.9954004
-43.391239	9.8564453	-4.9988756
-43.403126	9.8662109	-5.0023093
-44.339699	9.8759766	-5.0041728
-43.452312	9.8857422	-5.0073662
-44.271187	9.8955078	-5.0100975
-44.228054	9.9052734	-5.0129204
-44.71431	9.9150391	-5.0154896
-44.388325	9.9248047	-5.0174212
-44.866268	9.9345703	-5.0200529
-43.988541	9.9443359	-5.0202832
-44.057728	9.9541016	-5.0218964
-45.693447	9.9638672	-5.0245228
-43.843304	9.9736328	-5.0256333
-44.995689	9.9833984	-5.0263433
-44.994675	9.9931641	-5.0271978
-44.39674	10.00293	-5.0274825
-45.19585	10.012695	-5.028213
-43.490993	10.022461	-5.029448
-45.538788	10.032227	-5.0288291
-43.037357	10.041992	-5.0287495
-40.311985	10.051758	-5.0280409
-36.5229	10.061523	-5.0279884
-33.861748	10.071289	-5.0281434
-29.987864	10.081055	-5.0270624
-22.571463	10.09082	-5.0251865
-17.840752	10.100586	-5.0247593
-12.594415	10.110352	-5.0228348
-10.170962	10.120117	-5.0206499
-8.3161983	10.129883	-5.0200753
-4.9559865	10.139648	-5.0166292
-1.9975588	10.149414	-5.0148211
1.6324339	10.15918	-5.0141072
8.2482939	10.168945	-5.0107946
12.491912	10.178711	-5.0084062
14.370755	10.188477	-5.0051322
14.508125	10.198242	-5.0021434
14.512287	10.208008	-4.9993701
13.686536	10.217773	-4.9951463
12.533937	10.227539	-4.9921565
11.670135	10.237305	-4.988595
12.431788	10.24707	-4.9843421
11.070119	10.256836	-4.9795098
9.512785	10.266602	-4.9761238
11.373102	10.276367	-4.9714961
8.8997421	10.286133	-4.9657903
8.9187288	10.295898	-4.9606824
8.8228493	10.305664	-4.955276
10.634411	10.31543	-4.9500279
7.8252282	10.325195	-4.9442263
9.9624977	10.334961	-4.9392009
8.1453829	10.344727	-4.9330502
10.102604	10.354492	-4.9253769
9.956583	10.364258	-4.9201379
11.344487	10.374023	-4.9131327
11.033855	10.383789	-4.9073153
11.93306	10.393555	-4.8999572
10.624947	10.40332	-4.8935347
11.53847	10.413086	-4.8852987
13.86379	10.422852	-4.8787313
11.338154	10.432617	-4.8716145
12.389116	10.442383	-4.8644714
11.171412	10.452148	-4.8558769
13.859914	10.461914	-4.8485646
9.8525314	10.47168	-4.8387675
13.363461	10.481445	-4.8314939
10.673271	10.491211	-4.8227801
12.732938	10.500977	-4.8123384
10.550825	10.510742	-4.8035889
12.707157	10.520508	-4.7943258
10.60965	10.530273	-4.7859626
11.593813	10.540039	-4.7757759
10.861317	10.549805	-4.7656088
11.615897	10.55957	-4.7551827
10.516332	10.569336	-4.7455444
9.3131323	10.579102	-4.7352543
11.490995	10.588867	-4.7237949
9.3485231	10.598633	-4.7135072
10.945951	10.608398	-4.7023191
8.9284611	10.618164	-4.6918526
11.721801	10.62793	-4.6807647
8.461648	10.637695	-4.6690278
10.770617	10.647461	-4.6578526
9.0220833	10.657227	-4.6454949
10.016572	10.666992	-4.6332178
10.193069	10.676758	-4.6222329
9.9986439	10.686523	-4.6091847
9.269558	10.696289	-4.5977445
11.349504	10.706055	-4.5849338
8.5332661	10.71582	-4.5716009
9.3054962	10.725586	-4.5590453
9.0678577	10.735352	-4.5450211
8.3089457	10.745117	-4.5326219
9.8978281	10.754883	-4.5182099
7.1143847	10.764648	-4.5051508
6.9724164	10.774414	-4.4899912
7.5680203	10.78418	-4.476264
8.7826509	10.793945	-4.4626279
6.8073392	10.803711	-4.4478745
6.354414	10.813477	-4.4346342
6.5688162	10.823242	-4.4190893
6.0242486	10.833008	-4.4037595
5.5352345	10.842773	-4.3890848
5.3896918	10.852539	-4.3748422
5.9398589	10.862305	-4.3588428
6.5333209	10.87207	-4.3436923
5.7074475	10.881836	-4.3280997
4.2234197	10.891602	-4.3120928
4.6791158	10.901367	-4.2961969
5.7761092	10.911133	-4.2806454
5.969696	10.920898	-4.2635465
4.5603609	10.930664	-4.2483301
6.6553011	10.94043	-4.231885
4.5007329	10.950195	-4.2141981
6.5278959	10.959961	-4.1979098
3.7534046	10.969727	-4.1813941
7.2084951	10.979492	-4.1637001
3.9952807	10.989258	-4.1468792
6.0808029	10.999023	-4.1293406
5.0555449	11.008789	-4.1107931
4.1685414	11.018555	-4.0930123
5.379168	11.02832	-4.0748415
4.5458322	11.038086	-4.0560999
5.114975	11.047852	-4.0378342
5.4771428	11.057617	-4.0190349
4.857348	11.067383	-4.0009542
6.8752446	11.077148	-3.9823532
7.7845178	11.086914	-3.9633064
5.8852367	11.09668	-3.9451287
7.084559	11.106445	-3.9248452
7.3680072	11.116211	-3.9065003
8.2317743	11.125977	-3.8863449
5.3660593	11.135742	-3.8668461
7.4492884	11.145508	-3.8475275
7.1019983	11.155273	-3.8266935
7.517333	11.165039	-3.8081274
6.8096561	11.174805	-3.7849791
8.7684956	11.18457	-3.7663996
6.356812	11.194336	-3.7444375
8.5840111	11.204102	-3.7240705
5.3052673	11.213867	-3.7041566
7.8178124	11.223633	-3.6822519
6.8073277	11.233398	-3.6615529
6.5220637	11.243164	-3.6400094
6.7568965	11.25293	-3.6177852
6.8767576	11.262695	-3.5972185
6.0364952	11.272461	-3.5749309
7.3087168	11.282227	-3.553427
6.2628183	11.291992	-3.5315156
6.212841	11.301758	-3.5096414
5.8394389	11.311523	-3.4864194
6.2651815	11.321289	-3.4651921
6.2187319	11.331055	-3.4430332
5.7514057	11.34082	-3.4206078
5.9322686	11.350586	-3.3978238
5.3541155	11.360352	-3.374903
3.9392266	11.370117	-3.3509173
3.552623	11.379883	-3.3290923
4.44944	11.389648	-3.3050804
5.176477	11.399414	-3.282784
3.6876533	11.40918	-3.258863
4.0814395	11.418945	-3.2344692
4.0193787	11.428711	-3.2109036
3.4472556	11.438477	-3.1880445
3.5616686	11.448242	-3.1637013
2.9062037	11.458008	-3.1392567
1.921854	11.467773	-3.1151078
3.0257273	11.477539	-3.0905709
2.218713	11.487305	-3.0663557
2.4286215	11.49707	-3.0423813
2.0693755	11.506836	-3.0167856
2.3621833	11.516602	-2.9931583
3.3800724	11.526367	-2.9677896
2.5056186	11.536133	-2.9438875
3.4856493	11.545898	-2.9186361
2.3775501	11.555664	-2.8932087
4.4915128	11.56543	-2.8675244
3.1717122	11.575195	-2.8425381
3.8195984	11.584961	-2.816958
3.4653697	11.594727	-2.791755
3.8709958	11.604492	-2.7654595
1.5301281	11.614258	-2.7396889
4.4397197	11.624023	-2.713342
2.4086096	11.633789	-2.6881866
2.8310809	11.643555	-2.6600757
3.0221186	11.65332	-2.6340954
4.5592313	11.663086	-2.6091754
3.7714722	11.672852	-2.5826521
5.0673842	11.682617	-2.5554218
6.0742836	11.692383	-2.529314
4.4389744	11.702148	-2.5020816
6.5520988	11.711914	-2.4758606
2.9160058	11.72168	-2.4485476
5.6865044	11.731445	-2.4211183
4.1173306	11.741211	-2.3942769
4.1215796	11.750977	-2.3668461
3.2618642	11.760742	-2.3397863
3.4724014	11.770508	-2.3134618
3.9137783	11.780273	-2.2850037
4.2839909	11.790039	-2.2568696
2.6401017	11.799805	-2.230335
3.8828585	11.80957	-2.2032044
2.608227	11.819336	-2.1748483
4.6042495	11.829102	-2.1475718
2.9390445	11.838867	-2.1190486
3.7442427	11.848633	-2.0915418
0.74311393	11.858398	-2.0627923
4.1330233	11.868164	-2.0347924
2.7601957	11.87793	-2.0076051
3.2702343	11.887695	-1.9777447
2.4846406	11.897461	-1.9490302
2.4641514	11.907227	-1.9221828
3.3730874	11.916992	-1.8931322
2.2050226	11.926758	-1.8640883
2.7386703	11.936523	-1.8357091
2.2744062	11.946289	-1.8065304
2.954458	11.956055	-1.7776482
4.0340123	11.96582	-1.7495878
4.1616035	11.975586	-1.7193474
2.1989574	11.985352	-1.691445
4.7437148	11.995117	-1.6618013
1.829397	12.004883	-1.6324199
2.7116039	12.014648	-1.6029909
2.7939444	12.024414	-1.5743881
1.0378309	12.03418	-1.5449569
2.5248504	12.043945	-1.5155278
1.7815269	12.053711	-1.4848247
2.5470858	12.063477	-1.4546551
1.7863815	12.073242	-1.4262408
0.7546041	12.083008	-1.3957574
2.9102316	12.092773	-1.3657517
1.5219674	12.102539	-1.3372614
3.5065343	12.112305	-1.3069093
2.1902845	12.12207	-1.2775526
3.0650058	12.131836	-1.2477748
0.87424415	12.141602	-1.2178078
4.6197209	12.151367	-1.1881716
2.6305788	12.161133	-1.1576139
1.7966726	12.170898	-1.1277914
4.8971853	12.180664	-1.0984466
1.8179533	12.19043	-1.0676138
5.0924602	12.200195	-1.0378808
1.8382444	12.209961	-1.0068625
6.6720648	12.219727	-0.97783953
3.008719	12.229492	-0.94655901
7.3682632	12.239258	-0.91682822
2.0911336	12.249023	-0.88493526
7.2309513	12.258789	-0.8555606
2.9528282	12.268555	-0.82442015
7.2867026	12.27832	-0.79473031
4.7834473	12.288086	-0.76523054
6.910821	12.297852	-0.73374212
6.3255544	12.307617	-0.70290565
4.2916274	12.317383	-0.67353773
9.0631075	12.327148	-0.64327788
3.7263613	12.336914	-0.61204064
6.4733324	12.34668	-0.58032799
5.2290268	12.356445	-0.55061209
4.0752349	12.366211	-0.51888752
5.6776915	12.375977	-0.48838183
5.0885835	12.385742	-0.45850202
4.6041794	12.395508	-0.42863637
4.4900341	12.405273	-0.39794147
6.9311237	12.415039	-0.36654398
6.2853913	12.424805	-0.33562556
8.1542645	12.43457	-0.30488521
4.3766222	12.444336	-0.27434677
7.7739472	12.454102	-0.24385303
4.6484871	12.463867	-0.21200404
3.8275378	12.473633	-0.18176809
3.8679805	12.483398	-0.1502268
6.6634965	12.493164	-0.12021512
7.0426612	12.50293	-0.090049207
7.701479	12.512695	-0.0589028
5.1320763	12.522461	-0.027516484
7.2308583	12.532227	0.0032871962
5.2713208	12.541992	0.034500659
5.6360617	12.551758	0.065138936
2.8895214	12.561523	0.095525384
2.0312726	12.571289	0.12645423
2.8688111	12.581055	0.15845895
1.2444099	12.59082	0.18902272
2.0168488	12.600586	0.21867603
1.9173021	12.610352	0.25065392
1.6994891	12.620117	0.28101802
0.70987737	12.629883	0.31312406
1.9177678	12.639648	0.34276694
0.23111933	12.649414	0.37314296
2.1449757	12.65918	0.40328056
-0.33447286	12.668945	0.43432862
3.0722702	12.678711	0.4650265
0.69785166	12.688477	0.49748272
1.5651923	12.698242	0.52699894
1.2797188	12.708008	0.55735409
1.186633	12.717773	0.58798045
0.75935388	12.727539	0.61981976
3.2906885	12.737305	0.64941496
0.10449439	12.74707	0.68112463
3.1410949	12.756836	0.71094632
-0.19822037	12.766602	0.74181259
2.676167	12.776367	0.77241957
0.041641761	12.786133	0.80306381
1.3587298	12.795898	0.83337277
0.41973543	12.805664	0.86328387
1.9158237	12.81543	0.89326352
1.3275073	12.825195	0.92387348
1.1867028	12.834961	0.95437169
1.3715471	12.844727	0.98496675
1.3379147	12.854492	1.0147259
3.9474108	12.864258	1.0445684
3.510143	12.874023	1.0746449
4.0017185	12.883789	1.1045933
3.0070195	12.893555	1.1347935
2.9192421	12.90332	1.1659667
2.5014043	12.913086	1.1953413
1.4780904	12.922852	1.2250543
2.8554816	12.932617	1.253967
1.2140838	12.942383	1.2852356
3.3361487	12.952148	1.3148576
1.006946	12.961914	1.3440371
3.0812807	12.97168	1.3736055
1.3495911	12.981445	1.4034748
4.8246117	12.991211	1.4328837
0.96721339	13.000977	1.4620171
1.4585327	13.010742	1.4926404
2.7308707	13.020508	1.5226469
3.4381402	13.030273	1.5511215
0.45618507	13.040039	1.5802324
2.6529188	13.049805	1.6107128
2.07267	13.05957	1.6388164
1.3945973	13.069336	1.6679392
1.419778	13.079102	1.6968503
1.5728525	13.088867	1.7262564
1.8635881	13.098633	1.7557174
-0.19876751	13.108398	1.7846555
1.3368553	13.118164	1.812762
1.5364959	13.12793	1.8418998
0.8822186	13.137695	1.8703058
1.5505474	13.147461	1.8980191
1.0529068	13.157227	1.9273937
1.2458069	13.166992	1.9551367
0.78589654	13.176758	1.9845933
0.80455792	13.186523	2.0134509
1.1372845	13.196289	2.0394697
0.98556048	13.206055	2.0687251
2.4677603	13.21582	2.0966425
0.3664405	13.225586	2.1254525
2.9347954	13.235352	2.153033
0.48344955	13.245117	2.1818922
1.7611659	13.254883	2.2093029
1.8798746	13.264648	2.2369533
0.99595636	13.274414	2.2640376
1.8637161	13.28418	2.2905648
0.81736362	13.293945	2.3186221
2.443383	13.303711	2.3464293
1.9892235	13.313477	2.373539
1.5973812	13.323242	2.3991079
2.0222039	13.333008	2.4272561
2.5365734	13.342773	2.4553061
0.33753458	13.352539	2.4814084
1.8609921	13.362305	2.5079176
3.4931815	13.37207	2.5347962
2.7826638	13.381836	2.5613949
1.5149242	13.391602	2.586937
1.6640989	13.401367	2.6139901
1.823355	13.411133	2.639112
2.4229987	13.420898	2.6660547
0.58480072	13.430664	2.6927204
2.6366091	13.44043	2.7181969
1.745997	13.450195	2.7444363
2.194068	13.459961	2.7701676
1.5112804	13.469727	2.7958899
2.310914	13.479492	2.8212502
0.80054158	13.489258	2.8467388
4.0647225	13.499023	2.8718801
0.10858057	13.508789	2.8972359
2.6287045	13.518555	2.9220879
1.322641	13.52832	2.9464736
2.133008	13.538086	2.9722974
1.9866624	13.547852	2.9969096
0.89452368	13.557617	3.021708
1.9232626	13.567383	3.0464306
0.30649826	13.577148	3.0708103
3.2881742	13.586914	3.0960708
0.38078287	13.59668	3.1197219
0.89298701	13.606445	3.1434357
1.479045	13.616211	3.1673372
0.077986628	13.625977	3.1920836
-0.081199691	13.635742	3.2150686
1.2955163	13.645508	3.239876
-0.31861711	13.655273	3.2621756
2.2509835	13.665039	3.286016
-0.27483329	13.674805	3.3088775
1.988397	13.68457	3.3326535
1.1953758	13.694336	3.3553867
0.69435918	13.704102	3.3782363
1.7851824	13.713867	3.4011245
0.89691019	13.723633	3.4238248
1.5526428	13.733398	3.4470768
-0.39951411	13.743164	3.4702733
2.7667265	13.75293	3.4913673
0.67289221	13.762695	3.5132065
1.9253465	13.772461	3.5358593
1.5883822	13.782227	3.5575733
2.1460001	13.791992	3.5785422
1.2721051	13.801758	3.6005645
2.7984498	13.811523	3.6221013
1.6393489	13.821289	3.6427393
2.5540242	13.831055	3.6638618
1.0230578	13.84082	3.6857514
2.9952497	13.850586	3.7060232
1.8579652	13.860352	3.7259459
2.26876	13.870117	3.7476091
0.97099692	13.879883	3.7684262
2.4768872	13.889648	3.7878156
3.7604477	13.899414	3.8071723
3.6395388	13.90918	3.8288369
5.660893	13.918945	3.8483157
4.0211368	13.928711	3.86834
4.8842282	13.938477	3.8901358
4.7287321	13.948242	3.907156
5.4545002	13.958008	3.9270461
2.8038397	13.967773	3.9467514
4.3879962	13.977539	3.96436
0.84032071	13.987305	3.9839864
3.8184924	13.99707	4.003644
1.8691179	14.006836	4.0221257
3.8625441	14.016602	4.0403128
1.6037492	14.026367	4.0581479
2.9789751	14.036133	4.0762157
1.5228288	14.045898	4.09514
4.2202997	14.055664	4.1123362
1.5824451	14.06543	4.130003
2.6238151	14.075195	4.1482105
1.5379163	14.084961	4.1656928
2.9131188	14.094727	4.182549
2.1045561	14.104492	4.1994362
2.4299603	14.114258	4.2166739
1.3171229	14.124023	4.2332649
2.7574365	14.133789	4.2496128
1.7031561	14.143555	4.2653127
2.0416803	14.15332	4.2818084
2.7842238	14.163086	4.2986813
2.4109263	14.172852	4.3146567
4.1470981	14.182617	4.3298602
0.81859761	14.192383	4.3451042
3.4875469	14.202148	4.3601708
2.3263624	14.211914	4.3751464
1.7057523	14.22168	4.3905916
1.3531535	14.231445	4.4060349
2.6824186	14.241211	4.4212909
3.1643314	14.250977	4.436317
0.35701087	14.260742	4.4503956
3.2705021	14.270508	4.4638691
1.1949334	14.280273	4.4777899
2.8119538	14.290039	4.4905753
1.7181271	14.299805	4.5053258
3.0438416	14.30957	4.5185609
1.5871599	14.319336	4.5316992
1.9608997	14.329102	4.5458078
0.70407987	14.338867	4.5596542
2.4698558	14.348633	4.5725527
0.37065473	14.358398	4.5850711
1.6057049	14.368164	4.5972185
1.7092797	14.37793	4.6098351
1.3163197	14.387695	4.62147
1.8671272	14.397461	4.6339154
1.634378	14.407227	4.6449318
2.8243637	14.416992	4.6571612
-0.24706824	14.426758	4.6696382
3.5227859	14.436523	4.6803222
-0.20737061	14.446289	4.691781
2.85852	14.456055	4.7039123
1.4891033	14.46582	4.7144384
2.4305656	14.475586	4.7227697
1.5436672	14.485352	4.7343535
1.1451426	14.495117	4.744379
0.96719015	14.504883	4.7543898
2.2351859	14.514648	4.7647371
2.3889122	14.524414	4.7745838
2.378726	14.53418	4.785213
1.766521	14.543945	4.7939301
2.3979692	14.553711	4.8031211
3.2225275	14.563477	4.8118935
2.0868611	14.573242	4.8199906
2.8941548	14.583008	4.8290343
1.7322134	14.592773	4.8371735
3.0299416	14.602539	4.846014
0.46890926	14.612305	4.8552542
4.9775581	14.62207	4.8605561
0.31200472	14.631836	4.8701792
3.5107718	14.641602	4.877573
2.0261855	14.651367	4.8839226
2.8942246	14.661133	4.8912182
2.0053122	14.670898	4.8982754
2.8597772	14.680664	4.9053669
3.0532827	14.69043	4.912281
2.1027517	14.700195	4.9184842
3.3681397	14.709961	4.9245834
2.9494636	14.719727	4.9319534
3.1173928	14.729492	4.9370737
1.7278827	14.739258	4.9427538
3.1489763	14.749023	4.9484072
2.9581833	14.758789	4.9533548
4.8920512	14.768555	4.9584746
2.5728834	14.77832	4.9635262
3.3336575	14.788086	4.9684467
2.7051079	14.797852	4.9734774
2.9423623	14.807617	4.9768329
2.7984614	14.817383	4.9806223
3.2721205	14.827148	4.9853711
3.5052304	14.836914	4.9898863
2.0824721	14.84668	4.9938812
3.816164	14.856445	4.995851
2.6233728	14.866211	4.9988194
3.9213686	14.875977	5.0036044
3.8536732	14.885742	5.0056548
3.7788763	14.895508	5.0085902
4.3153529	14.905273	5.0119548
4.1152816	14.915039	5.0140142
3.4345315	14.924805	5.0166039
4.2939558	14.93457	5.0176606
3.2086391	14.944336	5.0196571
4.1864347	14.954102	5.0219479
3.0650058	14.963867	5.0220504
3.2062061	14.973633	5.0239267
4.7984881	14.983398	5.0252094
1.1751428	14.993164	5.025147
4.4671354	15.00293	5.0257115
3.6838698	15.012695	5.0265818
2.836925	15.022461	5.0276442
3.0590687	15.032227	5.0274954
2.7687521	15.041992	5.0270886
2.7261093	15.051758	5.0272598
-1.1540949	15.061523	5.0267606
-5.6721039	15.071289	5.0266223
-7.1714282	15.081055	5.0255985
-9.6713772	15.09082	5.0239177
-10.575075	15.100586	5.0231514
-11.280634	15.110352	5.0219045
-13.231579	15.120117	5.0200882
-13.50753	15.129883	5.0183415
-13.401592	15.139648	5.0164194
-13.888312	15.149414	5.0140052
-15.001267	15.15918	5.0115032
-13.6405	15.168945	5.0093708
-14.956353	15.178711	5.0057902
-15.866965	15.188477	5.0032082
-15.440687	15.198242	5.0002756
-15.189685	15.208008	4.9965115
-16.584749	15.217773	4.9920931
-15.83253	15.227539	4.9895258
-15.85295	15.237305	4.9862919
-15.754008	15.24707	4.9815922
-16.017269	15.256836	4.9767761
-16.301544	15.266602	4.9725442
-14.382391	15.276367	4.9683971
-16.177841	15.286133	4.9636183
-14.845037	15.295898	4.9580231
-14.829496	15.305664	4.9524188
-15.770888	15.31543	4.9476995
-16.266945	15.325195	4.9421029
-14.792046	15.334961	4.9369826
-17.235964	15.344727	4.9312844
-16.032066	15.354492	4.9243569
-17.763744	15.364258	4.9178348
-17.534115	15.374023	4.9118357
-19.313976	15.383789	4.9056635
-19.090494	15.393555	4.8988686
-21.364878	15.40332	4.892066
-21.412897	15.413086	4.8849449
-21.230173	15.422852	4.8762708
-22.446632	15.432617	4.8694191
-21.124968	15.442383	4.8606319
-22.10096	15.452148	4.8519282
-22.522266	15.461914	4.8441963
-21.81168	15.47168	4.8358145
-22.025862	15.481445	4.8270316
-22.834167	15.491211	4.819046
-23.025751	15.500977	4.8104525
-21.914124	15.510742	4.8007684
-21.749233	15.520508	4.7914119
-21.540222	15.530273	4.7824354
-23.28381	15.540039	4.7731357
-21.595064	15.549805	4.762557
-22.487959	15.55957	4.7525005
-21.545774	15.569336	4.7425017
-22.327656	15.579102	4.7332377
-21.480373	15.588867	4.722239
-21.29051	15.598633	4.7114296
-23.036253	15.608398	4.699707
-22.595015	15.618164	4.6895146
-21.920923	15.62793	4.6787844
-22.859814	15.637695	4.6671195
-21.890142	15.647461	4.6556921
-24.077286	15.657227	4.6440229
-21.531164	15.666992	4.631391
-22.355246	15.676758	4.6196237
-22.935192	15.686523	4.6080141
-22.211113	15.696289	4.5945272
-22.381405	15.706055	4.5823216
-23.105892	15.71582	4.5693054
-21.345425	15.725586	4.557672
-21.799129	15.735352	4.544054
-22.852549	15.745117	4.530901
-21.744101	15.754883	4.5170693
-22.200226	15.764648	4.5042977
-22.144802	15.774414	4.4898691
-20.825117	15.78418	4.4756637
-21.287182	15.793945	4.4613705
-19.83532	15.803711	4.4470668
-20.709562	15.813477	4.4328332
-22.296444	15.823242	4.419075
-20.221771	15.833008	4.4040232
-21.450851	15.842773	4.388422
-20.576082	15.852539	4.3740273
-21.441595	15.862305	4.359108
-21.397463	15.87207	4.3433638
-21.571911	15.881836	4.3279171
-20.082621	15.891602	4.3119206
-21.454832	15.901367	4.2955594
-21.901146	15.911133	4.2796655
-19.508636	15.920898	4.2622967
-21.911867	15.930664	4.2466698
-20.537468	15.94043	4.2305961
-20.132854	15.950195	4.2133927
-20.988121	15.959961	4.1974144
-20.297825	15.969727	4.1794286
-20.389072	15.979492	4.1619701
-22.080122	15.989258	4.1456728
-19.535889	15.999023	4.1265545
-21.220045	16.008789	4.1097136
-19.544142	16.018555	4.0925698
-20.167488	16.02832	4.0741739
-19.967009	16.038086	4.0550561
-20.128151	16.047852	4.0369539
-20.219887	16.057617	4.0191355
-20.381424	16.067383	4.0007396
-19.162113	16.077148	3.9813592
-19.225443	16.086914	3.9625123
-21.538324	16.09668	3.9446487
-19.256865	16.106445	3.9242551
-19.582863	16.116211	3.9050148
-19.77071	16.125977	3.8858547
-21.369591	16.135742	3.8652525
-19.323174	16.145508	3.8457797
-19.463013	16.155273	3.8257599
-20.97044	16.165039	3.8069115
-19.318216	16.174805	3.7857995
-21.060534	16.18457	3.7659466
-21.343853	16.194336	3.7449107
-22.480183	16.204102	3.7233233
-22.043894	16.213867	3.7027149
-21.464762	16.223633	3.6823959
-20.683918	16.233398	3.6606922
-22.648054	16.243164	3.6393852
-18.809782	16.25293	3.6189303
-23.763172	16.262695	3.5972729
-21.857174	16.272461	3.5747976
-21.238604	16.282227	3.5536513
-21.979446	16.291992	3.5316155
-21.635485	16.301758	3.5094647
-22.508892	16.311523	3.4862146
-20.732824	16.321289	3.4650116
-20.91563	16.331055	3.4441411
-21.988934	16.34082	3.4197898
-22.498331	16.350586	3.3978686
-20.162146	16.360352	3.3751905
-22.774097	16.370117	3.3516407
-19.433327	16.379883	3.328958
-25.341835	16.389648	3.3060102
-22.223976	16.399414	3.2823637
-22.586924	16.40918	3.2588542
-22.225094	16.418945	3.2359376
-22.981455	16.428711	3.2107174
-21.320011	16.438477	3.1884134
-22.983213	16.448242	3.1642854
-21.38596	16.458008	3.1396701
-23.061201	16.467773	3.116046
-21.240582	16.477539	3.0915394
-22.3764	16.487305	3.0681162
-20.242239	16.49707	3.0431569
-20.932907	16.506836	3.0187697
-20.448107	16.516602	2.9932113
-21.099449	16.526367	2.9689403
-20.657293	16.536133	2.9441714
-21.473154	16.545898	2.9191227
-20.666002	16.555664	2.8931766
-21.057343	16.56543	2.8681159
-21.403109	16.575195	2.842541
-20.234251	16.584961	2.8164937
-22.573547	16.594727	2.7911334
-19.113419	16.604492	2.7659581
-22.804459	16.614258	2.7401865
-19.485085	16.624023	2.7147875
-21.290453	16.633789	2.6882157
-20.179945	16.643555	2.6620507
-21.290651	16.65332	2.6356161
-21.145504	16.663086	2.6100755
-20.424824	16.672852	2.5827692
-19.438389	16.682617	2.5561988
-19.077282	16.692383	2.5300517
-21.199707	16.702148	2.5038376
-19.157911	16.711914	2.4771705
-19.198864	16.72168	2.4494395
-19.502209	16.731445	2.4227977
-18.648523	16.741211	2.3948565
-20.090061	16.750977	2.3689404
-19.939373	16.760742	2.3413286
-21.203922	16.770508	2.3137286
-20.275137	16.780273	2.2865639
-23.581438	16.790039	2.2604182
-19.599333	16.799805	2.2314787
-23.48579	16.80957	2.203387
-21.490129	16.819336	2.175972
-23.352749	16.829102	2.1481009
-21.511108	16.838867	2.1201463
-22.016548	16.848633	2.0914211
-22.222532	16.858398	2.0639732
-23.547817	16.868164	2.0358145
-19.696611	16.87793	2.0069883
-21.802284	16.887695	1.98033
-21.345936	16.897461	1.9513577
-22.647402	16.907227	1.9218192
-20.800381	16.916992	1.8946126
-23.075508	16.926758	1.8655211
-20.65089	16.936523	1.8376067
-22.27265	16.946289	1.809293
-20.943001	16.956055	1.7797067
-22.831011	16.96582	1.7510011
-21.747034	16.975586	1.7221838
-21.485275	16.985352	1.6924009
-21.911715	16.995117	1.662828
-20.320946	17.004883	1.6335756
-22.621954	17.014648	1.6046419
-19.788603	17.024414	1.5752286
-21.817873	17.03418	1.5472994
-19.238214	17.043945	1.5180469
-21.394785	17.053711	1.4875591
-19.619579	17.063477	1.4583423
-20.355976	17.073242	1.4285833
-19.784691	17.083008	1.3989315
-20.314568	17.092773	1.3690621
-21.232746	17.102539	1.3401284
-19.849628	17.112305	1.3105184
-20.869623	17.12207	1.2803346
-20.170376	17.131836	1.2513548
-21.041895	17.141602	1.2220516
-20.385078	17.151367	1.1915743
-19.770266	17.161133	1.1615977
-19.311077	17.170898	1.1320055
-20.121737	17.180664	1.1012405
-21.256636	17.19043	1.0707945
-19.897835	17.200195	1.0415316
-20.579725	17.209961	1.0111377
-23.683125	17.219727	0.97946525
-25.812618	17.229492	0.95037371
-24.806128	17.239258	0.91994703
-25.038492	17.249023	0.88981688
-24.883938	17.258789	0.85913688
-24.61587	17.268555	0.82930773
-23.230036	17.27832	0.7992506
-21.178905	17.288086	0.76757967
-21.930899	17.297852	0.73704273
-20.230701	17.307617	0.70774108
-21.398218	17.317383	0.67693889
-21.478638	17.327148	0.64595044
-20.216452	17.336914	0.61591566
-22.242985	17.34668	0.58493018
-18.865301	17.356445	0.55365711
-22.133684	17.366211	0.52227974
-20.655302	17.375977	0.49229413
-23.76132	17.385742	0.46099424
-20.534592	17.395508	0.43104291
-21.888165	17.405273	0.40073842
-22.766109	17.415039	0.3693074
-20.998112	17.424805	0.33948272
-21.016132	17.43457	0.30861348
-21.493458	17.444336	0.27730167
-22.378214	17.454102	0.24641007
-21.70829	17.463867	0.21468997
-21.381897	17.473633	0.18454194
-21.118729	17.483398	0.15358478
-22.089983	17.493164	0.12336969
-19.861933	17.50293	0.091570616
-23.004738	17.512695	0.060470402
-19.622547	17.522461	0.029046834
-22.20961	17.532227	-0.0018119812
-20.470982	17.541992	-0.032311678
-22.356621	17.551758	-0.062437356
-20.084101	17.561523	-0.09367317
-20.981033	17.571289	-0.1247555
-20.645781	17.581055	-0.15574172
-20.775118	17.59082	-0.18641055
-21.117762	17.600586	-0.21734759
-20.383484	17.610352	-0.24848208
-20.68833	17.620117	-0.28046668
-21.473389	17.629883	-0.31150058
-21.121674	17.639648	-0.34138411
-20.464487	17.649414	-0.37179738
-23.067965	17.65918	-0.40261149
-20.660984	17.668945	-0.43304712
-21.342897	17.678711	-0.46392605
-20.480389	17.688477	-0.49312487
-20.216627	17.698242	-0.52467656
-19.922771	17.708008	-0.55609196
-19.629543	17.717773	-0.58682334
-22.011507	17.727539	-0.6177932
-22.274151	17.737305	-0.64770281
-22.445318	17.74707	-0.67812949
-21.74439	17.756836	-0.70933473
-21.58901	17.766602	-0.73970926
-23.915489	17.776367	-0.76981038
-22.65646	17.786133	-0.80007762
-23.539457	17.795898	-0.83081651
-23.243355	17.805664	-0.86097568
-22.851269	17.81543	-0.89299452
-23.379107	17.825195	-0.922665
-23.836166	17.834961	-0.95338154
-21.151651	17.844727	-0.98373294
-24.634274	17.854492	-1.0126926
-23.041178	17.864258	-1.0434531
-23.732416	17.874023	-1.0733105
-21.9799	17.883789	-1.1036351
-23.204624	17.893555	-1.1341631
-22.228085	17.90332	-1.1637963
-22.69582	17.913086	-1.1942528
-21.333597	17.922852	-1.2233787
-22.319786	17.932617	-1.2532748
-21.664845	17.942383	-1.2831777
-21.874987	17.952148	-1.31443
-21.314331	17.961914	-1.3421357
-21.686754	17.97168	-1.3722315
-21.282619	17.981445	-1.4017091
-24.081057	17.991211	-1.4317527
-22.240459	18.000977	-1.4605902
-22.645725	18.010742	-1.4901131
-21.871656	18.020508	-1.519636
-22.178028	18.030273	-1.549463
-22.756437	18.040039	-1.5789852
-20.991287	18.049805	-1.6076833
-22.533676	18.05957	-1.6371727
-21.306042	18.069336	-1.6663179
-22.838242	18.079102	-1.6952143
-20.847412	18.088867	-1.7250322
-22.470764	18.098633	-1.7530508
-21.774612	18.108398	-1.7828658
-21.952728	18.118164	-1.8110051
-20.959915	18.12793	-1.8395112
-22.948311	18.137695	-1.8688656
-20.764385	18.147461	-1.8981755
-22.395794	18.157227	-1.92575
-19.827557	18.166992	-1.9550174
-22.541498	18.176758	-1.982931
-21.571386	18.186523	-2.0106652
-20.377163	18.196289	-2.0395896
-21.081987	18.206055	-2.0666451
-19.4769	18.21582	-2.0956912
-22.20109	18.225586	-2.1235645
-20.939135	18.235352	-2.1510766
-24.066236	18.245117	-2.1789029
-20.071596	18.254883	-2.20645
-22.884226	18.264648	-2.2338538
-20.473906	18.274414	-2.2629492
-21.761354	18.28418	-2.2906623
-22.325397	18.293945	-2.3169942
-21.103327	18.303711	-2.3448853
-21.586485	18.313477	-2.3725517
-21.520409	18.323242	-2.3994236
-20.632881	18.333008	-2.4267547
-21.537544	18.342773	-2.4534359
-20.287455	18.352539	-2.4808512
-21.41242	18.362305	-2.5070436
-21.220987	18.37207	-2.5340238
-20.863791	18.381836	-2.5615327
-21.696299	18.391602	-2.5863409
-21.002651	18.401367	-2.6142597
-20.512043	18.411133	-2.6399717
-21.383703	18.420898	-2.666033
-22.111252	18.430664	-2.6921504
-20.22658	18.44043	-2.7182505
-22.514118	18.450195	-2.7444265
-19.633863	18.459961	-2.770298
-19.808464	18.469727	-2.796819
-21.386963	18.479492	-2.8224275
-21.191965	18.489258	-2.8459907
-20.679983	18.499023	-2.8724089
-20.547781	18.508789	-2.8991959
-20.466351	18.518555	-2.9226751
-20.465977	18.52832	-2.9487848
-21.619478	18.538086	-2.9721155
-20.216835	18.547852	-2.9971271
-21.956839	18.557617	-3.0220547
-19.021856	18.567383	-3.0475476
-22.476177	18.577148	-3.0718544
-19.788788	18.586914	-3.0961969
-23.425987	18.59668	-3.1202397
-21.531561	18.606445	-3.1432741
-23.257545	18.616211	-3.1684391
-23.392645	18.625977	-3.1915159
-21.860167	18.635742	-3.2158523
-23.188803	18.645508	-3.2413557
-21.077169	18.655273	-3.263829
-25.043379	18.665039	-3.2868102
-22.321602	18.674805	-3.3087163
-22.343023	18.68457	-3.333281
-22.995378	18.694336	-3.355679
-22.88723	18.704102	-3.3781164
-22.528368	18.713867	-3.40148
-22.590103	18.723633	-3.4231477
-24.04187	18.733398	-3.4468784
-21.842623	18.743164	-3.4694963
-24.415251	18.75293	-3.4902513
-23.210432	18.762695	-3.514111
-22.169855	18.772461	-3.5359719
-22.466749	18.782227	-3.5586967
-22.753071	18.791992	-3.5805986
-22.440102	18.801758	-3.6010907
-22.789474	18.811523	-3.6231763
-22.503315	18.821289	-3.6443076
-23.249525	18.831055	-3.665062
-21.528696	18.84082	-3.6865988
-23.344543	18.850586	-3.7067964
-21.878315	18.860352	-3.7277148
-22.104486	18.870117	-3.7484565
-21.552738	18.879883	-3.7694588
-21.59276	18.889648	-3.7895091
-23.26878	18.899414	-3.8097522
-22.87184	18.90918	-3.829062
-21.303968	18.918945	-3.85044
-23.650635	18.928711	-3.869494
-23.717398	18.938477	-3.8882627
-24.018799	18.948242	-3.9084091
-23.256977	18.958008	-3.9275415
-21.625345	18.967773	-3.9459698
-25.174324	18.977539	-3.9656916
-22.997696	18.987305	-3.9847069
-23.869135	18.99707	-4.0033212
-21.821575	19.006836	-4.0230842
-24.072407	19.016602	-4.0404139
-21.947817	19.026367	-4.0585389
-23.045799	19.036133	-4.0769711
-24.412981	19.045898	-4.0944686
-21.922228	19.055664	-4.1123381
-23.527176	19.06543	-4.1300564
-22.466352	19.075195	-4.1476822
-23.680296	19.084961	-4.1644835
-21.485006	19.094727	-4.1817226
-22.879848	19.104492	-4.1995554
-21.989853	19.114258	-4.2155938
-22.926704	19.124023	-4.2323351
-21.51553	19.133789	-4.2488256
-24.119009	19.143555	-4.2648463
-22.325922	19.15332	-4.2823238
-24.045362	19.163086	-4.2983413
-21.724962	19.172852	-4.3138633
-24.21072	19.182617	-4.3290758
-21.887047	19.192383	-4.3449459
-23.053167	19.202148	-4.3604522
-22.656635	19.211914	-4.375639
-23.252657	19.22168	-4.3907957
-23.497465	19.231445	-4.4058027
-22.017677	19.241211	-4.4209204
-22.783724	19.250977	-4.4351101
-22.800314	19.260742	-4.4488935
-22.647297	19.270508	-4.4633603
-21.903997	19.280273	-4.4779062
-23.31785	19.290039	-4.4916639
-22.485456	19.299805	-4.5058122
-22.649952	19.30957	-4.5195684
-22.828939	19.319336	-4.5319266
-23.03454	19.329102	-4.5454755
-22.474501	19.338867	-4.5580635
-23.17205	19.348633	-4.5711374
-23.660145	19.358398	-4.5838013
-23.589703	19.368164	-4.5969539
-22.955845	19.37793	-4.6092615
-23.759075	19.387695	-4.6214685
-22.699755	19.397461	-4.6341882
-24.089684	19.407227	-4.6457105
-22.886206	19.416992	-4.6571212
-24.465658	19.426758	-4.6691642
-23.651331	19.436523	-4.6805272
-24.339813	19.446289	-4.6920142
-23.948959	19.456055	-4.7022276
-24.209951	19.46582	-4.7132096
-25.105312	19.475586	-4.724349
-23.883139	19.485352	-4.7343068
-25.718834	19.495117	-4.7454491
-24.281803	19.504883	-4.7550492
-24.345785	19.514648	-4.7655344
-24.314575	19.524414	-4.7769709
-25.000097	19.53418	-4.7862687
-25.302195	19.543945	-4.7956958
-25.953318	19.553711	-4.8055515
-26.355696	19.563477	-4.8143072
-26.595428	19.573242	-4.8226805
-26.965723	19.583008	-4.8311787
-25.969128	19.592773	-4.8398337
-27.016758	19.602539	-4.848609
-27.220022	19.612305	-4.8568592
-28.540682	19.62207	-4.8645811
-27.882286	19.631836	-4.872539
-29.608561	19.641602	-4.879559
-28.419878	19.651367	-4.8863521
-28.923235	19.661133	-4.8951206
-29.995852	19.670898	-4.9003506
-27.880398	19.680664	-4.9082851
-29.710716	19.69043	-4.9128861
-30.337238	19.700195	-4.9196796
-30.187284	19.709961	-4.9256706
-28.025673	19.719727	-4.9319758
-29.862055	19.729492	-4.9387126
-29.45779	19.739258	-4.9435096
-31.604559	19.749023	-4.9487262
-28.362207	19.758789	-4.9556284
-29.999146	19.768555	-4.9603796
-30.031263	19.77832	-4.9647384
-29.638735	19.788086	-4.9701986
-30.189043	19.797852	-4.9750199
-29.515102	19.807617	-4.9777484
-32.258919	19.817383	-4.9825797
-31.408678	19.827148	-4.9878426
-30.409719	19.836914	-4.9904509
-32.339523	19.84668	-4.993917
-30.358845	19.856445	-4.9967408
-32.825478	19.866211	-5.0004311
-30.791655	19.875977	-5.0046325
-32.154224	19.885742	-5.0075455
-32.191505	19.895508	-5.0097876
-31.905703	19.905273	-5.012598
-32.652786	19.915039	-5.0153084
-31.307049	19.924805	-5.018168
-33.117798	19.93457	-5.0194092
-32.935352	19.944336	-5.0203562
-32.750389	19.954102	-5.0228901
-34.036777	19.963867	-5.0235896
-31.510263	19.973633	-5.0255275
-34.050072	19.983398	-5.0260744
-32.014072	19.993164	-5.0270448
-33.552269	20.00293	-5.0280042
-30.992191	20.012695	-5.0286279
-31.289913	20.022461	-5.02842
-31.50684	20.032227	-5.0288973
-31.666157	20.041992	-5.0289178
-29.291782	20.051758	-5.0284624
-27.787022	20.061523	-5.0282793
-23.349199	20.071289	-5.0283656
-21.984056	20.081055	-5.0267086
-14.331646	20.09082	-5.0263047
-12.277113	20.100586	-5.0245047
-9.4644032	20.110352	-5.0234504
-6.3819928	20.120117	-5.0220041
-4.8536572	20.129883	-5.0207272
-2.3524511	20.139648	-5.0187669
0.12007076	20.149414	-5.0174742
1.2543402	20.15918	-5.0142007
2.3182948	20.168945	-5.0113468
2.6607304	20.178711	-5.0088248
1.1995901	20.188477	-5.0046964
3.6868849	20.198242	-5.002152
3.162492	20.208008	-4.9992428
3.0338416	20.217773	-4.9953408
3.9726844	20.227539	-4.9921565
3.2405717	20.237305	-4.9877906
2.3077824	20.24707	-4.9859962
2.2477121	20.256836	-4.979404
0.1536333	20.266602	-4.9741998
2.4163513	20.276367	-4.9701014
1.8486637	20.286133	-4.9654818
0.64324123	20.295898	-4.960485
3.047334	20.305664	-4.9547524
0.96430302	20.31543	-4.9504414
2.3785048	20.325195	-4.9430556
0.93216074	20.334961	-4.9382596
2.0497363	20.344727	-4.9333596
2.5586691	20.354492	-4.9260149
1.3203127	20.364258	-4.919497
1.507008	20.374023	-4.9136238
2.4448032	20.383789	-4.906621
4.0737796	20.393555	-4.9001112
5.2200165	20.40332	-4.8927927
6.4712715	20.413086	-4.8873858
5.3494701	20.422852	-4.8791938
7.6843076	20.432617	-4.8708515
7.1097631	20.442383	-4.8629022
6.9918575	20.452148	-4.8551612
7.9105377	20.461914	-4.8478308
8.2041607	20.47168	-4.839211
9.9813795	20.481445	-4.830163
7.4644923	20.491211	-4.8216262
9.5685482	20.500977	-4.8133798
5.9296727	20.510742	-4.8027611
9.825779	20.520508	-4.7948875
6.3118758	20.530273	-4.784183
7.3181233	20.540039	-4.7747278
6.7265353	20.549805	-4.7644758
7.6664844	20.55957	-4.7550969
5.7944212	20.569336	-4.7443867
6.6754293	20.579102	-4.7359705
5.9255633	20.588867	-4.7249055
6.7859192	20.598633	-4.7139592
6.3635178	20.608398	-4.7033668
6.0750289	20.618164	-4.6920085
5.3042545	20.62793	-4.681685
5.2172575	20.637695	-4.6690359
5.3777361	20.647461	-4.65729
4.7625508	20.657227	-4.6462135
4.3629317	20.666992	-4.6327124
5.5139766	20.676758	-4.6211114
5.1256151	20.686523	-4.6097031
6.5437169	20.696289	-4.5962358
2.9382412	20.706055	-4.583931
6.4329009	20.71582	-4.5725904
4.3440957	20.725586	-4.5576959
5.9224081	20.735352	-4.5455575
4.3731418	20.745117	-4.5318022
6.1611876	20.754883	-4.5176253
3.7026243	20.764648	-4.5049376
4.8731222	20.774414	-4.4900193
3.8629165	20.78418	-4.4770398
5.4735456	20.793945	-4.4628067
5.0664182	20.803711	-4.4491639
4.1234307	20.813477	-4.4344769
4.7956944	20.823242	-4.4197211
2.656388	20.833008	-4.4051528
5.0785952	20.842773	-4.3907018
3.6989803	20.852539	-4.3750391
3.9970851	20.862305	-4.3602996
4.3610344	20.87207	-4.3440967
2.3253262	20.881836	-4.3285832
3.5757666	20.891602	-4.312633
2.588553	20.901367	-4.2971797
2.406945	20.911133	-4.2813168
3.4029362	20.920898	-4.2644711
1.6315374	20.930664	-4.2487597
3.0388939	20.94043	-4.2330928
3.563962	20.950195	-4.2155447
2.356863	20.959961	-4.197681
2.7250383	20.969727	-4.1799603
3.1030853	20.979492	-4.1636362
2.8537936	20.989258	-4.146842
3.0076947	20.999023	-4.1282935
3.7655118	21.008789	-4.1105042
2.1888175	21.018555	-4.0937347
2.8547831	21.02832	-4.074718
2.9956455	21.038086	-4.0562391
3.2835174	21.047852	-4.0383077
1.455273	21.057617	-4.0196395
2.7761445	21.067383	-4.0004611
3.3849151	21.077148	-3.9819739
3.57565	21.086914	-3.962148
3.0705705	21.09668	-3.9443009
3.356405	21.106445	-3.9261475
3.3524702	21.116211	-3.9064362
2.190459	21.125977	-3.8860037
4.2485075	21.135742	-3.8665862
2.7663658	21.145508	-3.8461163
2.77824	21.155273	-3.826966
1.8505496	21.165039	-3.8054214
3.8699596	21.174805	-3.7863202
1.9032974	21.18457	-3.7658513
3.6255457	21.194336	-3.7441194
3.8106344	21.204102	-3.7239134
2.6119523	21.213867	-3.7031791
3.0407915	21.223633	-3.683152
2.4566543	21.233398	-3.6614327
3.8064435	21.243164	-3.6404393
3.8189697	21.25293	-3.6189013
4.3525944	21.262695	-3.5978034
1.3729092	21.272461	-3.5755515
2.9496965	21.282227	-3.553652
2.8153765	21.291992	-3.5325141
3.0734577	21.301758	-3.5097101
2.9857619	21.311523	-3.4882858
4.0681567	21.321289	-3.4663029
3.4046593	21.331055	-3.4430444
4.2888451	21.34082	-3.4208462
5.498086	21.350586	-3.3978245
5.9438405	21.360352	-3.3762136
4.2362719	21.370117	-3.3522115
4.9071503	21.379883	-3.3292146
5.1583748	21.389648	-3.3053935
4.5246677	21.399414	-3.2831886
4.4780669	21.40918	-3.258533
3.7902849	21.418945	-3.2358923
4.5866823	21.428711	-3.2109604
2.5584362	21.438477	-3.1880827
4.7574286	21.448242	-3.1644509
0.89739913	21.458008	-3.1395845
3.1482544	21.467773	-3.1156652
2.1756277	21.477539	-3.0904665
3.2920506	21.487305	-3.0675731
4.2481465	21.49707	-3.0426464
2.4923823	21.506836	-3.0172482
3.98946	21.516602	-2.9921532
3.9472594	21.526367	-2.9682376
2.8162496	21.536133	-2.9434257
1.3794982	21.545898	-2.9190056
5.2475023	21.555664	-2.8929434
0.9768759	21.56543	-2.8679929
5.1011796	21.575195	-2.842109
1.8840656	21.584961	-2.816993
2.0766981	21.594727	-2.7912655
3.1656237	21.604492	-2.76528
1.2478209	21.614258	-2.7390838
3.6726706	21.624023	-2.7131855
1.9091996	21.633789	-2.6876836
3.0556228	21.643555	-2.6611342
1.5019206	21.65332	-2.6349902
3.8434868	21.663086	-2.6095912
0.041292515	21.672852	-2.582705
3.8269441	21.682617	-2.556289
-0.34602126	21.692383	-2.5288978
3.6521115	21.702148	-2.5025203
1.645938	21.711914	-2.4758658
2.7655392	21.72168	-2.4491482
2.4494598	21.731445	-2.4217792
2.0880601	21.741211	-2.3949676
2.4095411	21.750977	-2.367209
3.9886334	21.760742	-2.3406863
2.9418385	21.770508	-2.3130603
3.4722733	21.780273	-2.2856846
3.0181837	21.790039	-2.2580781
4.3114882	21.799805	-2.2310302
4.7214098	21.80957	-2.2029266
2.7207775	21.819336	-2.1752424
5.2052784	21.829102	-2.1475217
3.307301	21.838867	-2.1190979
4.2861795	21.848633	-2.0911977
4.0167127	21.858398	-2.0635202
5.3388996	21.868164	-2.0341747
4.4312911	21.87793	-2.0064921
4.3933048	21.887695	-1.9779361
4.2031054	21.897461	-1.9501493
5.6502523	21.907227	-1.921206
3.4022493	21.916992	-1.8934236
4.4555755	21.926758	-1.8644333
2.5472138	21.936523	-1.8352575
4.7527838	21.946289	-1.8073999
4.0646644	21.956055	-1.7783337
3.8916943	21.96582	-1.7487354
1.4702441	21.975586	-1.7200961
5.1260576	21.985352	-1.6914294
2.1434739	21.995117	-1.661545
4.6091037	22.004883	-1.6328275
2.8823385	22.014648	-1.6038716
4.4230256	22.024414	-1.5753493
2.9590447	22.03418	-1.5449501
3.8641853	22.043945	-1.5146792
3.3676276	22.053711	-1.4860243
2.5517192	22.063477	-1.4561892
6.5365806	22.073242	-1.4266282
3.7128105	22.083008	-1.3978317
3.4211903	22.092773	-1.3665355
3.5133679	22.102539	-1.3377644
4.464097	22.112305	-1.307664
4.4972634	22.12207	-1.2778387
2.3033354	22.131836	-1.248198
5.382998	22.141602	-1.2182817
3.7840335	22.151367	-1.1882507
5.129806	22.161133	-1.1582471
3.2170908	22.170898	-1.1275851
4.444283	22.180664	-1.0987676
2.9009302	22.19043	-1.0686636
4.538661	22.200195	-1.0380722
4.0155835	22.209961	-1.0076032
3.7987483	22.219727	-0.97697526
5.4794478	22.229492	-0.94757307
3.7529855	22.239258	-0.91641021
4.6066475	22.249023	-0.8869015
2.9781601	22.258789	-0.85595101
3.986305	22.268555	-0.82664561
4.002347	22.27832	-0.79599845
3.9734411	22.288086	-0.76512468
4.4500456	22.297852	-0.73412359
4.2099042	22.307617	-0.70487785
4.8990479	22.317383	-0.67318231
3.949774	22.327148	-0.6414935
4.6958447	22.336914	-0.61171204
3.4777331	22.34668	-0.58137774
5.0558476	22.356445	-0.55114925
3.6587124	22.366211	-0.51926148
6.2920737	22.375977	-0.48860237
3.6110404	22.385742	-0.4590638
6.6204228	22.395508	-0.4280895
4.0807528	22.405273	-0.39738119
5.2989459	22.415039	-0.36637411
2.7943401	22.424805	-0.3361389
2.0659528	22.43457	-0.30528232
6.3175454	22.444336	-0.2751343
1.7452286	22.454102	-0.24316832
2.6962254	22.463867	-0.2127938
2.6136172	22.473633	-0.1815021
1.8982565	22.483398	-0.15112981
1.9619241	22.493164	-0.11974275
0.0091036782	22.50293	-0.087581575
1.9517145	22.512695	-0.058533251
1.8595951	22.522461	-0.027763844
1.0567833	22.532227	0.0029399991
2.0618784	22.541992	0.034941733
0.89823735	22.551758	0.065234303
1.2359815	22.561523	0.096146762
2.3771775	22.571289	0.12516826
-0.12823148	22.581055	0.15745163
2.4570618	22.59082	0.18792003
1.3601035	22.600586	0.21872967
1.1537923	22.610352	0.25027543
-0.28915238	22.620117	0.2809003
1.8521562	22.629883	0.31195879
-0.82984334	22.639648	0.34178346
1.1928496	22.649414	0.37286878
-0.25967601	22.65918	0.40300488
0.54822302	22.668945	0.43525398
1.8822378	22.678711	0.46427846
-0.039883889	22.688477	0.49570948
2.2276654	22.698242	0.52549094
0.11221273	22.708008	0.55561513
0.65276396	22.717773	0.58718622
1.5148892	22.727539	0.61763972
1.210242	22.737305	0.6491676
0.75532591	22.74707	0.67944527
1.2567616	22.756836	0.71038157
1.656788	22.766602	0.73964745
-1.0564574	22.776367	0.76990873
3.7130084	22.786133	0.80232769
-1.3906975	22.795898	0.83179921
2.7882984	22.805664	0.86295456
0.40016603	22.81543	0.89292526
1.3696612	22.825195	0.92297047
1.8332735	22.834961	0.95332265
2.2581546	22.844727	0.98403394
1.5354133	22.854492	1.0136857
3.4256489	22.864258	1.0449558
1.9954169	22.874023	1.0751069
2.8041542	22.883789	1.1051044
1.2536533	22.893555	1.1343658
2.4383888	22.90332	1.1656568
0.49544033	22.913086	1.1944726
2.8288341	22.922852	1.2249887
0.53684926	22.932617	1.2547686
2.8648181	22.942383	1.2842864
1.6146573	22.952148	1.3150781
3.1593256	22.961914	1.3451979
0.13330719	22.97168	1.3742075
1.1584837	22.981445	1.4030606
2.8282521	22.991211	1.4333382
1.0887277	23.000977	1.4629543
2.6027555	23.010742	1.4932618
1.2880307	23.020508	1.5225887
2.106349	23.030273	1.5508904
1.6770209	23.040039	1.5811012
0.94762075	23.049805	1.6096756
1.4316058	23.05957	1.6387746
0.30384398	23.069336	1.6691536
1.4337245	23.079102	1.6976058
-0.15258557	23.088867	1.7262071
1.8034596	23.098633	1.7543763
-0.37314603	23.108398	1.7832756
0.96127623	23.118164	1.8127829
0.31448436	23.12793	1.8418014
0.73842239	23.137695	1.8700629
-0.46035275	23.147461	1.8992841
1.7468003	23.157227	1.9271507
-0.59788579	23.166992	1.9564853
1.922925	23.176758	1.9840941
0.0065658242	23.186523	2.0116613
2.8519192	23.196289	2.0402818
0.084075145	23.206055	2.0675943
0.42138854	23.21582	2.0975261
1.360965	23.225586	2.1251068
-0.29013026	23.235352	2.1532207
3.4428899	23.245117	2.1799355
-1.1946657	23.254883	2.2091582
1.5940168	23.264648	2.2357404
2.0633452	23.274414	2.2638111
0.39914158	23.28418	2.2911086
2.1291199	23.293945	2.3176565
0.4094094	23.303711	2.3456306
2.1842074	23.313477	2.3731022
3.810029	23.323242	2.3982749
3.2075913	23.333008	2.4272709
1.200405	23.342773	2.4537578
3.6226354	23.352539	2.4811223
2.3973873	23.362305	2.5085642
2.4901121	23.37207	2.5346265
0.071374238	23.381836	2.5619135
3.5904813	23.391602	2.5883331
0.61815369	23.401367	2.6142268
1.6542035	23.411133	2.6403904
1.3102428	23.420898	2.6672676
2.4214387	23.430664	2.6930139
0.72584951	23.44043	2.719213
0.92787671	23.450195	2.744791
3.215822	23.459961	2.770263
2.0204694	23.469727	2.7952909
1.3713375	23.479492	2.8211296
2.1681423	23.489258	2.8466849
1.7084763	23.499023	2.8721347
2.3412402	23.508789	2.8969378
1.9422499	23.518555	2.921988
0.9730109	23.52832	2.9475913
2.9007206	23.538086	2.9727294
1.4525605	23.547852	2.9967813
1.7568586	23.557617	3.0223787
2.3448722	23.567383	3.0469565
2.3972709	23.577148	3.0712605
0.66127396	23.586914	3.0961781
2.4949899	23.59668	3.1204641
0.68312514	23.606445	3.143333
3.728224	23.616211	3.1668782
-1.0018703	23.625977	3.1911597
2.8349924	23.635742	3.2151818
0.95928556	23.645508	3.2396793
1.2593343	23.655273	3.2630177
2.3409958	23.665039	3.2859876
1.2087636	23.674805	3.3088639
1.3343873	23.68457	3.3332541
2.2565596	23.694336	3.355305
0.52030665	23.704102	3.3776193
-0.069872476	23.713867	3.401351
3.9083068	23.723633	3.4232557
-0.51766402	23.733398	3.4460812
3.6939514	23.743164	3.4677968
-0.83273041	23.75293	3.4908504
3.1778123	23.762695	3.5133629
2.1417975	23.772461	3.5348921
0.51673269	23.782227	3.5554826
2.9363086	23.791992	3.5782547
0.55544078	23.801758	3.6008105
4.1804857	23.811523	3.6216645
0.55648851	23.821289	3.6422536
2.7106957	23.831055	3.6649272
2.4696231	23.84082	3.6855354
0.64616323	23.850586	3.7069888
3.0374503	23.860352	3.7265449
1.9607134	23.870117	3.7472889
3.9262698	23.879883	3.7684903
3.6317739	23.889648	3.7889929
5.3949652	23.899414	3.8086548
2.5350599	23.90918	3.8287492
5.1583514	23.918945	3.8497522
2.2784457	23.928711	3.8696706
3.2814918	23.938477	3.8890734
2.4673994	23.948242	3.9076328
1.8946477	23.958008	3.9271445
2.4201	23.967773	3.9466114
1.7405022	23.977539	3.9660692
2.2012274	23.987305	3.9847777
3.0672526	23.99707	4.0033073
1.6131206	24.006836	4.0217595
1.9148109	24.016602	4.0395751
2.705492	24.026367	4.0577202
1.0943972	24.036133	4.0754738
1.3535494	24.045898	4.0944724
3.1393487	24.055664	4.1112928
0.58382285	24.06543	4.1301265
3.8948607	24.075195	4.1478157
0.52889812	24.084961	4.1655211
2.7650385	24.094727	4.1819482
1.9293046	24.104492	4.1983409
1.7645186	24.114258	4.2156725
1.3578566	24.124023	4.2330608
2.6099384	24.133789	4.2488127
2.2812397	24.143555	4.2653484
0.78142619	24.15332	4.2810173
3.0727358	24.163086	4.2970123
0.21382003	24.172852	4.3130932
2.5948975	24.182617	4.3291779
0.89074022	24.192383	4.3455691
2.1318672	24.202148	4.3600917
1.025421	24.211914	4.3758183
1.407729	24.22168	4.3908792
2.1095388	24.231445	4.4056206
1.5281607	24.241211	4.4213519
1.1088675	24.250977	4.4356866
1.9320753	24.260742	4.4493346
0.85601348	24.270508	4.4637876
2.772105	24.280273	4.478611
0.55568528	24.290039	4.4924259
1.5805591	24.299805	4.5055614
1.3254815	24.30957	4.5193748
0.98667806	24.319336	4.5339184
2.0403531	24.329102	4.546617
1.022534	24.338867	4.5599041
1.2219418	24.348633	4.5723171
1.3395096	24.358398	4.585609
2.2246387	24.368164	4.5985861
0.57368308	24.37793	4.6105981
1.811306	24.387695	4.623282
0.48585933	24.397461	4.6341105
1.3537705	24.407227	4.6470108
1.4369143	24.416992	4.6579466
0.022223685	24.426758	4.6710415
2.4728594	24.436523	4.6810074
0.056356657	24.446289	4.6921787
2.6198454	24.456055	4.7036991
-0.29375079	24.46582	4.7145247
2.7444563	24.475586	4.7244253
1.1772267	24.485352	4.7346683
0.54162228	24.495117	4.7445936
1.8637977	24.504883	4.7548904
2.3300178	24.514648	4.7648711
1.2540492	24.524414	4.7744274
0.63029581	24.53418	4.7846408
1.2858654	24.543945	4.7934399
1.0020682	24.553711	4.8026829
2.1841261	24.563477	4.8127251
1.3857498	24.573242	4.8199949
1.1066673	24.583008	4.8285842
2.619694	24.592773	4.8382444
1.3435957	24.602539	4.8449979
2.6635127	24.612305	4.8526301
1.1099619	24.62207	4.8616452
2.1204469	24.631836	4.8690853
2.8049457	24.641602	4.8782735
2.4842796	24.651367	4.884438
1.1726049	24.661133	4.891324
2.6168768	24.670898	4.8987226
1.2838631	24.680664	4.9054608
3.4038327	24.69043	4.9118223
1.6747043	24.700195	4.9192457
1.5543425	24.709961	4.9246354
2.5454443	24.719727	4.9303756
2.5158749	24.729492	4.9367666
1.0577962	24.739258	4.9422083
1.9505271	24.749023	4.9481812
3.0083466	24.758789	4.9538298
2.1920424	24.768555	4.9586864
0.770262	24.77832	4.9626455
4.116271	24.788086	4.9685464
1.5539583	24.797852	4.9731913
1.6262755	24.807617	4.9781723
2.5523129	24.817383	4.9811931
3.4271507	24.827148	4.9856677
2.7021277	24.836914	4.9904346
2.6290538	24.84668	4.993412
3.0768802	24.856445	4.9966516
2.0121224	24.866211	5.0009265
4.1217079	24.875977	5.0025134
2.9145508	24.885742	5.0056891
1.1599623	24.895508	5.0083117
4.1491117	24.905273	5.0109372
2.850534	24.915039	5.0142064
3.2880344	24.924805	5.0159259
3.675127	24.93457	5.0181093
3.408792	24.944336	5.0191522
2.4784124	24.954102	5.0224557
3.807596	24.963867	5.0213337
3.2175915	24.973633	5.0244451
3.2222714	24.983398	5.0243559
3.3219345	24.993164	5.026032
3.1276605	25.00293	5.0259471
3.662065	25.012695	5.0261245
3.1155767	25.022461	5.027276
3.136904	25.032227	5.0269022
2.9328628	25.041992	5.0276728
-0.50773376	25.051758	5.0270767
-1.9763945	25.061523	5.0265594
-5.691184	25.071289	5.0262303
-8.6108456	25.081055	5.0249295
-11.359156	25.09082	5.0240726
-11.685305	25.100586	5.0214796
-13.153558	25.110352	5.021605
-13.011798	25.120117	5.0201745
-13.42697	25.129883	5.0178556
-14.705327	25.139648	5.0164328
-14.682242	25.149414	5.0136342
-14.410971	25.15918	5.0117655
-15.717792	25.168945	5.0093174
-15.282561	25.178711	5.0049858
-15.572308	25.188477	5.0030098
-14.971104	25.198242	4.9998684
-17.236406	25.208008	4.9975872
-14.764629	25.217773	4.9936457
-16.599045	25.227539	4.9894662
-14.960125	25.237305	4.9847932
-16.211382	25.24707	4.9813018
-15.601645	25.256836	4.9767256
-16.094522	25.266602	4.97369
-14.93704	25.276367	4.9691005
-15.613612	25.286133	4.9637465
-15.370025	25.295898	4.9583569
-15.144598	25.305664	4.9543023
-14.288083	25.31543	4.9480495
-15.119987	25.325195	4.942225
-15.236577	25.334961	4.9355149
-16.132473	25.344727	4.9308867
-15.184306	25.354492	4.9245925
-16.862423	25.364258	4.9186378
-16.895857	25.374023	4.9118891
-18.178894	25.383789	4.9054651
-17.600775	25.393555	4.8985243
-20.173529	25.40332	4.8912868
-17.909218	25.413086	4.8843532
-21.101326	25.422852	4.8776226
-20.367571	25.432617	4.8696713
-21.549385	25.442383	4.8610835
-22.74391	25.452148	4.8532963
-21.588116	25.461914	4.8449783
-22.582094	25.47168	4.8372731
-21.662935	25.481445	4.8290358
-23.991114	25.491211	4.8205509
-22.105572	25.500977	4.8100696
-21.665766	25.510742	4.8012018
-23.025938	25.520508	4.792069
-21.757349	25.530273	4.7826452
-23.48082	25.540039	4.7739296
-21.411934	25.549805	4.7631698
-20.948193	25.55957	4.7529383
-23.08523	25.569336	4.7432241
-21.470968	25.579102	4.7323732
-22.245932	25.588867	4.7219396
-21.293304	25.598633	4.712039
-22.988684	25.608398	4.7008915
-22.288563	25.618164	4.6893435
-21.713205	25.62793	4.6781244
-22.205256	25.637695	4.6671228
-21.911272	25.647461	4.6558576
-22.644852	25.657227	4.643321
-21.867804	25.666992	4.6316786
-23.021526	25.676758	4.619801
-21.818409	25.686523	4.6068282
-22.296865	25.696289	4.5955911
-20.885818	25.706055	4.5820417
-22.810266	25.71582	4.5697899
-22.636448	25.725586	4.5578165
-21.841354	25.735352	4.5428605
-23.063843	25.745117	4.5312152
-20.161097	25.754883	4.5167551
-22.884014	25.764648	4.5041246
-20.602194	25.774414	4.4894576
-23.241377	25.78418	4.4748964
-21.710096	25.793945	4.4612112
-23.099012	25.803711	4.4473276
-22.554758	25.813477	4.4326468
-21.564577	25.823242	4.4175057
-22.480858	25.833008	4.4028745
-19.998034	25.842773	4.3877931
-21.838583	25.852539	4.3729229
-20.342402	25.862305	4.3578582
-21.570444	25.87207	4.3423252
-20.614662	25.881836	4.3275132
-21.418068	25.891602	4.3113155
-20.279385	25.901367	4.2943182
-20.749832	25.911133	4.280129
-21.034433	25.920898	4.2630854
-20.618177	25.930664	4.246244
-21.404459	25.94043	4.2304068
-19.220531	25.950195	4.2128563
-21.674845	25.959961	4.1958957
-18.636148	25.969727	4.178144
-20.641367	25.979492	4.1624026
-21.277042	25.989258	4.1445866
-19.664911	25.999023	4.1270642
-21.047588	26.008789	4.1084824
-20.613138	26.018555	4.0909557
-19.167923	26.02832	4.0732265
-20.037964	26.038086	4.055172
-20.467199	26.047852	4.0371313
-20.651426	26.057617	4.0187268
-19.615971	26.067383	4.0000887
-19.802002	26.077148	3.981118
-21.936651	26.086914	3.9623232
-19.633921	26.09668	3.9429889
-19.987043	26.106445	3.9237051
-20.677038	26.116211	3.9045186
-20.939112	26.125977	3.8849459
-20.59742	26.135742	3.8652911
-19.406178	26.145508	3.8458273
-20.391529	26.155273	3.826128
-19.621429	26.165039	3.8063347
-19.962376	26.174805	3.7857904
-18.647825	26.18457	3.7655487
-19.913492	26.194336	3.7441344
-19.038946	26.204102	3.7234097
-18.380152	26.213867	3.7032738
-19.207109	26.223633	3.6812768
-21.097006	26.233398	3.6609678
-20.988415	26.243164	3.6404848
-21.678814	26.25293	3.6195948
-22.194733	26.262695	3.5970271
-20.097569	26.272461	3.5762324
-20.560135	26.282227	3.5537004
-21.794264	26.291992	3.533046
-21.856394	26.301758	3.5102501
-22.876997	26.311523	3.4880533
-22.878788	26.321289	3.4660637
-21.052931	26.331055	3.4439399
-25.201145	26.34082	3.4222827
-19.515038	26.350586	3.3987269
-23.168198	26.360352	3.3761666
-22.086151	26.370117	3.3539295
-21.898758	26.379883	3.3301578
-21.977629	26.389648	3.3062906
-21.774229	26.399414	3.2826722
-21.754623	26.40918	3.2599688
-21.731237	26.418945	3.2363906
-23.766176	26.428711	3.2124653
-21.11079	26.438477	3.1882241
-23.528353	26.448242	3.1640887
-21.091803	26.458008	3.1398773
-22.643024	26.467773	3.1166837
-21.236763	26.477539	3.09235
-22.973656	26.487305	3.0677154
-22.201683	26.49707	3.0432253
-22.634457	26.506836	3.0192554
-20.980381	26.516602	2.9936314
-22.859919	26.526367	2.9699578
-21.985163	26.536133	2.9451518
-22.476177	26.545898	2.9193373
-22.696983	26.555664	2.8934269
-20.14225	26.56543	2.8676822
-23.097404	26.575195	2.8436377
-22.206503	26.584961	2.8173134
-21.201103	26.594727	2.7923062
-23.318233	26.604492	2.7667551
-21.440292	26.614258	2.7416916
-23.736956	26.624023	2.7151659
-22.938126	26.633789	2.6896729
-23.869228	26.643555	2.6640236
-22.926205	26.65332	2.637218
-23.304962	26.663086	2.6099548
-22.914085	26.672852	2.5838404
-22.119993	26.682617	2.5562212
-22.520382	26.692383	2.5295601
-22.7381	26.702148	2.502893
-22.625679	26.711914	2.4768009
-22.940918	26.72168	2.4495051
-21.976919	26.731445	2.4224744
-23.768366	26.741211	2.3954854
-21.953648	26.750977	2.3683696
-22.894005	26.760742	2.3419812
-21.838816	26.770508	2.3137002
-23.228209	26.780273	2.2868409
-21.942739	26.790039	2.2596226
-22.95759	26.799805	2.2323787
-21.956791	26.80957	2.2036002
-22.599508	26.819336	2.176173
-21.461536	26.829102	2.1485269
-22.173615	26.838867	2.1200509
-20.453262	26.848633	2.0918236
-22.465807	26.858398	2.0638018
-20.851625	26.868164	2.0357072
-20.28764	26.87793	2.0082474
-20.799297	26.887695	1.9793272
-20.533125	26.897461	1.9508183
-21.11236	26.907227	1.9226863
-19.390438	26.916992	1.8941865
-21.488535	26.926758	1.8656657
-20.630192	26.936523	1.8370718
-20.053621	26.946289	1.8082291
-21.212269	26.956055	1.7794743
-19.154709	26.96582	1.7489374
-20.6984	26.975586	1.719974
-21.232187	26.985352	1.6911223
-19.919558	26.995117	1.661703
-22.190727	27.004883	1.6336992
-18.357578	27.014648	1.6047776
-21.651409	27.024414	1.5757024
-18.387428	27.03418	1.5464439
-21.408766	27.043945	1.5163451
-20.71073	27.053711	1.4877961
-21.393154	27.063477	1.4587805
-21.486544	27.073242	1.428324
-21.602795	27.083008	1.3993859
-19.214746	27.092773	1.3692572
-22.271473	27.102539	1.3404891
-21.716196	27.112305	1.3094574
-21.369579	27.12207	1.2798235
-21.119789	27.131836	1.2500077
-22.628788	27.141602	1.2210443
-20.590483	27.151367	1.1908844
-21.787092	27.161133	1.1604474
-21.85984	27.170898	1.1311069
-20.570076	27.180664	1.1001825
-21.37709	27.19043	1.0707273
-20.221319	27.200195	1.0405288
-22.385851	27.209961	1.0098726
-20.062132	27.219727	0.97949803
-20.019058	27.229492	0.94965994
-21.14526	27.239258	0.91944635
-19.69072	27.249023	0.89009255
-22.339205	27.258789	0.85977465
-20.620087	27.268555	0.82857609
-21.322014	27.27832	0.79823881
-20.477118	27.288086	0.76781958
-20.676735	27.297852	0.73693991
-19.942389	27.307617	0.70712864
-20.819519	27.317383	0.67631304
-19.137758	27.327148	0.64644217
-20.403706	27.336914	0.61540455
-20.486034	27.34668	0.58357567
-19.791092	27.356445	0.55229515
-19.672594	27.366211	0.52338243
-20.845491	27.375977	0.49173832
-20.438898	27.385742	0.46174377
-18.454378	27.395508	0.43123066
-21.265551	27.405273	0.40075332
-19.136234	27.415039	0.37011355
-20.184973	27.424805	0.33820868
-19.282719	27.43457	0.30785054
-20.64337	27.444336	0.27755201
-20.998892	27.454102	0.2475217
-19.340078	27.463867	0.21548271
-19.591848	27.473633	0.18409491
-18.797174	27.483398	0.15312284
-19.447412	27.493164	0.12233108
-18.489803	27.50293	0.091767311
-20.534649	27.512695	0.061367452
-20.172167	27.522461	0.030854344
-20.675245	27.532227	-0.00043958426
-21.799038	27.541992	-0.030782819
-22.151705	27.551758	-0.062279403
-21.717791	27.561523	-0.093904138
-21.587627	27.571289	-0.12395233
-22.081762	27.581055	-0.15659481
-21.167078	27.59082	-0.18576756
-21.66757	27.600586	-0.21731332
-19.916323	27.610352	-0.24781898
-21.591969	27.620117	-0.27884915
-20.285566	27.629883	-0.30915737
-21.423679	27.639648	-0.33987015
-20.176348	27.649414	-0.3695257
-22.433254	27.65918	-0.40085092
-20.274195	27.668945	-0.43151006
-20.793848	27.678711	-0.46178848
-21.601583	27.688477	-0.49324781
-20.968344	27.698242	-0.52384585
-21.323458	27.708008	-0.5545795
-20.224321	27.717773	-0.5853653
-20.5889	27.727539	-0.61686862
-20.03282	27.737305	-0.64615458
-21.400139	27.74707	-0.67749989
-20.651426	27.756836	-0.70896077
-22.609299	27.766602	-0.73949248
-20.31793	27.776367	-0.7699244
-23.610086	27.786133	-0.80072582
-19.855797	27.795898	-0.83117485
-23.343239	27.805664	-0.86184669
-18.680515	27.81543	-0.89320469
-24.208845	27.825195	-0.92260689
-19.456667	27.834961	-0.95324069
-21.747255	27.844727	-0.98279864
-21.275459	27.854492	-1.013469
-21.682343	27.864258	-1.0419831
-20.751101	27.874023	-1.073081
-21.429163	27.883789	-1.1045552
-20.584417	27.893555	-1.1342034
-20.708202	27.90332	-1.1641517
-20.203344	27.913086	-1.1935368
-20.413462	27.922852	-1.2241132
-21.416042	27.932617	-1.2531638
-21.254784	27.942383	-1.2833811
-20.471518	27.952148	-1.3127304
-19.986183	27.961914	-1.3423592
-22.33322	27.97168	-1.3721741
-20.144274	27.981445	-1.4019318
-21.428335	27.991211	-1.4320664
-20.084578	28.000977	-1.4613881
-20.227757	28.010742	-1.4898286
-20.649866	28.020508	-1.5215979
-21.221884	28.030273	-1.5498087
-20.041632	28.040039	-1.5790075
-20.377302	28.049805	-1.6087883
-21.256857	28.05957	-1.6358666
-22.105919	28.069336	-1.6657509
-21.054352	28.079102	-1.6946032
-20.756956	28.088867	-1.7251015
-22.204023	28.098633	-1.7535203
-22.137165	28.108398	-1.7824776
-19.626284	28.118164	-1.8119901
-23.691833	28.12793	-1.8402219
-20.674	28.137695	-1.8684901
-22.322371	28.147461	-1.897543
-19.963097	28.157227	-1.926928
-22.650696	28.166992	-1.9553281
-22.025768	28.176758	-1.9823565
-22.280077	28.186523	-2.0117238
-19.576143	28.196289	-2.03984
-23.345299	28.206055	-2.0668468
-19.557577	28.21582	-2.0957477
-23.390539	28.225586	-2.1245031
-21.201885	28.235352	-2.1516957
-21.441292	28.245117	-2.1795831
-21.717314	28.254883	-2.2073774
-21.995779	28.264648	-2.2363939
-20.716827	28.274414	-2.2629335
-21.594332	28.28418	-2.2914991
-21.097633	28.293945	-2.3182697
-21.283178	28.303711	-2.346035
-22.470869	28.313477	-2.372498
-21.373062	28.323242	-2.3988538
-19.868162	28.333008	-2.426482
-22.034254	28.342773	-2.4545298
-20.486406	28.352539	-2.4805546
-20.674906	28.362305	-2.5077627
-20.380783	28.37207	-2.5352457
-20.938995	28.381836	-2.5605717
-20.655291	28.391602	-2.5881686
-20.575291	28.401367	-2.6149943
-21.030706	28.411133	-2.6397758
-20.519701	28.420898	-2.6667409
-20.794245	28.430664	-2.6923671
-21.093187	28.44043	-2.7187042
-21.301884	28.450195	-2.7434847
-21.045527	28.459961	-2.7704909
-20.282694	28.469727	-2.7960725
-21.364132	28.479492	-2.822572
-21.808908	28.489258	-2.8477588
-21.210894	28.499023	-2.8727314
-20.589226	28.508789	-2.8970928
-19.997486	28.518555	-2.9227257
-22.010483	28.52832	-2.9476418
-20.134809	28.538086	-2.9721708
-21.113304	28.547852	-2.9971652
-20.350412	28.557617	-3.0227966
-19.10508	28.567383	-3.0470223
-21.633366	28.577148	-3.0718431
-12.444356	28.586914	-3.0912123
-20.283983	28.59668	-3.1006575
-19.116467	28.606445	-3.1042814
-19.403372	28.616211	-3.1061032
-20.05574	28.625977	-3.1078844
-19.382814	28.635742	-3.1073511
-17.30772	28.645508	-3.1061649
-14.474988	28.655273	-3.1065955
-13.510953	28.665039	-3.1058364
-9.9912643	28.674805	-3.1060233
-9.0885439	28.68457	-3.1053894
-8.4671659	28.694336	-3.1034305
-7.8962183	28.704102	-3.1046324
-8.0481062	28.713867	-3.103622
-6.6642299	28.723633	-3.1028614
-7.1835818	28.733398	-3.1032681
-7.9939256	28.743164	-3.1022146
-6.0760069	28.75293	-3.1022012
-7.0780983	28.762695	-3.1018422
-5.8252597	28.772461	-3.1023762
-6.5539379	28.782227	-3.1012387
-5.9536657	28.791992	-3.1016133
-4.8224349	28.801758	-3.1009607
-6.6468959	28.811523	-3.1003907
-6.1536326	28.821289	-3.1004705
-4.2229891	28.831055	-3.0997374
-5.1083741	28.84082	-3.0993216
-5.2540097	28.850586	-3.0992136
-4.8904681	28.860352	-3.0982025
-5.312427	28.870117	-3.0985699
-5.4695411	28.879883	-3.0990996
-4.3121867	28.889648	-3.0972018
-4.6985922	28.899414	-3.0970626
-4.9968019	28.90918	-3.0979826
-3.9849429	28.918945	-3.0966661
-4.213932	28.928711	-3.0963533
-4.2172265	28.938477	-3.0963211
-3.8614845	28.948242	-3.0955687
-3.3416901	28.958008	-3.0946865
-2.7968082	28.967773	-3.0945718
-4.8412127	28.977539	-3.094095
-3.7928112	28.987305	-3.0954189
-2.7686939	28.99707	-3.0933766
-3.5918784	29.006836	-3.0937591
-3.857573	29.016602	-3.0937977
-4.8540883	29.026367	-3.0937917
-3.4659286	29.036133	-3.0934081
-3.8704603	29.045898	-3.0919194
-3.1176839	29.055664	-3.0926495
-3.2990007	29.06543	-3.0925744
-2.1760352	29.075195	-3.0919008
-3.36183	29.084961	-3.0919626
