MTS793|MPT|ENU|1|2|.|/|:|1|0|0|A

Data Acquisition						Time:	8.0390625	s	4/10/2018 12:14:34 PM
Axial Force	Running Time	Axial Displacement
N	s	mm
-0.39669687	0.013671875	0.00089257956
-1.0079588	0.0234375	0.00023394823
6.94209	0.033203125	0.00078827143
21.353073	0.04296875	0.0078782439
21.771662	0.052734375	0.022310019
23.46937	0.0625	0.04773587
27.150738	0.072265625	0.082188845
78.956276	0.08203125	0.12437552
23.632439	0.091796875	0.17658472
38.067295	0.1015625	0.23807436
69.544136	0.11132813	0.30795038
32.020473	0.12109375	0.38846135
58.253448	0.13085938	0.47566742
47.612553	0.140625	0.57144314
46.83049	0.15039063	0.67459494
58.955959	0.16015625	0.78359693
56.328026	0.16992188	0.90066344
44.593731	0.1796875	1.0239377
74.362061	0.18945313	1.1517928
50.275597	0.19921875	1.285027
60.337143	0.20898438	1.4239385
63.351528	0.21875	1.56513
51.679535	0.22851563	1.7119422
73.684242	0.23828125	1.859267
63.436241	0.24804688	2.0096257
65.261902	0.2578125	2.165024
66.130867	0.26757813	2.3199067
61.744606	0.27734375	2.4754748
70.452728	0.28710938	2.6300595
62.848644	0.296875	2.784066
63.948116	0.30664063	2.9398932
67.908737	0.31640625	3.0906663
59.093918	0.32617188	3.2408938
60.144394	0.3359375	3.3877001
57.841537	0.34570313	3.5319104
56.599926	0.35546875	3.6725626
59.45702	0.36523438	3.8087084
60.361961	0.375	3.9391384
62.91048	0.38476563	4.0641589
73.930321	0.39453125	4.1834993
57.916458	0.40429688	4.2994184
53.006958	0.4140625	4.4053183
55.13765	0.42382813	4.5050817
54.418144	0.43359375	4.5990601
39.278675	0.44335938	4.6838479
57.265057	0.453125	4.7593994
28.628559	0.46289063	4.8298879
27.533842	0.47265625	4.8903003
30.257553	0.48242188	4.9427075
7.6524563	0.4921875	4.9863381
26.95318	0.50195313	5.0178871
30.678768	0.51171875	5.0408049
15.397242	0.52148438	5.0565944
4.8591871	0.53125	5.0601406
-3.7875142	0.54101563	5.0498171
-6.7431598	0.55078125	5.0232635
-12.060918	0.56054688	4.9750342
-20.980299	0.5703125	4.9087391
-141.76347	0.58007813	4.8262491
-57.820171	0.58984375	4.7171488
-80.441513	0.59960938	4.5930252
-96.625954	0.609375	4.4494376
-105.86309	0.61914063	4.290031
-78.889099	0.62890625	4.1134253
-114.59018	0.63867188	3.9227412
-100.79755	0.6484375	3.7169621
-102.52011	0.65820313	3.4980133
-115.09857	0.66796875	3.2700226
-92.993217	0.67773438	3.0287697
-127.30964	0.6875	2.7769222
-109.75746	0.69726563	2.5130138
-127.21071	0.70703125	2.2398398
-115.08397	0.71679688	1.9553854
-108.80939	0.7265625	1.6657398
-124.68169	0.73632813	1.3686047
-124.587	0.74609375	1.0657535
-126.45895	0.75585938	0.7605955
-129.63708	0.765625	0.45250207
-132.04585	0.77539063	0.14179647
-116.74236	0.78515625	-0.16907603
-122.86485	0.79492188	-0.47782063
-113.81232	0.8046875	-0.78725666
-108.93817	0.81445313	-1.0913327
-119.67896	0.82421875	-1.3922721
-120.90129	0.83398438	-1.6866237
-122.05343	0.84375	-1.9764616
-114.99747	0.85351563	-2.2556901
-112.28671	0.86328125	-2.5280998
-89.378235	0.87304688	-2.7922244
-88.755112	0.8828125	-3.0450807
-89.527039	0.89257813	-3.2876029
-85.694855	0.90234375	-3.5166667
-95.500305	0.91210938	-3.7354007
-87.679382	0.921875	-3.9383993
-88.055923	0.93164063	-4.1258855
-79.536545	0.94140625	-4.2971926
-73.229774	0.95117188	-4.4523911
-54.529541	0.9609375	-4.5898275
-67.857903	0.97070313	-4.7083559
-38.615944	0.98046875	-4.8118591
-38.075657	0.99023438	-4.8957243
-44.690132	1	-4.9644189
-23.874769	1.0097656	-5.0155954
-5.0941715	1.0195313	-5.047883
-10.379555	1.0292969	-5.0626917
0.42266911	1.0390625	-5.0587234
6.8643012	1.0488281	-5.0363584
11.543417	1.0585938	-4.9955158
15.983429	1.0683594	-4.9344463
35.438881	1.078125	-4.8560128
139.13156	1.0878906	-4.7596483
28.550468	1.0976563	-4.6378613
71.907166	1.1074219	-4.5020847
111.25339	1.1171875	-4.3491421
66.144226	1.1269531	-4.1763487
97.807716	1.1367188	-3.9888442
96.65168	1.1464844	-3.786221
85.640205	1.15625	-3.5683916
90.37191	1.1660156	-3.336823
94.274246	1.1757813	-3.0936718
92.321808	1.1855469	-2.837877
84.343704	1.1953125	-2.5720239
109.70205	1.2050781	-2.297163
110.87167	1.2148438	-2.0123692
102.82564	1.2246094	-1.7219172
104.53772	1.234375	-1.424861
86.694794	1.2441406	-1.1226535
106.70055	1.2539063	-0.81658661
93.797203	1.2636719	-0.50703883
104.40545	1.2734375	-0.1977399
110.55869	1.2832031	0.11344403
93.636421	1.2929688	0.42298436
93.524506	1.3027344	0.73154122
97.67086	1.3125	1.0379388
93.196701	1.3222656	1.3400271
88.133972	1.3320313	1.6359613
87.229988	1.3417969	1.9250498
87.335876	1.3515625	2.2084787
80.900131	1.3613281	2.4823859
89.669624	1.3710938	2.7453766
82.647591	1.3808594	3.0006514
74.044044	1.390625	3.242378
79.935966	1.4003906	3.4722939
66.671616	1.4101563	3.6899493
67.075226	1.4199219	3.8928435
60.290668	1.4296875	4.0808516
63.972466	1.4394531	4.2529926
55.819832	1.4492188	4.4121308
41.902367	1.4589844	4.5533404
31.174305	1.46875	4.6764717
37.147453	1.4785156	4.7840552
24.105587	1.4882813	4.8730626
16.292442	1.4980469	4.9468145
7.5765419	1.5078125	5.0024405
20.540546	1.5175781	5.0392642
-0.89333624	1.5273438	5.0574107
-4.1514053	1.5371094	5.056457
-5.0969772	1.546875	5.0364003
-9.6126223	1.5566406	4.9991889
-17.331343	1.5664063	4.9398975
-118.73164	1.5761719	4.8640027
-72.789833	1.5859375	4.7650499
-57.250282	1.5957031	4.6466932
-104.37721	1.6054688	4.5134025
-96.491348	1.6152344	4.3593869
-88.563629	1.625	4.1898685
-97.591682	1.6347656	4.0043459
-110.35497	1.6445313	3.8043394
-81.174881	1.6542969	3.5884783
-117.30679	1.6640625	3.3659294
-99.412933	1.6738281	3.1299219
-108.72949	1.6835938	2.8831675
-115.38972	1.6933594	2.6232467
-117.77004	1.703125	2.3536994
-118.57045	1.7128906	2.0746753
-108.53147	1.7226563	1.7863975
-122.76177	1.7324219	1.4925048
-110.317	1.7421875	1.1901722
-129.09309	1.7519531	0.88640302
-117.11922	1.7617188	0.5786702
-128.78096	1.7714844	0.26777536
-120.55598	1.78125	-0.042763352
-113.52114	1.7910156	-0.3538236
-108.53722	1.8007813	-0.66150427
-111.38004	1.8105469	-0.9680748
-108.19538	1.8203125	-1.2704418
-111.53447	1.8300781	-1.5690639
-118.42239	1.8398438	-1.8593997
-111.07226	1.8496094	-2.1423726
-105.59156	1.859375	-2.4191425
-91.455963	1.8691406	-2.6853397
-85.461304	1.8789063	-2.9417887
-85.817253	1.8886719	-3.189014
-78.5149	1.8984375	-3.4249127
-89.06662	1.9082031	-3.649801
-82.735306	1.9179688	-3.8592486
-83.747879	1.9277344	-4.0520387
-75.732254	1.9375	-4.2279558
-71.562943	1.9472656	-4.3877034
-64.150406	1.9570313	-4.5331793
-52.491543	1.9667969	-4.6596885
-41.287659	1.9765625	-4.7705693
-44.9314	1.9863281	-4.8631086
-30.811028	1.9960938	-4.9360676
-40.860786	2.0058594	-4.9942894
-8.9621744	2.015625	-5.0337167
-6.1149826	2.0253906	-5.0553412
-5.5451179	2.0351563	-5.0595241
6.804615	2.0449219	-5.0441475
10.492373	2.0546875	-5.0128431
15.126286	2.0644531	-4.9593267
21.889486	2.0742188	-4.8877091
137.68011	2.0839844	-4.7991157
49.0345	2.09375	-4.6856256
36.772766	2.1035156	-4.5555906
118.22804	2.1132813	-4.4109211
61.864773	2.1230469	-4.2447419
83.331688	2.1328125	-4.0637627
94.893837	2.1425781	-3.8681209
79.504402	2.1523438	-3.6564231
85.244736	2.1621094	-3.4300194
83.561539	2.171875	-3.1914964
89.270729	2.1816406	-2.9402733
76.096695	2.1914063	-2.6785121
100.34468	2.2011719	-2.4066508
105.9976	2.2109375	-2.1271853
100.66772	2.2207031	-1.8386453
104.22378	2.2304688	-1.5438616
78.839233	2.2402344	-1.2442142
95.14389	2.25	-0.93875825
91.561096	2.2597656	-0.63019097
94.564102	2.2695313	-0.32155067
115.82845	2.2792969	-0.0097975135
101.0275	2.2890625	0.30090511
86.366928	2.2988281	0.61088651
90.509148	2.3085938	0.91820806
98.590172	2.3183594	1.2211547
91.144577	2.328125	1.5191302
88.61174	2.3378906	1.8121765
86.210693	2.3476563	2.0966277
81.787903	2.3574219	2.3735569
87.293739	2.3671875	2.6428177
106.9819	2.3769531	2.9002323
86.005432	2.3867188	3.1467869
68.956146	2.3964844	3.3832207
73.008141	2.40625	3.605567
68.143707	2.4160156	3.8146033
63.85181	2.4257813	4.0081544
62.449806	2.4355469	4.1884704
54.679966	2.4453125	4.3504014
43.664215	2.4550781	4.4980512
39.070225	2.4648438	4.6300931
36.697441	2.4746094	4.7436609
24.274055	2.484375	4.8403697
21.242485	2.4941406	4.9216285
9.1980095	2.5039063	4.9832983
21.107262	2.5136719	5.0276356
6.9817877	2.5234375	5.0528688
-3.9630454	2.5332031	5.0595508
-5.1961746	2.5429688	5.047904
-8.5068045	2.5527344	5.0174937
-14.486733	2.5625	4.9664335
-33.637836	2.5722656	4.8964157
-122.0061	2.5820313	4.8085136
-41.578827	2.5917969	4.6961622
-87.74987	2.6015625	4.5692282
-91.162743	2.6113281	4.4231935
-92.306686	2.6210938	4.2613788
-82.963127	2.6308594	4.0806785
-114.66248	2.640625	3.8882389
-82.903877	2.6503906	3.6791012
-100.34098	2.6601563	3.4592941
-110.50407	2.6699219	3.2258048
-85.159744	2.6796875	2.9830263
-119.98343	2.6894531	2.7290628
-112.00544	2.6992188	2.4634197
-114.23428	2.7089844	2.1879361
-110.98447	2.71875	1.9019828
-111.41203	2.7285156	1.6116991
-114.74323	2.7382813	1.3103709
-118.2399	2.7480469	1.0086908
-122.54703	2.7578125	0.70270449
-120.49072	2.7675781	0.39196461
-125.3916	2.7773438	0.082214177
-111.77238	2.7871094	-0.22678971
-117.29554	2.796875	-0.53746104
-105.86486	2.8066406	-0.84500164
-104.2987	2.8164063	-1.1499867
-115.75427	2.8261719	-1.4484897
-113.1	2.8359375	-1.7430856
-112.54584	2.8457031	-2.0300298
-110.0135	2.8554688	-2.3087204
-98.123817	2.8652344	-2.5799379
-90.9487	2.875	-2.8396175
-91.017593	2.8847656	-3.0913324
-77.318787	2.8945313	-3.3317356
-94.545959	2.9042969	-3.5602822
-81.475685	2.9140625	-3.7755265
-83.33416	2.9238281	-3.9755597
-81.838135	2.9335938	-4.1591825
-80.351692	2.9433594	-4.3254032
-61.396519	2.953125	-4.475893
-55.652599	2.9628906	-4.6106219
-59.851784	2.9726563	-4.7290711
-43.384708	2.9824219	-4.8283367
-29.918562	2.9921875	-4.9080701
-40.280342	3.0019531	-4.9721584
-24.074398	3.0117188	-5.0194888
-5.9069018	3.0214844	-5.0473137
-7.7033648	3.03125	-5.0577626
2.9208021	3.0410156	-5.0527067
9.3820152	3.0507813	-5.0266685
13.075513	3.0605469	-4.9823031
18.434227	3.0703125	-4.9172745
81.431	3.0800781	-4.8355818
99.931992	3.0898438	-4.7333689
16.86376	3.0996094	-4.6093864
101.16479	3.109375	-4.4716654
86.653183	3.1191406	-4.313293
69.472885	3.1289063	-4.1380749
98.181274	3.1386719	-3.948483
87.402214	3.1484375	-3.7424564
76.00811	3.1582031	-3.521347
87.226669	3.1679688	-3.2881513
90.89476	3.1777344	-3.0423136
82.760033	3.1875	-2.7848706
87.048965	3.1972656	-2.5148883
102.80238	3.2070313	-2.2383304
105.61208	3.2167969	-1.9532189
101.58785	3.2265625	-1.6614199
94.206642	3.2363281	-1.3630211
93.036804	3.2460938	-1.0607898
86.177452	3.2558594	-0.75333565
92.180946	3.265625	-0.44407547
108.12648	3.2753906	-0.13486445
107.77031	3.2851563	0.17653108
95.462975	3.2949219	0.48724115
83.957741	3.3046875	0.79581589
95.857475	3.3144531	1.0992393
93.030922	3.3242188	1.4010773
87.216499	3.3339844	1.6958163
88.265747	3.34375	1.9844189
79.612183	3.3535156	2.2651956
78.731255	3.3632813	2.5369718
91.579002	3.3730469	2.7991011
93.634598	3.3828125	3.0497625
90.187561	3.3925781	3.2904699
73.969093	3.4023438	3.518714
51.705891	3.4121094	3.7331476
67.474533	3.421875	3.933461
69.322487	3.4316406	4.1182861
62.434437	3.4414063	4.2882128
51.296524	3.4511719	4.442595
47.989208	3.4609375	4.5793457
37.686382	3.4707031	4.701026
31.668629	3.4804688	4.8045502
23.57621	3.4902344	4.8916059
14.543451	3.5	4.9609795
13.318868	3.5097656	5.0133271
15.274872	3.5195313	5.0444708
-2.8867857	3.5292969	5.0596104
-4.6060305	3.5390625	5.0554318
-6.2519803	3.5488281	5.0316615
-12.00923	3.5585938	4.990129
-19.045454	3.5683594	4.927321
-143.5159	3.578125	4.8481627
-51.692547	3.5878906	4.7442122
-66.885689	3.5976563	4.6223922
-102.18837	3.6074219	4.4853106
-96.973053	3.6171875	4.3285117
-84.838997	3.6269531	4.1544514
-105.21549	3.6367188	3.9665446
-104.57767	3.6464844	3.7650511
-85.263443	3.65625	3.5474613
-118.528	3.6660156	3.3211575
-84.147888	3.6757813	3.0811622
-121.63664	3.6855469	2.8338239
-103.94845	3.6953125	2.5715902
-119.02787	3.7050781	2.2981629
-115.99867	3.7148438	2.0189986
-112.00942	3.7246094	1.7286255
-118.43557	3.734375	1.4323161
-116.7943	3.7441406	1.1301026
-125.54407	3.7539063	0.8258298
-119.24826	3.7636719	0.51634908
-122.80506	3.7734375	0.20643771
-128.06316	3.7832031	-0.10340214
-110.84605	3.7929688	-0.41359961
-115.33473	3.8027344	-0.72153807
-105.31384	3.8125	-1.028125
-112.52968	3.8222656	-1.3308346
-113.92459	3.8320313	-1.6262531
-121.30148	3.8417969	-1.9160628
-116.08965	3.8515625	-2.1970942
-99.975708	3.8613281	-2.4720521
-100.75178	3.8710938	-2.7359605
-84.286469	3.8808594	-2.9911087
-93.311958	3.890625	-3.2349632
-90.503876	3.9003906	-3.470221
-81.700546	3.9101563	-3.6920681
-91.933876	3.9199219	-3.897634
-84.66407	3.9296875	-4.0867848
-79.484344	3.9394531	-4.2603879
-78.379654	3.9492188	-4.4191957
-56.081638	3.9589844	-4.559195
-66.026695	3.96875	-4.6841531
-32.97691	3.9785156	-4.7898574
-54.634468	3.9882813	-4.8772902
-27.443562	3.9980469	-4.9481301
-42.465492	4.0078125	-5.0018744
-10.234944	4.0175781	-5.0387101
-5.8605337	4.0273438	-5.0569477
-1.5420374	4.0371094	-5.0573545
7.4631186	4.046875	-5.0391912
11.672848	4.0566406	-5.0022082
16.000551	4.0664063	-4.9455018
25.124004	4.0761719	-4.8698201
139.71086	4.0859375	-4.7772632
28.254795	4.0957031	-4.6603351
63.778236	4.1054688	-4.5272574
113.38059	4.1152344	-4.3779626
59.615437	4.125	-4.2086034
91.440979	4.1347656	-4.026969
95.934814	4.1445313	-3.82652
76.980133	4.1542969	-3.6113858
89.612	4.1640625	-3.3815117
89.500137	4.1738281	-3.1411006
89.821671	4.1835938	-2.88831
80.284592	4.1933594	-2.6250377
104.32305	4.203125	-2.3504198
104.36452	4.2128906	-2.0681887
103.72386	4.2226563	-1.7786473
100.28044	4.2324219	-1.4830813
91.408173	4.2421875	-1.1805743
95.498184	4.2519531	-0.87701082
91.866943	4.2617188	-0.56773722
97.438896	4.2714844	-0.25832057
109.82262	4.28125	0.05274266
108.90169	4.2910156	0.36283433
87.741364	4.3007813	0.67344457
94.652016	4.3105469	0.97859651
97.852005	4.3203125	1.2819395
84.075546	4.3300781	1.5786185
92.161331	4.3398438	1.8693521
86.730629	4.3496094	2.1532371
78.332169	4.359375	2.4290814
84.268227	4.3691406	2.6955261
95.120178	4.3789063	2.9506698
86.534264	4.3886719	3.1958923
82.423355	4.3984375	3.4294472
67.160309	4.4082031	3.6478713
57.272293	4.4179688	3.8552985
71.44175	4.4277344	4.0460067
65.773384	4.4375	4.2216616
50.415005	4.4472656	4.3827968
45.32386	4.4570313	4.5273619
39.276409	4.4667969	4.6554193
38.518581	4.4765625	4.7659473
26.716322	4.4863281	4.8578606
16.593304	4.4960938	4.9354181
8.9154577	4.5058594	4.9936666
25.976526	4.515625	5.0337033
0.10700896	4.5253906	5.0565643
-3.9905193	4.5351563	5.0601201
-5.0733099	4.5449219	5.0440326
-9.609293	4.5546875	5.0094829
-17.000664	4.5644531	4.9547181
-81.2621	4.5742188	4.8797207
-96.209908	4.5839844	4.7890291
-44.689304	4.59375	4.6728535
-98.017021	4.6035156	4.5404954
-81.599388	4.6132813	4.3923335
-92.347992	4.6230469	4.2281704
-80.753242	4.6328125	4.0452795
-116.44603	4.6425781	3.8483725
-81.39785	4.6523438	3.6369309
-114.57666	4.6621094	3.4142985
-93.397408	4.671875	3.1784847
-104.51968	4.6816406	2.9344723
-116.44715	4.6914063	2.6775823
-109.00895	4.7011719	2.4079666
-120.29712	4.7109375	2.1309898
-107.74703	4.7207031	1.8452868
-118.48325	4.7304688	1.549907
-110.15153	4.7402344	1.2497261
-131.59457	4.75	0.9477064
-113.81712	4.7597656	0.64137429
-122.83456	4.7695313	0.33175498
-126.81454	4.7792969	0.020480156
-113.52973	4.7890625	-0.28927773
-117.15806	4.7988281	-0.59951842
-105.37647	4.8085938	-0.90691894
-112.7962	4.8183594	-1.2091041
-108.9934	4.828125	-1.5080452
-119.46459	4.8378906	-1.8008873
-117.6657	4.8476563	-2.0871639
-101.16975	4.8574219	-2.3636177
-99.592911	4.8671875	-2.6302397
-91.686333	4.8769531	-2.8908536
-87.610611	4.8867188	-3.1395688
-84.092049	4.8964844	-3.3765898
-96.490631	4.90625	-3.6050603
-80.563278	4.9160156	-3.8170054
-86.914375	4.9257813	-4.0125356
-85.987732	4.9355469	-4.1926594
-77.856911	4.9453125	-4.3560953
-64.472466	4.9550781	-4.505919
-55.292923	4.9648438	-4.6373115
-59.14151	4.9746094	-4.7491298
-41.285133	4.984375	-4.8428893
-36.998695	4.9941406	-4.922122
-39.343765	5.0039063	-4.9827948
-25.586981	5.0136719	-5.0266461
-5.1526122	5.0234375	-5.0519629
-5.2922988	5.0332031	-5.0590143
5.7623138	5.0429688	-5.0483122
9.6123667	5.0527344	-5.0190568
14.588301	5.0625	-4.9695029
20.236103	5.0722656	-4.9024582
126.32769	5.0820313	-4.8181429
66.875145	5.0917969	-4.7101202
29.977959	5.1015625	-4.5819669
117.71249	5.1113281	-4.4416876
73.214317	5.1210938	-4.2795105
81.33847	5.1308594	-4.1004033
98.859505	5.140625	-3.9094315
84.765617	5.1503906	-3.6991925
79.815102	5.1601563	-3.4766779
89.134254	5.1699219	-3.2394722
91.783592	5.1796875	-2.9914231
81.216309	5.1894531	-2.7309208
92.898125	5.1992188	-2.4611101
106.95079	5.2089844	-2.181354
100.04863	5.21875	-1.8957406
101.69447	5.2285156	-1.6019136
89.867271	5.2382813	-1.3025403
96.455841	5.2480469	-0.99842995
87.707794	5.2578125	-0.69114864
98.915321	5.2675781	-0.38228482
98.633789	5.2773438	-0.070562959
104.93321	5.2871094	0.23991913
94.085274	5.296875	0.55010766
80.779556	5.3066406	0.85783452
96.80687	5.3164063	1.1607721
90.346855	5.3261719	1.4604018
80.754189	5.3359375	1.7542377
91.977631	5.3457031	2.0409451
81.003113	5.3554688	2.3202524
79.753532	5.3652344	2.5892272
93.16835	5.375	2.8499947
88.242126	5.3847656	3.0985341
86.437714	5.3945313	3.3364639
64.897873	5.4042969	3.5624847
68.00248	5.4140625	3.7747815
65.24482	5.4238281	3.9718256
56.28149	5.4335938	4.1543498
60.467659	5.4433594	4.3196721
49.122726	5.453125	4.4713931
35.163158	5.4628906	4.6063142
37.411194	5.4726563	4.7237859
27.393858	5.4824219	4.8242555
17.748726	5.4921875	4.9075918
9.7864418	5.5019531	4.9729033
18.403557	5.5117188	5.02034
8.1336479	5.5214844	5.0499306
-3.7985272	5.53125	5.0614519
-5.3243942	5.5410156	5.0531163
-7.7323408	5.5507813	5.0265326
-14.111296	5.5605469	4.9798055
-24.991367	5.5703125	4.9118681
-140.41914	5.5800781	4.8292441
-38.046089	5.5898438	4.7200904
-78.202347	5.5996094	4.5966225
-98.548576	5.609375	4.4542117
-99.706253	5.6191406	4.2958155
-74.520439	5.6289063	4.1182981
-117.07493	5.6386719	3.9278493
-87.791893	5.6484375	3.7207022
-92.902267	5.6582031	3.5017953
-114.57936	5.6679688	3.2728598
-80.73143	5.6777344	3.0313864
-127.00483	5.6875	2.7806149
-101.3773	5.6972656	2.5168016
-121.78677	5.7070313	2.2423759
-102.70977	5.7167969	1.9593105
-114.09048	5.7265625	1.6708627
-115.478	5.7363281	1.3713644
-119.98148	5.7460938	1.0691867
-130.12347	5.7558594	0.76452643
-115.96554	5.765625	0.45411438
-126.65189	5.7753906	0.14422536
-117.07621	5.7851563	-0.16672462
-117.09349	5.7949219	-0.47584623
-107.96899	5.8046875	-0.78461319
-111.17775	5.8144531	-1.0874584
-111.08599	5.8242188	-1.3876483
-105.16176	5.8339844	-1.6848415
-122.5149	5.84375	-1.9735739
-105.14143	5.8535156	-2.2526474
-101.7085	5.8632813	-2.5248394
-93.896919	5.8730469	-2.7882755
-87.825462	5.8828125	-3.0429497
-82.850899	5.8925781	-3.2848344
-98.238747	5.9023438	-3.5162165
-84.472191	5.9121094	-3.7340178
-88.004089	5.921875	-3.9374323
-81.533569	5.9316406	-4.1234984
-78.351669	5.9414063	-4.2943268
-69.547035	5.9511719	-4.4470491
-61.83984	5.9609375	-4.5861378
-57.706261	5.9707031	-4.7053561
-40.813049	5.9804688	-4.8088732
-41.868942	5.9902344	-4.891829
-34.528015	6	-4.9600916
-32.718712	6.0097656	-5.0099773
-10.705564	6.0195313	-5.0434842
-7.4253535	6.0292969	-5.0585837
0.62672186	6.0390625	-5.0545783
8.1467676	6.0488281	-5.0328956
12.523425	6.0585938	-4.9906731
17.174776	6.0683594	-4.9315915
50.755253	6.078125	-4.8519745
119.44911	6.0878906	-4.7552228
17.486868	6.0976563	-4.6354489
88.656433	6.1074219	-4.500124
100.32881	6.1171875	-4.3462367
60.339096	6.1269531	-4.1743083
96.625137	6.1367188	-3.9877906
89.860954	6.1464844	-3.7858977
77.830406	6.15625	-3.5664155
84.878716	6.1660156	-3.3346801
93.252274	6.1757813	-3.0924306
87.048882	6.1855469	-2.8361096
83.665176	6.1953125	-2.569361
102.95154	6.2050781	-2.2956774
107.7034	6.2148438	-2.0113752
98.684616	6.2246094	-1.7206981
92.943695	6.234375	-1.4228672
89.452698	6.2441406	-1.1201904
90.521652	6.2539063	-0.81480443
95.925873	6.2636719	-0.50568581
99.034637	6.2734375	-0.19619614
100.04043	6.2832031	0.11589527
104.4875	6.2929688	0.42511821
88.822342	6.3027344	0.73479265
90.501549	6.3125	1.0398076
93.528915	6.3222656	1.3412549
86.06398	6.3320313	1.6380086
89.754509	6.3417969	1.9266858
81.916786	6.3515625	2.2102251
78.321625	6.3613281	2.4834559
87.670631	6.3710938	2.7477577
92.829773	6.3808594	3.0012116
85.511375	6.390625	3.2430634
81.265244	6.4003906	3.4727798
63.206329	6.4101563	3.6913261
54.784119	6.4199219	3.8940713
73.916725	6.4296875	4.0829525
64.433151	6.4394531	4.255156
49.855381	6.4492188	4.4125242
49.570824	6.4589844	4.5549588
33.050171	6.46875	4.6785607
37.638016	6.4785156	4.7866449
26.529179	6.4882813	4.8757272
14.080433	6.4980469	4.9492373
10.89382	6.5078125	5.0048842
21.757395	6.5175781	5.0402269
-4.0198212	6.5273438	5.0585999
-4.5667987	6.5371094	5.058454
-6.6686072	6.546875	5.0391064
-11.790508	6.5566406	4.9998598
-17.890091	6.5664063	4.941927
-131.60391	6.5761719	4.8662467
-66.06282	6.5859375	4.765965
-56.959538	6.5957031	4.6475158
-97.067001	6.6054688	4.5131698
-90.407646	6.6152344	4.3614669
-87.105362	6.625	4.1913972
-90.71978	6.6347656	4.0058866
-113.01907	6.6445313	3.8067505
-78.41819	6.6542969	3.5926208
-118.33769	6.6640625	3.3676491
-86.739265	6.6738281	3.1302228
-114.51948	6.6835938	2.883862
-108.43664	6.6933594	2.6248143
-114.31004	6.703125	2.3549273
-120.29463	6.7128906	2.0749435
-102.52898	6.7226563	1.7871366
-118.61918	6.7324219	1.4922307
-117.0539	6.7421875	1.1893883
-125.41185	6.7519531	0.88569075
-115.44167	6.7617188	0.57841092
-126.45486	6.7714844	0.2682671
-117.16834	6.78125	-0.042130053
-114.81659	6.7910156	-0.3519401
-105.01647	6.8007813	-0.66127032
-107.9081	6.8105469	-0.9676829
-115.81721	6.8203125	-1.2699455
-107.47814	6.8300781	-1.5668168
-119.98536	6.8398438	-1.8578842
-108.3557	6.8496094	-2.1414161
-107.9221	6.859375	-2.4196029
-92.422943	6.8691406	-2.6835189
-93.356079	6.8789063	-2.9416635
-81.744911	6.8886719	-3.188473
-90.386063	6.8984375	-3.4239128
-87.782784	6.9082031	-3.6484375
-79.672913	6.9179688	-3.8578928
-91.786987	6.9277344	-4.0501504
-77.89959	6.9375	-4.2273998
-72.08403	6.9472656	-4.3892069
-64.784752	6.9570313	-4.533875
-56.955158	6.9667969	-4.6586871
-44.646931	6.9765625	-4.7707705
-43.572517	6.9863281	-4.8598809
-36.951611	6.9960938	-4.9349308
-31.589985	7.0058594	-4.9943061
-24.558966	7.015625	-5.0327616
-2.9715593	7.0253906	-5.0539107
-1.8139254	7.0351563	-5.0574884
6.111886	7.0449219	-5.0448508
10.473549	7.0546875	-5.0106063
15.722535	7.0644531	-4.9579172
22.472809	7.0742188	-4.8869653
140.04549	7.0839844	-4.7983794
41.756115	7.09375	-4.6851501
48.205795	7.1035156	-4.5547261
116.07332	7.1132813	-4.4091911
63.39772	7.1230469	-4.2434649
84.616905	7.1328125	-4.0637522
95.597961	7.1425781	-3.8668096
79.236923	7.1523438	-3.655076
84.964729	7.1621094	-3.4295335
85.820175	7.171875	-3.191462
94.680237	7.1816406	-2.9398189
72.957428	7.1914063	-2.6771724
100.73895	7.2011719	-2.4064169
106.31697	7.2109375	-2.1259248
95.781158	7.2207031	-1.8376575
103.64499	7.2304688	-1.5440226
84.417816	7.2402344	-1.2417719
86.53405	7.25	-0.93848705
92.788467	7.2597656	-0.62955767
97.911064	7.2695313	-0.31994879
102.10806	7.2792969	-0.0099211931
100.91769	7.2890625	0.30262023
85.771843	7.2988281	0.61163753
89.518021	7.3085938	0.9184733
96.076759	7.3183594	1.2203231
92.052322	7.328125	1.5195682
92.160004	7.3378906	1.8118188
85.51992	7.3476563	2.0971551
76.038818	7.3574219	2.3754225
80.555016	7.3671875	2.6434765
102.7711	7.3769531	2.9016302
94.419472	7.3867188	3.1471624
67.086678	7.3964844	3.3829675
69.309807	7.40625	3.6066546
73.314041	7.4160156	3.8153932
53.863808	7.4257813	4.0087686
63.055099	7.4355469	4.1881843
55.912838	7.4453125	4.3518081
42.419525	7.4550781	4.4994459
40.049603	7.4648438	4.6308084
39.575893	7.4746094	4.744442
26.038197	7.484375	4.8418837
21.614511	7.4941406	4.9220905
1.8024584	7.5039063	4.982348
6.9958973	7.5136719	5.0113754
15.627371	7.5234375	5.0241427
7.9462194	7.5332031	5.027853
9.880971	7.5429688	5.0302997
6.2098608	7.5527344	5.0293221
-0.057765283	7.5625	5.0284014
-5.3435097	7.5722656	5.0268931
-4.1850724	7.5820313	5.0244584
-4.8075452	7.5917969	5.0244288
-5.9652028	7.6015625	5.0224977
-5.0482106	7.6113281	5.0208731
-4.8601184	7.6210938	5.0197439
-4.3480191	7.6308594	5.0196486
-6.3016663	7.640625	5.0194306
-5.8200326	7.6503906	5.017416
-4.7261128	7.6601563	5.0181403
-6.2442384	7.6699219	5.0175233
-6.8462338	7.6796875	5.0166292
-6.435998	7.6894531	5.017312
-6.5319939	7.6992188	5.0157771
-6.3749847	7.7089844	5.0152049
-6.9109492	7.71875	5.0158606
-6.7782936	7.7285156	5.0142155
-6.5236588	7.7382813	5.013804
-5.7854109	7.7480469	5.0133004
-6.1834931	7.7578125	5.0133185
-6.9224858	7.7675781	5.0114708
-6.6834736	7.7773438	5.0119147
-7.6021066	7.7871094	5.0117149
-6.9406233	7.796875	5.0103292
-7.1895657	7.8066406	5.0109463
-7.056107	7.8164063	5.0088482
-7.6293249	7.8261719	5.0083294
-7.4256792	7.8359375	5.0086303
-8.3092365	7.8457031	5.008863
-7.175724	7.8554688	5.0079865
-7.8060317	7.8652344	5.0080342
-7.1314511	7.875	5.0063448
-8.1320295	7.8847656	5.0066099
-8.308445	7.8945313	5.0058885
-8.0629482	7.9042969	5.0051017
-7.1567249	7.9140625	5.0048008
-8.9413023	7.9238281	5.0044761
-7.9612713	7.9335938	5.0037756
-7.3204284	7.9433594	5.0041242
-8.511776	7.953125	5.0031767
-8.3732777	7.9628906	5.0018086
-7.6956	7.9726563	5.0024972
-7.4650278	7.9824219	5.0020175
-8.2035904	7.9921875	5.0018654
-8.018734	8.0019531	5.0022259
