MTS793|MPT|ENU|1|2|.|/|:|1|0|0|A

Data Acquisition						Time:	7.4355469	s	4/10/2018 11:26:05 AM
Axial Force	Running Time	Axial Displacement
N	s	mm
12.643158	0.013671875	-0.76572746
12.382213	0.0234375	-0.76528937
15.28674	0.033203125	-0.75790286
62.883934	0.04296875	-0.70015341
237.30547	0.052734375	-0.56865811
136.11162	0.0625	-0.33241212
176.53313	0.072265625	-0.015036762
199.24313	0.08203125	0.38381815
182.78049	0.091796875	0.84706247
105.58561	0.1015625	1.3527796
169.39783	0.11132813	1.8800706
163.67264	0.12109375	2.4141178
86.720848	0.13085938	2.9397593
90.635201	0.140625	3.4299479
80.697906	0.15039063	3.8781002
66.99308	0.16015625	4.2651014
36.144756	0.16992188	4.5811758
11.293346	0.1796875	4.8136516
-0.86124057	0.18945313	4.960175
-11.094158	0.19921875	5.0159082
-22.234161	0.20898438	4.9526916
-49.08638	0.21875	4.7105355
-663.66479	0.22851563	4.3050184
-98.34771	0.23828125	3.7133203
-55.486488	0.24804688	3.0017138
-80.572647	0.2578125	2.206491
-535.41071	0.26757813	1.3488934
-62.369598	0.27734375	0.4174009
-73.848915	0.28710938	-0.50469488
-301.75809	0.296875	-1.3958051
-61.920574	0.30664063	-2.2516906
-64.603577	0.31640625	-3.018795
-60.748425	0.32617188	-3.677392
-54.751453	0.3359375	-4.2106748
-40.653233	0.34570313	-4.5990763
-21.412853	0.35546875	-4.8469095
25.949312	0.36523438	-4.9474196
352.31784	0.375	-4.9202905
102.54235	0.38476563	-4.7056956
306.64856	0.39453125	-4.312326
221.35417	0.40429688	-3.7542999
308.86401	0.4140625	-3.058517
177.87265	0.42382813	-2.2512808
260.1633	0.43359375	-1.3796375
211.22894	0.44335938	-0.46457201
166.48589	0.453125	0.46344101
218.30603	0.46289063	1.3648093
71.456413	0.47265625	2.2236438
148.72624	0.48242188	2.9978201
15.195994	0.4921875	3.6578491
37.525574	0.50195313	4.1941271
74.958679	0.51171875	4.6104684
-13.606041	0.52148438	4.8808293
-24.076365	0.53125	4.9902453
-38.621353	0.54101563	4.9572392
-65.168755	0.55078125	4.7445612
-745.72186	0.56054688	4.3666916
-63.567303	0.5703125	3.7870243
-69.018433	0.58007813	3.0927272
-459.26108	0.58984375	2.3070812
-134.72368	0.59960938	1.4365032
-120.05807	0.609375	0.52770525
-324.39566	0.61914063	-0.3907457
-69.899231	0.62890625	-1.3027563
-133.13168	0.63867188	-2.1574094
-110.74944	0.6484375	-2.9383361
-63.904919	0.65820313	-3.6172299
-54.055977	0.66796875	-4.1654811
-38.692078	0.67773438	-4.5703263
-16.324549	0.6875	-4.8334675
154.04935	0.69726563	-4.9545093
245.74295	0.70703125	-4.935822
81.950882	0.71679688	-4.7401757
328.0383	0.7265625	-4.3699889
214.855	0.73632813	-3.8307519
245.7216	0.74609375	-3.1653748
219.74786	0.75585938	-2.3866191
316.54178	0.765625	-1.509729
78.233322	0.77539063	-0.58616698
247.4696	0.78515625	0.33540428
194.46852	0.79492188	1.2459815
45.57127	0.8046875	2.1125913
174.00076	0.81445313	2.8931589
18.061768	0.82421875	3.5754352
10.388659	0.83398438	4.134913
64.553787	0.84375	4.5695705
-9.5374775	0.85351563	4.8538847
-19.817728	0.86328125	4.9838262
-32.82933	0.87304688	4.9707756
-55.573849	0.8828125	4.7832265
-537.87207	0.89257813	4.4236822
-104.33991	0.90234375	3.873235
-56.605228	0.91210938	3.1993656
-213.79988	0.921875	2.4286046
-375.89963	0.93164063	1.5759528
-63.101433	0.94140625	0.64911246
-248.23108	0.95117188	-0.27116835
-137.5455	0.9609375	-1.1821077
-62.512501	0.97070313	-2.0517917
-66.724564	0.98046875	-2.8441577
-74.745483	0.99023438	-3.5353899
-64.115158	1	-4.1061921
-53.313293	1.0097656	-4.5318394
-30.583282	1.0195313	-4.80967
-5.8328733	1.0292969	-4.9462481
400.86127	1.0390625	-4.9509258
112.29629	1.0488281	-4.7773895
215.04254	1.0585938	-4.4261589
280.84592	1.0683594	-3.9114952
221.3286	1.078125	-3.2571898
256.55893	1.0878906	-2.4948688
253.96979	1.0976563	-1.629281
209.7476	1.1074219	-0.71433783
159.90459	1.1171875	0.21459162
230.70198	1.1269531	1.1250645
107.74236	1.1367188	1.9991249
109.96425	1.1464844	2.7967544
75.411491	1.15625	3.4887955
19.759695	1.1660156	4.067944
51.492744	1.1757813	4.5201259
-3.5851147	1.1855469	4.8262401
-20.082983	1.1953125	4.975523
-30.380789	1.2050781	4.9815283
-52.555756	1.2148438	4.8187957
-290.04562	1.2246094	4.4760122
-256.25339	1.234375	3.9582582
-50.532269	1.2441406	3.2923207
-81.051842	1.2539063	2.5305912
-502.76572	1.2636719	1.6937077
-68.114204	1.2734375	0.77074766
-122.89358	1.2832031	-0.15289336
-274.49185	1.2929688	-1.0597394
-60.740532	1.3027344	-1.942119
-64.315338	1.3125	-2.7441204
-64.726479	1.3222656	-3.4521222
-62.00132	1.3320313	-4.0368361
-50.437065	1.3417969	-4.4827061
-32.328079	1.3515625	-4.781446
-5.9286017	1.3613281	-4.9368649
384.483	1.3710938	-4.9588757
100.74102	1.3808594	-4.8110738
216.92136	1.390625	-4.4853449
274.49191	1.4003906	-3.9892867
215.29666	1.4101563	-3.351666
242.4559	1.4199219	-2.6009426
245.80824	1.4296875	-1.7502606
226.93477	1.4394531	-0.83892792
127.96037	1.4492188	0.090746582
251.60396	1.4589844	1.003243
90.399345	1.46875	1.8856511
120.27424	1.4785156	2.6941032
85.718781	1.4882813	3.4027293
17.203449	1.4980469	3.9962842
51.806721	1.5078125	4.4666305
5.4803791	1.5175781	4.7929807
-19.058306	1.5273438	4.9618201
-27.335445	1.5371094	4.9873872
-48.5271	1.546875	4.8512654
-92.521027	1.5566406	4.5275731
-499.76031	1.5664063	4.0400968
-52.889748	1.5761719	3.3847973
-74.453163	1.5859375	2.6357963
-547.54358	1.5957031	1.8124998
-64.262993	1.6054688	0.89043379
-71.540291	1.6152344	-0.033049285
-383.56866	1.625	-0.9388268
-62.348518	1.6347656	-1.8291533
-63.233391	1.6445313	-2.6430919
-63.05521	1.6542969	-3.3654065
-62.893562	1.6640625	-3.9702356
-50.85461	1.6738281	-4.4345913
-33.49506	1.6835938	-4.7523155
-8.7247696	1.6933594	-4.9256058
348.8428	1.703125	-4.9649982
136.68956	1.7128906	-4.8429651
176.37558	1.7226563	-4.5395164
304.51349	1.7324219	-4.0648656
219.26372	1.7421875	-3.4429045
256.23288	1.7519531	-2.7046113
225.35506	1.7617188	-1.8654659
256.29834	1.7714844	-0.96246749
102.10658	1.78125	-0.032392144
246.16412	1.7910156	0.88375658
117.87312	1.8007813	1.7720089
93.868248	1.8105469	2.5934129
106.84965	1.8203125	3.3149228
13.751246	1.8300781	3.9251342
54.635742	1.8398438	4.4124379
11.244964	1.8496094	4.7596588
-21.050985	1.859375	4.9510164
-25.777508	1.8691406	4.9913063
-46.932323	1.8789063	4.8808708
-77.471275	1.8886719	4.5795007
-708.27924	1.8984375	4.1208072
-54.614677	1.9082031	3.4740596
-73.772881	1.9179688	2.7400522
-570.26276	1.9277344	1.9247041
-82.493782	1.9375	1.0148704
-73.547913	1.9472656	0.09226948
-396.40491	1.9570313	-0.81820935
-64.498276	1.9667969	-1.7153174
-63.340305	1.9765625	-2.5391607
-69.513611	1.9863281	-3.2744913
-66.805397	1.9960938	-3.8965316
-58.83728	2.0058594	-4.3822989
-38.814743	2.015625	-4.7180042
-15.400047	2.0253906	-4.9120889
277.44327	2.0351563	-4.9666958
227.99394	2.0449219	-4.8721132
117.36819	2.0546875	-4.5901761
318.31314	2.0644531	-4.139596
187.81123	2.0742188	-3.534946
273.24884	2.0839844	-2.8128772
216.25491	2.09375	-1.9831493
263.39157	2.1035156	-1.0863751
119.36363	2.1132813	-0.15677065
219.0834	2.1230469	0.76156706
162.91982	2.1328125	1.6542301
62.494198	2.1425781	2.4883449
131.22458	2.1523438	3.2262847
9.5035524	2.1621094	3.8504288
19.669382	2.171875	4.3521957
16.897114	2.1816406	4.7206655
-19.074894	2.1914063	4.9327331
-25.686214	2.2011719	4.9935565
-43.155788	2.2109375	4.9067454
-71.284134	2.2207031	4.6293421
-825.58221	2.2304688	4.1947589
-56.358925	2.2402344	3.5636811
-70.43071	2.25	2.8423324
-510.87714	2.2597656	2.0391166
-120.47852	2.2695313	1.1379719
-66.185532	2.2792969	0.21482557
-407.7879	2.2890625	-0.69742799
-66.698669	2.2988281	-1.599586
-61.217171	2.3085938	-2.4362519
-64.089233	2.3183594	-3.1842425
-64.067543	2.328125	-3.8237884
-52.522949	2.3378906	-4.3279366
-37.459427	2.3476563	-4.6815038
-12.273853	2.3574219	-4.8949747
274.20926	2.3671875	-4.9688191
189.0519	2.3769531	-4.8959122
127.08786	2.3867188	-4.6359897
326.04709	2.3964844	-4.2090597
203.51329	2.40625	-3.6180482
249.60295	2.4160156	-2.9115736
228.71629	2.4257813	-2.0957277
262.81949	2.4355469	-1.2072966
104.35522	2.4453125	-0.27921945
241.44836	2.4550781	0.63869953
147.36249	2.4648438	1.5379205
64.427094	2.4746094	2.3813992
143.70909	2.484375	3.1323493
8.6679354	2.4941406	3.7737057
13.128703	2.5039063	4.2936325
32.800293	2.5136719	4.6810107
-17.540134	2.5234375	4.9139395
-23.462042	2.5332031	4.9938993
-38.369141	2.5429688	4.9294605
-65.159203	2.5527344	4.6774669
-866.64624	2.5625	4.2640266
-60.133789	2.5722656	3.6515026
-63.527687	2.5820313	2.9423356
-408.29718	2.5917969	2.1448522
-192.22621	2.6015625	1.2586445
-63.481369	2.6113281	0.33554435
-326.50925	2.6210938	-0.57916492
-83.097137	2.6308594	-1.4823914
-60.394569	2.640625	-2.3294494
-63.324718	2.6503906	-3.0921488
-60.662266	2.6601563	-3.7449524
-53.475239	2.6699219	-4.2686863
-36.923355	2.6796875	-4.645957
-17.294216	2.6894531	-4.8768311
182.07921	2.6992188	-4.9654512
259.94443	2.7089844	-4.9175353
96.764961	2.71875	-4.6843843
320.77884	2.7285156	-4.2784901
214.27924	2.7382813	-3.7115202
253.1842	2.7480469	-3.0157492
209.38603	2.7578125	-2.212666
287.41855	2.7675781	-1.3284564
113.66405	2.7773438	-0.40342063
223.84322	2.7871094	0.52087009
178.38545	2.796875	1.4247298
68.046242	2.8066406	2.2776008
138.97333	2.8164063	3.0395567
14.247967	2.8261719	3.6968813
20.131598	2.8359375	4.2301655
48.524666	2.8457031	4.638402
-16.612688	2.8554688	4.8923807
-21.10009	2.8652344	4.9898906
-35.926769	2.875	4.9484029
-62.006409	2.8847656	4.7207432
-799.35962	2.8945313	4.327877
-61.013435	2.9042969	3.7366405
-65.856819	2.9140625	3.0438452
-401.39594	2.9238281	2.2562041
-202.81479	2.9335938	1.3804972
-72.991104	2.9433594	0.458242
-375.78479	2.953125	-0.45662075
-65.124161	2.9628906	-1.3693855
-60.023357	2.9726563	-2.2220941
-67.128799	2.9824219	-2.9967518
-67.798859	2.9921875	-3.6671252
-62.833435	3.0019531	-4.2081013
-44.859863	3.0117188	-4.6055002
-23.603275	3.0214844	-4.8534541
58.11338	3.03125	-4.9601421
345.67377	3.0410156	-4.9346881
61.725006	3.0507813	-4.7221065
321.34528	3.0605469	-4.3416796
215.21532	3.0703125	-3.7918077
240.06177	3.0800781	-3.1115785
216.38066	3.0898438	-2.3282335
288.22626	3.0996094	-1.4508381
133.4169	3.109375	-0.5293116
198.90231	3.1191406	0.39560646
216.16081	3.1289063	1.3011426
49.480103	3.1386719	2.164881
160.27136	3.1484375	2.9409468
24.747429	3.1582031	3.6155536
6.5058703	3.1679688	4.1657581
65.770897	3.1777344	4.5935645
-14.498923	3.1875	4.8696504
-18.518965	3.1972656	4.9869909
-34.280018	3.2070313	4.9633131
-56.972748	3.2167969	4.7619209
-662.63702	3.2265625	4.3891473
-66.13559	3.2363281	3.8236678
-59.079567	3.2460938	3.1419992
-270.95059	3.2558594	2.3649306
-307.60495	3.265625	1.4998064
-60.414242	3.2753906	0.58094561
-290.194	3.2851563	-0.33687204
-122.06375	3.2949219	-1.2462244
-63.290112	3.3046875	-2.1126003
-63.502289	3.3144531	-2.8980346
-68.886765	3.3242188	-3.5856769
-62.173023	3.3339844	-4.1433125
-49.643066	3.34375	-4.5611649
-25.704865	3.3535156	-4.8295112
5.5868297	3.3632813	-4.9543366
381.8436	3.3730469	-4.9486918
65.227684	3.3828125	-4.7614055
305.71457	3.3925781	-4.4023724
247.10822	3.4023438	-3.8705647
227.63277	3.4121094	-3.2070532
221.16643	3.421875	-2.4405212
300.44705	3.4316406	-1.5716658
160.68074	3.4414063	-0.65325052
175.48918	3.4511719	0.27431995
246.78854	3.4609375	1.1819825
47.371746	3.4707031	2.0556138
161.53882	3.4804688	2.8432682
49.136597	3.4902344	3.5323114
13.031263	3.5	4.1004405
71.248108	3.5097656	4.5460982
-6.2451816	3.5195313	4.8413291
-18.968433	3.5292969	4.9785657
-30.103642	3.5390625	4.974319
-52.390247	3.5488281	4.7990842
-432.29416	3.5585938	4.4439001
-172.9774	3.5683594	3.9073169
-54.362114	3.578125	3.2374799
-186.21455	3.5878906	2.4708316
-383.85477	3.5976563	1.6242057
-62.130287	3.6074219	0.70079565
-263.88147	3.6171875	-0.21621734
-129.87434	3.6269531	-1.1281536
-63.175591	3.6367188	-2.0029931
-65.197563	3.6464844	-2.798687
-75.319199	3.65625	-3.4994006
-65.607933	3.6660156	-4.0776968
-53.467102	3.6757813	-4.5122743
-29.200851	3.6855469	-4.8007817
-3.1092553	3.6953125	-4.946846
411.67892	3.7050781	-4.9600763
54.073925	3.7148438	-4.7959404
284.78143	3.7246094	-4.4604063
267.37723	3.734375	-3.9502158
221.88406	3.7441406	-3.2989011
216.18181	3.7539063	-2.54533
299.50012	3.7636719	-1.6904533
189.1089	3.7734375	-0.77556223
147.74518	3.7832031	0.15185326
263.58228	3.7929688	1.0614111
54.881348	3.8027344	1.9430459
147.32193	3.8125	2.7440877
67.637444	3.8222656	3.4467816
2.810231	3.8320313	4.0303841
53.172279	3.8417969	4.4955864
10.869931	3.8515625	4.8115001
-17.268873	3.8613281	4.9693599
-26.606432	3.8710938	4.9832268
-50.19413	3.8808594	4.8330503
-238.60593	3.890625	4.4973774
-280.10004	3.9003906	3.9907694
-53.275318	3.9101563	3.3330858
-80.104897	3.9199219	2.5763421
-501.64789	3.9296875	1.743573
-64.86898	3.9394531	0.8257702
-144.23097	3.9492188	-0.097215176
-250.05472	3.9589844	-1.0056347
-62.332386	3.96875	-1.8902614
-66.000763	3.9785156	-2.699563
-67.66098	3.9882813	-3.4142046
-65.381844	3.9980469	-4.010108
-52.240864	4.0078125	-4.4667335
-33.713261	4.0175781	-4.7715573
-5.849381	4.0273438	-4.9355016
406.23325	4.0371094	-4.9674273
65.844521	4.046875	-4.8281431
244.23204	4.0566406	-4.5144515
297.36374	4.0664063	-4.0262341
210.53046	4.0761719	-3.392905
224.3445	4.0859375	-2.6504664
271.54166	4.0957031	-1.8079624
219.79961	4.1054688	-0.90046227
117.94553	4.1152344	0.028550625
272.78162	4.125	0.94099641
76.317047	4.1347656	1.8290132
124.72043	4.1445313	2.6415706
102.67673	4.1542969	3.3596084
7.2438617	4.1640625	3.9592564
32.34	4.1738281	4.4404969
11.951406	4.1835938	4.77636
-14.354731	4.1933594	4.9561367
-22.301601	4.203125	4.9898281
-45.300121	4.2128906	4.8648076
-80.01297	4.2226563	4.5524998
-542.15515	4.2324219	4.0732236
-54.586472	4.2421875	3.4233735
-72.011444	4.2519531	2.6822612
-584.4259	4.2617188	1.8604368
-62.573418	4.2714844	0.94396174
-72.760368	4.28125	0.02438575
-395.22452	4.2910156	-0.88059008
-63.15361	4.3007813	-1.7773941
-63.052734	4.3105469	-2.5960474
-62.947639	4.3203125	-3.3264251
-62.725925	4.3300781	-3.9407074
-52.359035	4.3398438	-4.4139476
-35.4356	4.3496094	-4.7395587
-8.7660627	4.359375	-4.9243836
371.44699	4.3691406	-4.971458
97.040062	4.3789063	-4.8580246
199.39812	4.3886719	-4.5678272
320.30975	4.3984375	-4.104054
195.27118	4.4082031	-3.4864023
245.02605	4.4179688	-2.7536736
236.92648	4.4277344	-1.9224093
251.80489	4.4375	-1.0237753
101.75025	4.4472656	-0.091719627
258.92047	4.4570313	0.82253516
107.01324	4.4667969	1.71372
110.39301	4.4765625	2.5389836
109.33231	4.4863281	3.2718897
6.1801867	4.4960938	3.8881958
39.677063	4.5058594	4.3857975
14.872313	4.515625	4.7442513
-14.771905	4.5253906	4.9427943
-23.475254	4.5351563	4.9939232
-43.728432	4.5449219	4.8922701
-73.766174	4.5546875	4.6027555
-706.60931	4.5644531	4.1530013
-55.984138	4.5742188	3.5163178
-72.123085	4.5839844	2.7868137
-566.9704	4.59375	1.9766583
-67.357597	4.6035156	1.0669827
-72.855087	4.6132813	0.1477778
-404.55862	4.6230469	-0.75964779
-65.46888	4.6328125	-1.6624898
-62.631607	4.6425781	-2.4904802
-69.783112	4.6523438	-3.2351627
-68.35463	4.6621094	-3.8687394
-60.608051	4.671875	-4.3615208
-41.728073	4.6816406	-4.7055469
-18.418243	4.6914063	-4.9072876
238.84566	4.7011719	-4.971148
255.01567	4.7109375	-4.887229
95.889061	4.7207031	-4.6144695
328.66479	4.7304688	-4.1734934
197.77954	4.7402344	-3.5744145
257.74725	4.75	-2.8580041
210.07474	4.7597656	-2.0371602
277.69186	4.7695313	-1.1446073
112.7283	4.7792969	-0.21773428
218.50113	4.7890625	0.70134103
173.04707	4.7988281	1.5975728
67.440392	4.8085938	2.435787
132.33578	4.8183594	3.180203
10.989234	4.828125	3.8138211
27.776754	4.8378906	4.3292389
18.266087	4.8476563	4.706706
-15.642157	4.8574219	4.9266057
-20.815187	4.8671875	4.9953265
-39.20874	4.8769531	4.9174533
-66.157822	4.8867188	4.6531782
-877.59875	4.8964844	4.227078
-57.602718	4.90625	3.6023483
-63.473671	4.9160156	2.8868423
-495.01297	4.9257813	2.0884321
-121.93771	4.9355469	1.1892512
-65.804832	4.9453125	0.26772171
-394.7146	4.9550781	-0.64025521
-64.960083	4.9648438	-1.5452816
-60.620975	4.9746094	-2.3886635
-64.584755	4.984375	-3.1447859
-65.216278	4.9941406	-3.7913218
-55.385414	5.0039063	-4.3046489
-40.356792	5.0136719	-4.6663208
-15.414948	5.0234375	-4.8889251
240.18434	5.0332031	-4.9695148
214.05695	5.0429688	-4.9079657
104.6195	5.0527344	-4.6602192
330.99332	5.0625	-4.2427258
200.0024	5.0722656	-3.6602736
247.07607	5.0820313	-2.9592738
228.07332	5.0917969	-2.1525011
277.14575	5.1015625	-1.2656107
91.053001	5.1113281	-0.34032464
233.92079	5.1210938	0.57972074
165.97139	5.1308594	1.4806241
66.702171	5.140625	2.3293166
134.05576	5.1503906	3.0871897
14.77974	5.1601563	3.7362247
20.641565	5.1699219	4.2665706
39.99757	5.1796875	4.6642795
-14.392915	5.1894531	4.9070463
-21.818897	5.1992188	4.99437
-37.537643	5.2089844	4.9366398
-63.968735	5.21875	4.6979265
-836.36743	5.2285156	4.2944789
-61.431198	5.2382813	3.6908672
-62.159458	5.2480469	2.9893279
-433.68503	5.2578125	2.1942079
-163.32094	5.2675781	1.3101206
-71.597984	5.2773438	0.3921181
-394.21558	5.2871094	-0.52111447
-67.061119	5.296875	-1.4311538
-59.194153	5.3066406	-2.2784545
-67.084961	5.3164063	-3.047116
-66.493286	5.3261719	-3.7121222
-60.958382	5.3359375	-4.2446389
-44.345276	5.3457031	-4.6295018
-21.553528	5.3554688	-4.8690052
91.594452	5.3652344	-4.9649043
325.84924	5.375	-4.9290476
71.984406	5.3847656	-4.7028928
325.65286	5.3945313	-4.3072419
207.3019	5.4042969	-3.7448452
246.08203	5.4140625	-3.0592039
220.74881	5.4238281	-2.2663295
283.18817	5.4335938	-1.3876154
111.92673	5.4433594	-0.46583861
208.24431	5.453125	0.45998394
194.53151	5.4628906	1.3640136
50.468212	5.4726563	2.2213266
158.37656	5.4824219	2.9921889
18.209358	5.4921875	3.6573038
7.7556934	5.5019531	4.2009802
53.77005	5.5117188	4.6179428
-12.489071	5.5214844	4.8833742
-19.352116	5.53125	4.9910026
-34.537807	5.5410156	4.9557819
-59.537289	5.5507813	4.7412353
-745.35736	5.5605469	4.3572145
-61.232319	5.5703125	3.7774682
-65.736801	5.5800781	3.0887814
-330.82413	5.5898438	2.3071601
-250.57545	5.5996094	1.4322549
-59.387566	5.609375	0.51362365
-309.31305	5.6191406	-0.40244013
-96.546326	5.6289063	-1.3082728
-62.544235	5.6386719	-2.1703825
-66.605934	5.6484375	-2.9506564
-66.010323	5.6582031	-3.6299422
-63.422939	5.6679688	-4.1807055
-46.63274	5.6777344	-4.5867367
-26.645884	5.6875	-4.8442645
10.369648	5.6972656	-4.9588666
382.89529	5.7070313	-4.9458222
75.257355	5.7167969	-4.7433152
307.64301	5.7265625	-4.3702574
244.22952	5.7363281	-3.828223
243.01541	5.7460938	-3.1526074
211.93556	5.7558594	-2.3746834
274.67834	5.765625	-1.505892
181.66449	5.7753906	-0.5908072
170.69446	5.7851563	0.33710003
222.89838	5.7949219	1.243493
66.300621	5.8046875	2.1105857
140.46478	5.8144531	2.8948636
40.811749	5.8242188	3.5747812
19.57073	5.8339844	4.1375203
53.542137	5.84375	4.5717521
-15.677628	5.8535156	4.8580513
-19.51944	5.8632813	4.9849911
-32.943405	5.8730469	4.9680276
-55.922733	5.8828125	4.7791228
-527.52271	5.8925781	4.4149952
-110.61481	5.9023438	3.8641155
-57.196362	5.9121094	3.1867504
-252.32109	5.921875	2.4141655
-311.14645	5.9316406	1.5538275
-59.810818	5.9414063	0.63447803
-263.18362	5.9511719	-0.28075427
-134.11795	5.9609375	-1.1912286
-65.014076	5.9707031	-2.0621448
-63.290657	5.9804688	-2.8527915
-69.648933	5.9902344	-3.5486639
-63.028992	6	-4.1181326
-50.895767	6.0097656	-4.5419707
-28.019341	6.0195313	-4.8184395
-3.074517	6.0292969	-4.9522014
408.3735	6.0390625	-4.9569993
67.886803	6.0488281	-4.7781854
267.26648	6.0585938	-4.4291124
280.55289	6.0683594	-3.9087801
215.11649	6.078125	-3.2480299
232.60686	6.0878906	-2.4792075
254.72354	6.0976563	-1.620625
208.0992	6.1074219	-0.7136479
157.26212	6.1171875	0.21407902
236.15363	6.1269531	1.1246397
75.107384	6.1367188	1.9989445
135.51869	6.1464844	2.7961612
72.237335	6.15625	3.4917264
16.08032	6.1660156	4.0680828
63.839035	6.1757813	4.5240922
-5.1968498	6.1855469	4.8301592
-18.866873	6.1953125	4.9778209
-29.612589	6.2050781	4.9793854
-53.353748	6.2148438	4.8141732
-289.54266	6.2246094	4.4677243
-291.88043	6.234375	3.9494605
-51.127899	6.2441406	3.2822266
-88.777351	6.2539063	2.5194197
-484.46146	6.2636719	1.6786292
-63.018002	6.2734375	0.7575199
-144.92848	6.2832031	-0.16068667
-249.67191	6.2929688	-1.0683999
-61.885151	6.3027344	-1.9483552
-61.236137	6.3125	-2.7524829
-66.861839	6.3222656	-3.4618974
-63.787468	6.3320313	-4.050386
-51.957348	6.3417969	-4.4944959
-32.451389	6.3515625	-4.7895818
-6.2639594	6.3613281	-4.9438491
397.74707	6.3710938	-4.9653993
86.128326	6.3808594	-4.8132925
224.27107	6.390625	-4.4854283
300.82193	6.4003906	-3.9874911
202.16075	6.4101563	-3.3422618
230.98651	6.4199219	-2.5871038
241.21126	6.4296875	-1.7430246
246.51747	6.4394531	-0.8376658
121.72313	6.4492188	0.091065466
253.5887	6.4589844	1.0049522
99.087326	6.46875	1.8855975
122.23596	6.4785156	2.6946425
105.16862	6.4882813	3.4064696
10.852492	6.4980469	4.0004611
46.151638	6.5078125	4.4730587
6.1048775	6.5175781	4.7992902
-16.092731	6.5273438	4.9666657
-27.458113	6.5371094	4.9875064
-46.657913	6.546875	4.8474565
-91.939461	6.5566406	4.5229301
-510.45776	6.5664063	4.0349779
-54.9076	6.5761719	3.3755569
-75.626999	6.5859375	2.6244998
-553.16022	6.5957031	1.7967985
-63.892895	6.6054688	0.87694228
-86.895935	6.6152344	-0.039981306
-331.85568	6.625	-0.94547421
-59.094631	6.6347656	-1.836072
-65.919945	6.6445313	-2.6540101
-66.049072	6.6542969	-3.3770249
-68.357674	6.6640625	-3.9818988
-56.495319	6.6738281	-4.443881
-41.332798	6.6835938	-4.7585263
-14.452438	6.6933594	-4.9318986
306.57169	6.703125	-4.9684391
222.9549	6.7128906	-4.8482938
123.07878	6.7226563	-4.5368729
318.33353	6.7324219	-4.0629849
210.65671	6.7421875	-3.4353421
253.8065	6.7519531	-2.6959152
223.6507	6.7617188	-1.8566206
258.32217	6.7714844	-0.95980316
133.90199	6.78125	-0.032632053
218.24117	6.7910156	0.88517964
150.50673	6.8007813	1.772125
87.079109	6.8105469	2.5935411
117.34663	6.8203125	3.3177183
16.30088	6.8300781	3.9295211
39.478245	6.8398438	4.417284
14.073425	6.8496094	4.7640219
-14.556328	6.859375	4.9535198
-24.22859	6.8691406	4.9919024
-43.163681	6.8789063	4.876925
-75.565277	6.8886719	4.5759454
-439.09183	6.8984375	4.1429224
-14.228782	6.9082031	3.9048717
526.14508	6.9179688	3.8193464
-10.7839	6.9277344	3.8029745
-37.784306	6.9375	3.7876101
-22.742327	6.9472656	3.7782669
-12.328441	6.9570313	3.7717967
-9.359663	6.9667969	3.7673936
-12.144249	6.9765625	3.7647591
-1.1766446	6.9863281	3.7630274
-11.227012	6.9960938	3.7614598
-3.1617703	7.0058594	3.7592635
-7.5856457	7.015625	3.759639
-7.4045033	7.0253906	3.7591696
0.97505981	7.0351563	3.758569
-6.1611876	7.0449219	3.7588551
4.3489389	7.0546875	3.7575603
-4.7893262	7.0644531	3.7565887
-0.83744526	7.0742188	3.7561641
3.4732628	7.0839844	3.7551851
-1.3440498	7.09375	3.7543609
5.7874131	7.1035156	3.7543237
-3.7135556	7.1132813	3.7524967
3.9358041	7.1230469	3.7533894
-0.23834872	7.1328125	3.752996
-0.11943048	7.1425781	3.7534237
6.4399791	7.1523438	3.7519813
-1.4856575	7.1621094	3.7528708
6.6469655	7.171875	3.7516742
-3.2347744	7.1816406	3.7518516
0.5797832	7.1914063	3.7517934
1.8255203	7.2011719	3.750524
-2.1578627	7.2109375	3.750597
6.3231683	7.2207031	3.7498281
-5.2301331	7.2304688	3.7506132
3.546104	7.2402344	3.7490368
1.1505094	7.25	3.7494435
-0.17023413	7.2597656	3.7497253
2.7258763	7.2695313	3.7485986
-3.2681506	7.2792969	3.749542
2.1484797	7.2890625	3.7477851
-3.4519703	7.2988281	3.7486091
1.8944266	7.3085938	3.7478402
2.0134263	7.3183594	3.7473142
-6.0224905	7.328125	3.7467389
-0.81823671	7.3378906	3.7473412
-4.43327	7.3476563	3.7470355
2.5250251	7.3574219	3.7464247
-0.080652535	7.3671875	3.746912
-1.0817195	7.3769531	3.7470148
-1.1317898	7.3867188	3.746146
-3.8647442	7.3964844	3.7459464
