MTS793|MPT|ENU|1|2|.|/|:|1|0|0|A

Data Acquisition						Time:	13.274414	s	4/12/2018 4:47:39 PM
Axial Force	Running Time	Axial Displacement
N	s	mm
-1.2725242	0.012695313	-3.2996056
-0.56796706	0.022460938	-3.3019478
-0.035669655	0.032226563	-3.3006225
7.5777993	0.041992188	-3.2983146
6.3709102	0.051757813	-3.2819774
5.7233963	0.061523438	-3.2443812
7.006165	0.071289063	-3.1840098
6.515975	0.081054688	-3.0965755
7.1903458	0.090820313	-2.9852395
8.0885601	0.10058594	-2.848454
7.3796835	0.11035156	-2.6861448
8.004077	0.12011719	-2.499155
9.0828524	0.12988281	-2.29142
9.8871422	0.13964844	-2.0588925
10.713982	0.14941406	-1.8060609
12.330967	0.15917969	-1.5320438
11.990417	0.16894531	-1.2408084
10.206294	0.17871094	-0.9318189
10.265725	0.18847656	-0.60641944
10.927079	0.19824219	-0.26516634
11.865993	0.20800781	0.088611707
12.47793	0.21777344	0.45441827
11.68995	0.22753906	0.83129489
11.283357	0.23730469	1.2174395
11.741626	0.24707031	1.6118001
10.570057	0.25683594	2.0130157
12.254762	0.26660156	2.4180367
10.829279	0.27636719	2.828752
12.112618	0.28613281	3.2414334
11.978683	0.29589844	3.6537101
12.160569	0.30566406	4.0639462
12.154365	0.31542969	4.4735627
12.030557	0.32519531	4.8778491
12.947491	0.33496094	5.2784514
12.358755	0.34472656	5.6701841
13.656553	0.35449219	6.0529132
14.433846	0.36425781	6.4255562
15.041873	0.37402344	6.7874084
14.982687	0.38378906	7.1354685
15.326531	0.39355469	7.4699955
15.763136	0.40332031	7.7884126
14.416071	0.41308594	8.0913315
14.076253	0.42285156	8.3770103
12.890366	0.43261719	8.6418486
13.642002	0.44238281	8.8877869
13.563771	0.45214844	9.1135216
13.407902	0.46191406	9.3173256
13.924913	0.47167969	9.4991732
13.339287	0.48144531	9.6598463
12.751145	0.49121094	9.7968025
13.023685	0.50097656	9.9108858
12.107229	0.51074219	10.00247
10.806066	0.52050781	10.069556
10.233722	0.53027344	10.114087
9.3414679	0.54003906	10.133369
-12.912846	0.54980469	10.123159
-14.173064	0.55957031	10.077854
-16.495607	0.56933594	9.9926167
-15.276065	0.57910156	9.8673677
-15.143689	0.58886719	9.6999607
-16.060204	0.59863281	9.4947519
-16.630592	0.60839844	9.2582111
-15.985908	0.61816406	8.9866209
-15.94152	0.62792969	8.677104
-17.737934	0.63769531	8.3312025
-20.711357	0.64746094	7.9536343
-19.350229	0.65722656	7.5447855
-19.145676	0.66699219	7.1087928
-19.069855	0.67675781	6.6462564
-19.921444	0.68652344	6.1577988
-19.780209	0.69628906	5.6482086
-16.154581	0.70605469	5.1150937
-17.461227	0.71582031	4.566298
-19.628729	0.72558594	3.9993837
-18.619675	0.73535156	3.4171557
-17.888809	0.74511719	2.8245714
-19.849907	0.75488281	2.2217791
-20.389668	0.76464844	1.6104001
-18.33539	0.77441406	0.99347466
-17.163286	0.78417969	0.3712182
-16.583445	0.79394531	-0.24747542
-36.349148	0.80371094	-0.86827767
-23.722975	0.81347656	-1.4853908
-19.664421	0.82324219	-2.0955651
-23.805908	0.83300781	-2.6970565
-23.794081	0.84277344	-3.2872984
-21.899118	0.85253906	-3.8661301
-20.139431	0.86230469	-4.4282017
-21.810514	0.87207031	-4.9732933
-22.635515	0.88183594	-5.5001464
-19.665213	0.89160156	-6.0060177
-17.970114	0.90136719	-6.4879599
-19.419054	0.91113281	-6.9448743
-17.102121	0.92089844	-7.3774471
-17.501249	0.93066406	-7.7805233
-19.946741	0.94042969	-8.153327
-19.322357	0.95019531	-8.4974871
-17.213251	0.95996094	-8.8082542
-21.513132	0.96972656	-9.087863
-19.197493	0.97949219	-9.3341417
-18.603064	0.98925781	-9.5538111
-16.348726	0.99902344	-9.7357588
-14.303288	1.0087891	-9.8790474
-13.363571	1.0185547	-9.9862995
-13.507007	1.0283203	-10.058315
-12.652925	1.0380859	-10.094478
0.62775797	1.0478516	-10.096565
10.468881	1.0576172	-10.05857
12.869667	1.0673828	-9.9814796
9.1806631	1.0771484	-9.8627338
7.1586108	1.0869141	-9.705018
8.95193	1.0966797	-9.5080376
11.357514	1.1064453	-9.2743473
10.565167	1.1162109	-9.0011625
9.3754377	1.1259766	-8.6961842
10.35576	1.1357422	-8.3565445
12.785173	1.1455078	-7.9852834
14.883141	1.1552734	-7.5848298
16.377075	1.1650391	-7.1559992
19.025808	1.1748047	-6.7015848
11.967052	1.1845703	-6.220077
14.361309	1.1943359	-5.7161512
12.277474	1.2041016	-5.1909547
14.89236	1.2138672	-4.6467972
14.564348	1.2236328	-4.0854588
15.676696	1.2333984	-3.506803
15.272189	1.2431641	-2.916631
16.427681	1.2529297	-2.3150601
13.587893	1.2626953	-1.7045503
13.490708	1.2724609	-1.0888001
15.090208	1.2822266	-0.47123274
17.429073	1.2919922	0.15009874
15.736895	1.3017578	0.77007014
16.260742	1.3115234	1.3870807
14.555244	1.3212891	1.9970636
14.172704	1.3310547	2.6018007
13.626972	1.3408203	3.1946263
16.131754	1.3505859	3.7751923
15.803391	1.3603516	4.3423638
14.436141	1.3701172	4.8926783
14.348945	1.3798828	5.4247575
15.972078	1.3896484	5.9370818
15.29858	1.3994141	6.4266067
14.015835	1.4091797	6.8924026
12.781937	1.4189453	7.3290949
12.122805	1.4287109	7.7407093
13.157481	1.4384766	8.1237259
14.471298	1.4482422	8.4734879
13.002276	1.4580078	8.7929993
12.147602	1.4677734	9.0787954
10.353362	1.4775391	9.3299513
9.8968153	1.4873047	9.5473404
8.4415312	1.4970703	9.729413
7.8338666	1.5068359	9.8764172
7.7486386	1.5166016	9.9865303
6.430212	1.5263672	10.064451
6.4505033	1.5361328	10.106029
-2.4587731	1.5458984	10.113891
-9.8072462	1.5556641	10.085236
-11.668483	1.5654297	10.018909
-13.646774	1.5751953	9.9104452
-12.166844	1.5849609	9.7594748
-14.791986	1.5947266	9.5698957
-13.301778	1.6044922	9.3454285
-15.242759	1.6142578	9.0880156
-16.387016	1.6240234	8.7954044
-16.049772	1.6337891	8.4617987
-17.929392	1.6435547	8.0957708
-17.611847	1.6533203	7.6995039
-21.938536	1.6630859	7.2734156
-20.272367	1.6728516	6.8222308
-18.645987	1.6826172	6.343894
-19.090576	1.6923828	5.8429012
-18.783611	1.7021484	5.3202958
-18.438698	1.7119141	4.7764945
-20.264612	1.7216797	4.2181935
-19.71767	1.7314453	3.641036
-19.947603	1.7412109	3.0527751
-18.519665	1.7509766	2.4533756
-18.789072	1.7607422	1.8448385
-21.070894	1.7705078	1.2282629
-19.307119	1.7802734	0.60891593
-17.871637	1.7900391	-0.012197625
-15.124317	1.7998047	-0.63393795
-14.185475	1.8095703	-1.2502152
-16.882935	1.8193359	-1.8625187
-21.655508	1.8291016	-2.4692955
-20.786676	1.8388672	-3.0663185
-18.786255	1.8486328	-3.6479959
-24.730909	1.8583984	-4.2171159
-26.164576	1.8681641	-4.7702422
-17.786247	1.8779297	-5.3039136
-15.08838	1.8876953	-5.8183398
-17.334871	1.8974609	-6.3092856
-19.580906	1.9072266	-6.7759871
-20.747631	1.9169922	-7.2175226
-16.207842	1.9267578	-7.6339841
-13.396015	1.9365234	-8.0181427
-15.393412	1.9462891	-8.3737736
-17.506815	1.9560547	-8.6986074
-14.448993	1.9658203	-8.9914312
-15.954709	1.9755859	-9.2508421
-12.56757	1.9853516	-9.4815016
-11.223252	1.9951172	-9.6795473
-12.328465	2.0048828	-9.8370953
-14.092645	2.0146484	-9.9590807
-11.388073	2.0244141	-10.04449
-9.3353338	2.0341797	-10.095901
-5.679019	2.0439453	-10.11025
4.9539957	2.0537109	-10.086904
8.5357342	2.0634766	-10.024723
8.2908306	2.0732422	-9.9236841
8.4878988	2.0830078	-9.782114
9.6191883	2.0927734	-9.6011333
8.953083	2.1025391	-9.3812342
7.2717433	2.1123047	-9.1236734
9.1631432	2.1220703	-8.8321981
11.548529	2.1318359	-8.505168
12.127532	2.1416016	-8.1456881
9.8716822	2.1513672	-7.7572637
9.8592138	2.1611328	-7.3392768
11.158036	2.1708984	-6.8941922
14.363602	2.1806641	-6.4221616
14.450773	2.1904297	-5.9269867
14.30557	2.2001953	-5.4111681
14.623977	2.2099609	-4.8731475
17.9119	2.2197266	-4.3185134
14.324859	2.2294922	-3.7474854
15.866512	2.2392578	-3.1616397
16.097504	2.2490234	-2.5635149
16.738544	2.2587891	-1.9575034
13.957649	2.2685547	-1.3434124
14.938297	2.2783203	-0.72563064
16.959431	2.2880859	-0.10412493
17.092527	2.2978516	0.51479965
13.918103	2.3076172	1.1340468
14.552975	2.3173828	1.7461191
14.632567	2.3271484	2.3544452
13.97432	2.3369141	2.9516354
15.057914	2.3466797	3.5377681
15.107112	2.3564453	4.1106434
13.316481	2.3662109	4.6684237
16.123335	2.3759766	5.2068257
15.22568	2.3857422	5.7276235
14.658097	2.3955078	6.2269468
13.211649	2.4052734	6.7016301
12.057461	2.4150391	7.1513395
13.2469	2.4248047	7.5734386
14.12601	2.4345703	7.9667339
14.499725	2.4443359	8.3310804
12.349674	2.4541016	8.6628914
14.196569	2.4638672	8.9620056
11.213113	2.4736328	9.2269316
11.419389	2.4833984	9.457984
10.057166	2.4931641	9.653367
9.0848656	2.5029297	9.8151827
7.6725845	2.5126953	9.9405861
7.7159028	2.5224609	10.030749
7.5976248	2.5322266	10.086934
6.0256805	2.5419922	10.109985
-9.8780842	2.5517578	10.095987
-10.967126	2.5615234	10.044749
-11.43734	2.5712891	9.9522734
-11.577271	2.5810547	9.8195763
-14.44117	2.5908203	9.6452007
-13.750139	2.6005859	9.4338551
-14.811346	2.6103516	9.1890402
-13.930304	2.6201172	8.9110832
-14.348794	2.6298828	8.5937805
-18.85409	2.6396484	8.2400761
-16.830385	2.6494141	7.8552828
-16.045256	2.6591797	7.4424911
-18.334597	2.6689453	7.0018139
-16.993517	2.6787109	6.5323682
-19.857485	2.6884766	6.0401802
-20.037334	2.6982422	5.5268521
-17.129839	2.7080078	4.9909415
-18.598278	2.7177734	4.438765
-17.880241	2.7275391	3.8685687
-17.238932	2.7373047	3.2846646
-19.233789	2.7470703	2.6885493
-17.991325	2.7568359	2.0845482
-17.85811	2.7666016	1.4709117
-19.643002	2.7763672	0.85302263
-18.840958	2.7861328	0.23065126
-15.049125	2.7958984	-0.38954365
-14.626561	2.8056641	-1.008557
-16.01556	2.8154297	-1.6238246
-21.325563	2.8251953	-2.2343364
-20.983479	2.8349609	-2.8322186
-21.678011	2.8447266	-3.4216862
-18.338615	2.8544922	-3.996274
-18.176414	2.8642578	-4.5547013
-16.276165	2.8740234	-5.096189
-21.295271	2.8837891	-5.6184068
-19.998034	2.8935547	-6.1187844
-16.77433	2.9033203	-6.5974689
-15.782088	2.9130859	-7.049078
-16.593397	2.9228516	-7.4758406
-17.405617	2.9326172	-7.8726697
-14.904479	2.9423828	-8.2401781
-12.767512	2.9521484	-8.5780334
-13.095617	2.9619141	-8.8829184
-13.47916	2.9716797	-9.1562443
-14.296023	2.9814453	-9.3965368
-13.210893	2.9912109	-9.6088753
-10.206946	3.0009766	-9.7830467
-10.183232	3.0107422	-9.9169912
-10.807509	3.0205078	-10.017152
-10.695786	3.0302734	-10.081933
-10.268681	3.0400391	-10.111908
4.4380431	3.0498047	-10.105133
8.2144156	3.0595703	-10.056722
8.209178	3.0693359	-9.9722767
7.8789425	3.0791016	-9.847065
6.9367232	3.0888672	-9.681201
8.598773	3.0986328	-9.4764204
9.7097359	3.1083984	-9.2349739
9.3945065	3.1181641	-8.9557076
9.1753664	3.1279297	-8.6429262
9.5877218	3.1376953	-8.2966862
11.140724	3.1474609	-7.9200263
15.793136	3.1572266	-7.5143895
14.524302	3.1669922	-7.0793033
11.536375	3.1767578	-6.6174545
14.809053	3.1865234	-6.1326628
15.622726	3.1962891	-5.6228328
14.77988	3.2060547	-5.0947537
15.975407	3.2158203	-4.5456147
14.768681	3.2255859	-3.980969
19.02309	3.2353516	-3.4009781
18.07309	3.2451172	-2.8066218
15.897339	3.2548828	-2.2025082
14.044333	3.2646484	-1.5918978
13.785519	3.2744141	-0.97671002
16.241171	3.2841797	-0.35741004
12.944557	3.2939453	0.26519942
14.279002	3.3037109	0.8850376
20.02091	3.3134766	1.5000839
16.737171	3.3232422	2.110286
15.717244	3.3330078	2.7130797
13.67454	3.3427734	3.3040736
14.594	3.3525391	3.8813558
14.110398	3.3623047	4.445662
13.317808	3.3720703	4.991159
13.840955	3.3818359	5.5195131
14.84655	3.3916016	6.0282149
15.496649	3.4013672	6.5118613
14.536781	3.4111328	6.9724956
11.196127	3.4208984	7.404355
11.953781	3.4306641	7.8108215
12.742205	3.4404297	8.1862154
11.655129	3.4501953	8.5304708
13.484118	3.4599609	8.8437929
10.794285	3.4697266	9.1221218
10.599021	3.4794922	9.3664713
10.096608	3.4892578	9.5765991
9.2040281	3.4990234	9.7523785
7.9609809	3.5087891	9.8921003
6.615685	3.5185547	9.9966221
5.7567725	3.5283203	10.066078
4.5825958	3.5380859	10.102877
-9.0467043	3.5478516	10.104482
-10.115467	3.5576172	10.067551
-12.010791	3.5673828	9.9922657
-12.933463	3.5771484	9.8773737
-12.786117	3.5869141	9.7169199
-12.363342	3.5966797	9.5200853
-13.270369	3.6064453	9.289072
-14.094042	3.6162109	9.0255585
-16.111507	3.6259766	8.7238932
-17.04574	3.6357422	8.3828325
-17.679785	3.6455078	8.0110312
-18.851215	3.6552734	7.6099315
-18.062851	3.6650391	7.1784863
-16.790163	3.6748047	6.7210245
-20.475861	3.6845703	6.2387409
-18.52162	3.6943359	5.7328906
-20.427198	3.7041016	5.2057581
-18.039461	3.7138672	4.6596584
-19.462454	3.7236328	4.0955138
-19.385515	3.7333984	3.5171623
-19.015301	3.7431641	2.9258873
-18.997293	3.7529297	2.3259766
-17.513033	3.7626953	1.7154447
-19.056583	3.7724609	1.0980093
-18.747337	3.7822266	0.4767212
-18.733274	3.7919922	-0.14395025
-14.404801	3.8017578	-0.76425326
-13.732595	3.8115234	-1.3820788
-25.093161	3.8212891	-1.9921395
-22.281158	3.8310547	-2.5953543
-18.512365	3.8408203	-3.1895247
-19.215595	3.8505859	-3.7698414
-20.242239	3.8603516	-4.3348827
-20.659134	3.8701172	-4.8850598
-17.8498	3.8798828	-5.4140592
-14.995586	3.8896484	-5.9224081
-16.978907	3.8994141	-6.4100671
-19.09586	3.9091797	-6.8721228
-18.603971	3.9189453	-7.3102322
-15.96862	3.9287109	-7.7187552
-14.816854	3.9384766	-8.0987539
-16.873329	3.9482422	-8.4470425
-13.828475	3.9580078	-8.7653065
-13.706531	3.9677734	-9.0529957
-13.924519	3.9775391	-9.3057775
-11.241669	3.9873047	-9.5293255
-11.888938	3.9970703	-9.719512
-12.98422	4.0068359	-9.8695068
-15.238916	4.0166016	-9.9843454
-12.961857	4.0263672	-10.062582
-11.743641	4.0361328	-10.106325
-1.3433397	4.0458984	-10.113438
10.125805	4.0556641	-10.082594
9.9514608	4.0654297	-10.013315
8.3469782	4.0751953	-9.9033871
7.0751877	4.0849609	-9.7544193
8.2733459	4.0947266	-9.5635366
6.9809146	4.1044922	-9.3366575
7.5984864	4.1142578	-9.0740137
8.4171429	4.1240234	-8.7737732
9.8037891	4.1337891	-8.4400892
11.662417	4.1435547	-8.0758352
9.6644745	4.1533203	-7.6818061
11.957506	4.1630859	-7.2567554
12.843113	4.1728516	-6.8072896
13.853132	4.1826172	-6.3303599
14.515687	4.1923828	-5.8298283
13.128924	4.2021484	-5.3117309
14.852092	4.2119141	-4.7694464
16.477098	4.2216797	-4.2089181
15.249045	4.2314453	-3.6347356
17.636799	4.2412109	-3.0466888
15.893148	4.2509766	-2.4453902
15.426742	4.2607422	-1.8384467
12.596242	4.2705078	-1.2242162
15.584344	4.2802734	-0.60600573
17.845236	4.2900391	0.015015248
16.212427	4.2998047	0.63562554
16.007061	4.3095703	1.2535245
13.387053	4.3193359	1.865369
16.051531	4.3291016	2.4709411
13.488997	4.3388672	3.0663414
15.285693	4.3486328	3.6517925
12.149638	4.3583984	4.219748
13.558333	4.3681641	4.7731142
15.29184	4.3779297	5.3081522
13.97992	4.3876953	5.8254399
15.269743	4.3974609	6.3199553
12.858782	4.4072266	6.7894654
13.024628	4.4169922	7.2336268
14.509086	4.4267578	7.6515884
12.752646	4.4365234	8.0372438
13.421021	4.4462891	8.3949108
14.008524	4.4560547	8.7210159
13.447076	4.4658203	9.0139093
11.738437	4.4755859	9.2723227
10.239717	4.4853516	9.4954519
10.735692	4.4951172	9.6848822
9.2783947	4.5048828	9.8389244
8.0137863	4.5146484	9.9573812
6.3298268	4.5244141	10.041924
7.2649565	4.5341797	10.091754
3.6314013	4.5439453	10.107154
-8.9143515	4.5537109	10.08579
-12.016878	4.5634766	10.025691
-13.407309	4.5732422	9.9263401
-11.843094	4.5830078	9.7845879
-11.20132	4.5927734	9.6034012
-12.887466	4.6025391	9.3845739
-11.962932	4.6123047	9.1339922
-13.236888	4.6220703	8.8476839
-17.14105	4.6318359	8.5213852
-15.735615	4.6416016	8.1623096
-16.361917	4.6513672	7.7725992
-16.215687	4.6611328	7.3536878
-18.184725	4.6708984	6.9078507
-17.136707	4.6806641	6.4346652
-19.324385	4.6904297	5.9374657
-20.67103	4.7001953	5.4177651
-19.603201	4.7099609	4.8805442
-20.883036	4.7197266	4.3232427
-17.188002	4.7294922	3.7498064
-18.704357	4.7392578	3.1633437
-17.079676	4.7490234	2.5649934
-20.833965	4.7587891	1.9577078
-20.198652	4.7685547	1.344208
-18.931017	4.7783203	0.7237491
-18.58481	4.7880859	0.10253982
-16.404594	4.7978516	-0.51944786
-14.87598	4.8076172	-1.1374665
-10.31512	4.8173828	-1.7517968
-14.959194	4.8271484	-2.3569102
-19.69965	4.8369141	-2.954926
-17.349014	4.8466797	-3.54003
-17.142412	4.8564453	-4.1123247
-18.950283	4.8662109	-4.6682577
-20.428818	4.8759766	-5.2062545
-19.855227	4.8857422	-5.7247448
-17.219969	4.8955078	-6.2210283
-16.838114	4.9052734	-6.6919799
-15.461875	4.9150391	-7.1392469
-15.341548	4.9248047	-7.559392
-16.757847	4.9345703	-7.9512825
-14.588971	4.9443359	-8.3124342
-16.956089	4.9541016	-8.6442957
-14.786806	4.9638672	-8.9425268
-14.10147	4.9736328	-9.2089262
-15.511573	4.9833984	-9.4445276
-12.335589	4.9931641	-9.649231
-13.619347	5.0029297	-9.8142281
-12.791343	5.0126953	-9.9432383
-11.515094	5.0224609	-10.035795
-11.675117	5.0322266	-10.093119
-10.304293	5.0419922	-10.115745
6.7834973	5.0517578	-10.101133
9.2035627	5.0615234	-10.046881
8.3468857	5.0712891	-9.953619
6.1941099	5.0810547	-9.81919
7.6556344	5.0908203	-9.6453476
8.8278904	5.1005859	-9.4334688
7.9873018	5.1103516	-9.1837502
8.3092251	5.1201172	-8.8979387
9.2115831	5.1298828	-8.5775785
10.277947	5.1396484	-8.2255535
9.6076403	5.1494141	-7.8435664
10.992145	5.1591797	-7.4314904
10.994065	5.1689453	-6.9904008
13.709022	5.1787109	-6.5242748
20.878151	5.1884766	-6.0343342
14.231191	5.1982422	-5.5210299
13.957266	5.2080078	-4.9885559
15.218102	5.2177734	-4.4347639
15.285495	5.2275391	-3.8680341
17.144739	5.2373047	-3.2864873
16.949093	5.2470703	-2.6886556
14.454383	5.2568359	-2.0839999
13.741362	5.2666016	-1.4724965
14.115102	5.2763672	-0.85442168
17.890095	5.2861328	-0.2342905
14.91959	5.2958984	0.38710395
15.703252	5.3056641	1.005915
13.715914	5.3154297	1.6200299
16.031157	5.3251953	2.2288959
13.715576	5.3349609	2.8290215
13.479404	5.3447266	3.4165671
14.166325	5.3544922	3.9917443
12.748875	5.3642578	4.5533447
14.044111	5.3740234	5.0974388
14.350237	5.3837891	5.6214528
14.295405	5.3935547	6.1252003
14.572347	5.4033203	6.6047864
14.674326	5.4130859	7.0593367
12.282364	5.4228516	7.4854169
11.054589	5.4326172	7.8860688
11.871347	5.4423828	8.2564926
9.8850117	5.4521484	8.5940933
11.24565	5.4619141	8.9007664
10.609359	5.4716797	9.1727762
11.118838	5.4814453	9.4101906
8.9855394	5.4912109	9.6137896
7.5354123	5.5009766	9.7820759
8.5201225	5.5107422	9.913022
7.2672729	5.5205078	10.010843
5.878089	5.5302734	10.075398
4.9592228	5.5400391	10.105173
-8.8891592	5.5498047	10.098822
-8.9054461	5.5595703	10.054798
-10.760827	5.5693359	9.9721718
-13.0762	5.5791016	9.8464699
-13.549905	5.5888672	9.6804924
-14.015485	5.5986328	9.4746323
-14.600135	5.6083984	9.2376347
-13.853226	5.6181641	8.9648008
-14.124288	5.6279297	8.6554117
-16.101368	5.6376953	8.3087769
-17.053215	5.6474609	7.9307246
-16.132648	5.6572266	7.5232739
-17.663393	5.6669922	7.0885282
-17.679239	5.6767578	6.6257725
-19.822865	5.6865234	6.1384368
-19.911875	5.6962891	5.6279788
-23.40955	5.7060547	5.0958524
-20.04191	5.7158203	4.5474167
-18.02087	5.7255859	3.9801097
-18.888969	5.7353516	3.3986754
-19.148144	5.7451172	2.8060849
-20.345602	5.7548828	2.2020724
-17.627899	5.7646484	1.5890301
-17.912045	5.7744141	0.97282648
-19.852701	5.7841797	0.35253829
-16.738661	5.7939453	-0.26966912
-14.350434	5.8037109	-0.88884318
-27.479523	5.8134766	-1.5066092
-13.583096	5.8232422	-2.1162004
-17.378304	5.8330078	-2.7184064
-20.524498	5.8427734	-3.3081024
-16.639055	5.8525391	-3.8853288
-15.506463	5.8623047	-4.4465466
-17.432589	5.8720703	-4.9938383
-19.744772	5.8818359	-5.5193548
-19.524712	5.8916016	-6.022831
-17.882242	5.9013672	-6.5052609
-17.063704	5.9111328	-6.9631639
-16.351276	5.9208984	-7.3966088
-16.858858	5.9306641	-7.7982607
-14.802022	5.9404297	-8.1725836
-15.510665	5.9501953	-8.5161695
-12.465893	5.9599609	-8.8281898
-15.825359	5.9697266	-9.1060829
-14.329375	5.9794922	-9.3531609
-13.453269	5.9892578	-9.5719528
-12.726791	5.9990234	-9.7532377
-13.334024	6.0087891	-9.8970861
-13.243605	6.0185547	-10.003345
-12.07306	6.0283203	-10.074326
-10.139519	6.0380859	-10.111792
0.55006242	6.0478516	-10.112383
9.1613274	6.0576172	-10.07368
6.5658941	6.0673828	-9.9959049
6.931706	6.0771484	-9.8780994
6.7675138	6.0869141	-9.7207279
6.7427754	6.0966797	-9.5228424
8.0772438	6.1064453	-9.2876482
8.1651735	6.1162109	-9.0168419
8.4989939	6.1259766	-8.7115154
10.520069	6.1357422	-8.3717337
12.476439	6.1455078	-7.9991932
11.730567	6.1552734	-7.6000724
13.089227	6.1650391	-7.1692967
12.626883	6.1748047	-6.7145371
17.446617	6.1845703	-6.2331419
11.503313	6.1943359	-5.7283006
16.306971	6.2041016	-5.2039661
17.429586	6.2138672	-4.658392
14.492253	6.2236328	-4.0967264
15.501911	6.2333984	-3.5197699
17.125893	6.2431641	-2.9300427
14.715758	6.2529297	-2.3280125
15.080883	6.2626953	-1.7175715
14.23523	6.2724609	-1.1005645
15.442062	6.2822266	-0.48420393
13.378624	6.2919922	0.13905139
12.608954	6.3017578	0.75862247
14.808774	6.3115234	1.3756244
17.613947	6.3212891	1.9862603
12.687826	6.3310547	2.5892444
13.743864	6.3408203	3.1818907
13.718417	6.3505859	3.7633693
15.0515	6.3603516	4.3310442
13.688148	6.3701172	4.8810129
13.458659	6.3798828	5.4139872
12.522238	6.3896484	5.9267011
13.488182	6.3994141	6.4152913
12.95124	6.4091797	6.880724
12.003141	6.4189453	7.31885
12.88805	6.4287109	7.72926
12.438895	6.4384766	8.1115875
9.6635427	6.4482422	8.4621754
11.372007	6.4580078	8.7813988
10.709522	6.4677734	9.0676222
11.7074	6.4775391	9.3183985
8.7875757	6.4873047	9.5359268
8.782361	6.4970703	9.7184477
8.9794168	6.5068359	9.8661966
6.6966286	6.5166016	9.9772797
6.6725769	6.5263672	10.052691
4.7666488	6.5361328	10.097912
-2.3722765	6.5458984	10.105802
-9.2483482	6.5556641	10.076079
-8.975482	6.5654297	10.009867
-13.017515	6.5751953	9.9017344
-14.432426	6.5849609	9.750124
-17.184427	6.5947266	9.5609055
-17.472427	6.6044922	9.3361464
-14.959777	6.6142578	9.0781689
-14.527411	6.6240234	8.7850885
-16.856089	6.6337891	8.4513865
-16.779406	6.6435547	8.0860062
-16.373697	6.6533203	7.6894679
-16.734924	6.6630859	7.2637978
-17.520714	6.6728516	6.8130236
-19.039936	6.6826172	6.3355465
-17.133377	6.6923828	5.8335719
-18.451958	6.7021484	5.3101735
-18.788244	6.7119141	4.7677064
-20.22098	6.7216797	4.2079639
-21.600304	6.7314453	3.6332252
-21.721294	6.7412109	3.0439823
-17.204264	6.7509766	2.4440284
-17.579935	6.7607422	1.8346112
-17.865467	6.7705078	1.219098
-19.394722	6.7802734	0.60017604
-18.167973	6.7900391	-0.022567436
-15.880518	6.7998047	-0.64430887
-14.043821	6.8095703	-1.2613574
-24.890528	6.8193359	-1.8748075
-22.171415	6.8291016	-2.4784842
-18.31617	6.8388672	-3.0747974
-18.295797	6.8486328	-3.6575446
-18.740341	6.8583984	-4.2240529
-18.378523	6.8681641	-4.7761412
-14.810787	6.8779297	-5.3113627
-17.733837	6.8876953	-5.8241858
-16.807066	6.8974609	-6.3178477
-17.666	6.9072266	-6.7846017
-18.16404	6.9169922	-7.2266426
-14.429249	6.9267578	-7.6415186
-16.3486	6.9365234	-8.0268183
-14.759192	6.9462891	-8.3829393
-16.140844	6.9560547	-8.7059851
-14.373544	6.9658203	-9.0001583
-16.020901	6.9755859	-9.2590513
-14.645455	6.9853516	-9.4869318
-13.278832	6.9951172	-9.6863699
-12.688991	7.0048828	-9.8423891
-11.819462	7.0146484	-9.9648762
-11.729566	7.0244141	-10.049567
-11.862059	7.0341797	-10.101244
-8.7869358	7.0439453	-10.11525
6.5084896	7.0537109	-10.093044
6.3962421	7.0634766	-10.031125
7.7127128	7.0732422	-9.9295244
6.1894417	7.0830078	-9.7874718
7.3615346	7.0927734	-9.6059084
6.9723582	7.1025391	-9.3857918
7.0433016	7.1123047	-9.1290274
8.2309008	7.1220703	-8.8374376
9.0146666	7.1318359	-8.5115976
15.084679	7.1416016	-8.1517773
11.837773	7.1513672	-7.7638493
12.93848	7.1611328	-7.3447971
18.635143	7.1708984	-6.8989458
14.551135	7.1806641	-6.4292459
13.428904	7.1904297	-5.9337749
15.482679	7.2001953	-5.4157147
16.412697	7.2099609	-4.8793821
16.068981	7.2197266	-4.323812
19.749027	7.2294922	-3.7528393
15.245541	7.2392578	-3.1666634
15.903415	7.2490234	-2.5690153
15.751168	7.2587891	-1.9633795
13.812573	7.2685547	-1.3496758
14.691882	7.2783203	-0.72980469
19.077589	7.2880859	-0.10925028
15.5575	7.2978516	0.51072937
15.992542	7.3076172	1.1295748
14.76392	7.3173828	1.7438426
13.979594	7.3271484	2.3492916
13.614202	7.3369141	2.9459989
14.240073	7.3466797	3.5325921
14.405069	7.3564453	4.1041827
14.747225	7.3662109	4.6631665
14.153425	7.3759766	5.2028241
13.432849	7.3857422	5.7238321
13.409963	7.3955078	6.2224317
11.433917	7.4052734	6.6976027
13.71851	7.4150391	7.1463909
11.975003	7.4248047	7.5685763
11.735875	7.4345703	7.9621415
11.950848	7.4443359	8.326786
10.025885	7.4541016	8.6581364
11.994794	7.4638672	8.9575853
10.473933	7.4736328	9.2220297
10.060658	7.4833984	9.4531918
9.3057051	7.4931641	9.6502571
8.3442888	7.5029297	9.8115377
6.7230778	7.5126953	9.9372482
5.4296923	7.5224609	10.026869
4.5772176	7.5322266	10.083525
4.500174	7.5419922	10.106768
-7.8586507	7.5517578	10.091659
-11.41742	7.5615234	10.040821
-12.32659	7.5712891	9.9496012
-13.102987	7.5810547	9.8150454
-11.380413	7.5908203	9.6399307
-14.945236	7.6005859	9.4291954
-16.338564	7.6103516	9.1848211
-16.107737	7.6201172	8.9076242
-15.961903	7.6298828	8.5886335
-15.495345	7.6396484	8.2358027
-17.340761	7.6494141	7.8522468
-15.652191	7.6591797	7.4385757
-16.895123	7.6689453	6.995605
-18.854801	7.6787109	6.529748
-17.496069	7.6884766	6.0377383
-19.262825	7.6982422	5.5223594
-18.095587	7.7080078	4.9867616
-17.448702	7.7177734	4.433919
-17.288399	7.7275391	3.8638773
-17.641624	7.7373047	3.2806995
-18.335915	7.7470703	2.6846583
-18.904125	7.7568359	2.0798547
-18.261072	7.7666016	1.4654807
-18.37958	7.7763672	0.84691972
-20.172249	7.7861328	0.22837864
-17.66514	7.7958984	-0.39434862
-14.644861	7.8056641	-1.0134398
-8.9355392	7.8154297	-1.6301662
-14.587678	7.8251953	-2.2376869
-18.078066	7.8349609	-2.8375237
-14.632335	7.8447266	-3.4248676
-17.004854	7.8544922	-3.9995005
-16.811083	7.8642578	-4.5581565
-15.775092	7.8740234	-5.1009097
-18.309185	7.8837891	-5.6219311
-16.978535	7.8935547	-6.1234984
-14.980813	7.9033203	-6.5983286
-15.995895	7.9130859	-7.0508614
-14.497107	7.9228516	-7.4787617
-12.501201	7.9326172	-7.876533
-13.952609	7.9423828	-8.2440319
-14.896074	7.9521484	-8.5802679
-14.394801	7.9619141	-8.8853445
-16.169321	7.9716797	-9.1587944
-14.388829	7.9814453	-9.3989658
-13.991515	7.9912109	-9.6103897
-13.475178	8.0009766	-9.7851486
-12.457521	8.0107422	-9.9192486
-11.613907	8.0205078	-10.021214
-11.452065	8.0302734	-10.085049
-8.734642	8.0400391	-10.113941
3.6965823	8.0498047	-10.107562
6.423821	8.0595703	-10.06122
7.0781446	8.0693359	-9.9751616
5.8821521	8.0791016	-9.8490038
6.9362111	8.0888672	-9.683815
8.3670597	8.0986328	-9.4797516
8.3900633	8.1083984	-9.2366123
8.3618097	8.1181641	-8.9574814
9.3153915	8.1279297	-8.6454506
12.590213	8.1376953	-8.2994089
9.6267319	8.1474609	-7.9220681
11.417607	8.1572266	-7.5161028
19.169609	8.1669922	-7.0809593
13.868196	8.1767578	-6.6203437
13.595587	8.1865234	-6.134109
18.351711	8.1962891	-5.6245294
16.535189	8.2060547	-5.0961828
13.009831	8.2158203	-4.5473709
18.576555	8.2255859	-3.9820678
16.497505	8.2353516	-3.4035265
15.114597	8.2451172	-2.8097124
15.695136	8.2548828	-2.2067864
14.29508	8.2646484	-1.5945563
14.087441	8.2744141	-0.97757965
17.193962	8.2841797	-0.35681164
14.435395	8.2939453	0.26311362
16.75688	8.3037109	0.88273299
15.340094	8.3134766	1.4974742
13.276306	8.3232422	2.1068778
12.686745	8.3330078	2.7090437
14.336896	8.3427734	3.2995002
13.397856	8.3525391	3.8791544
14.111889	8.3623047	4.4416194
11.676364	8.3720703	4.9895506
11.744036	8.3818359	5.5181141
14.840742	8.3916016	6.0260501
12.650212	8.4013672	6.511322
13.638614	8.4111328	6.9701743
12.076599	8.4208984	7.4032516
11.088477	8.4306641	7.8083496
10.187435	8.4404297	8.1847944
10.922096	8.4501953	8.5284472
8.4697847	8.4599609	8.8416328
9.5359983	8.4697266	9.1208963
8.1531935	8.4794922	9.3653603
10.010461	8.4892578	9.5754547
8.0598288	8.4990234	9.7517834
6.567163	8.5087891	9.8917313
6.8534632	8.5185547	9.994463
4.6426778	8.5283203	10.066686
4.9985714	8.5380859	10.101287
-6.9376545	8.5478516	10.103837
-9.2752628	8.5576172	10.066849
-10.54908	8.5673828	9.9912958
-14.769262	8.5771484	9.8733311
-13.467157	8.5869141	9.7152224
-12.71601	8.5966797	9.5188103
-11.808029	8.6064453	9.2867861
-13.793062	8.6162109	9.0235004
-14.488469	8.6259766	8.7206964
-15.345355	8.6357422	8.3796692
-16.834877	8.6455078	8.0078964
-18.473482	8.6552734	7.6064038
-17.987295	8.6650391	7.1764078
-18.373003	8.6748047	6.7173977
-17.733162	8.6845703	6.2362094
-19.186049	8.6943359	5.7302895
-16.543385	8.7041016	5.2035499
-18.223665	8.7138672	4.6584911
-18.712004	8.7236328	4.0933027
-19.335991	8.7333984	3.5143316
-18.814568	8.7431641	2.9234524
-19.572338	8.7529297	2.3230515
-19.619242	8.7626953	1.7110082
-18.976059	8.7724609	1.0965047
-20.647085	8.7822266	0.47521693
-17.990522	8.7919922	-0.14632326
-15.179604	8.8017578	-0.7660163
-19.179773	8.8115234	-1.384998
-11.70903	8.8212891	-1.996452
-15.286682	8.8310547	-2.5974696
-16.182894	8.8408203	-3.1917403
-17.601263	8.8505859	-3.7709596
-19.831617	8.8603516	-4.336731
-20.019478	8.8701172	-4.8869357
-17.9042	8.8798828	-5.4168758
-16.930677	8.8896484	-5.9251323
-17.289736	8.8994141	-6.4130211
-16.638962	8.9091797	-6.873374
-17.545849	8.9189453	-7.3098807
-16.947464	8.9287109	-7.7214851
-16.115385	8.9384766	-8.098896
-15.8838	8.9482422	-8.4493771
-13.676914	8.9580078	-8.7683945
-13.823051	8.9677734	-9.0540733
-13.015477	8.9775391	-9.3055086
-11.046568	8.9873047	-9.5305071
-12.24667	8.9970703	-9.7207928
-11.731136	9.0068359	-9.8698626
-10.569662	9.0166016	-9.9847794
-10.384142	9.0263672	-10.062106
-8.8322439	9.0361328	-10.107271
-2.719718	9.0458984	-10.115139
4.9020281	9.0556641	-10.084478
4.5624795	9.0654297	-10.014432
6.0405817	9.0751953	-9.9032784
6.7252665	9.0849609	-9.7544365
6.9112401	9.0947266	-9.5653286
8.1571636	9.1044922	-9.3378611
7.0695648	9.1142578	-9.0734529
9.4289074	9.1240234	-8.7746696
12.759295	9.1337891	-8.4412813
9.5890951	9.1435547	-8.0765467
10.358938	9.1533203	-7.6821647
16.864424	9.1630859	-7.2576547
14.983514	9.1728516	-6.807271
12.843136	9.1826172	-6.3310456
19.247406	9.1923828	-5.8313465
15.300198	9.2021484	-5.3103209
16.034918	9.2119141	-4.7686024
17.646864	9.2216797	-4.2103314
17.442286	9.2314453	-3.6360099
16.186272	9.2412109	-3.0490251
15.595672	9.2509766	-2.4477663
14.330307	9.2607422	-1.8413454
12.5107	9.2705078	-1.2250438
14.742627	9.2802734	-0.60645902
15.401106	9.2900391	0.015464332
15.166332	9.2998047	0.63426691
15.222141	9.3095703	1.2519341
14.521869	9.3193359	1.8638006
12.683054	9.3291016	2.4699755
13.267703	9.3388672	3.0638273
12.35461	9.3486328	3.6479125
14.583394	9.3583984	4.2172537
12.560783	9.3681641	4.7730927
13.794773	9.3779297	5.3089061
14.511972	9.3876953	5.8254108
14.845096	9.3974609	6.3188505
13.625086	9.4072266	6.7898278
12.261502	9.4169922	7.2334337
14.863966	9.4267578	7.6505446
12.891914	9.4365234	8.0378542
11.808472	9.4462891	8.3948984
11.521893	9.4560547	8.7212057
11.239376	9.4658203	9.0131598
10.168424	9.4755859	9.271368
10.164687	9.4853516	9.4962187
8.1911449	9.4951172	9.6848097
8.3421249	9.5048828	9.8389454
5.6719522	9.5146484	9.9582443
5.8093457	9.5244141	10.042173
4.7108626	9.5341797	10.09182
2.3985748	9.5439453	10.107195
-8.5907526	9.5537109	10.085709
-9.9706573	9.5634766	10.026271
-12.670562	9.5732422	9.9256716
-12.061082	9.5830078	9.7841024
-10.934123	9.5927734	9.6009626
-12.12865	9.6025391	9.3828802
-13.556063	9.6123047	9.1326475
-15.908898	9.6220703	8.8468494
-13.589429	9.6318359	8.5196505
-15.849096	9.6416016	8.1613836
-16.178411	9.6513672	7.77073
-14.876516	9.6611328	7.3505545
-17.499842	9.6708984	6.9056172
-19.739021	9.6806641	6.4328895
-19.933319	9.6904297	5.9351959
-19.765623	9.7001953	5.4174461
-18.265854	9.7099609	4.8771639
-20.876293	9.7197266	4.3209763
-18.525997	9.7294922	3.7482183
-18.687954	9.7392578	3.1618073
-21.319441	9.7490234	2.5648942
-18.501211	9.7587891	1.9563696
-18.769245	9.7685547	1.3426687
-18.33057	9.7783203	0.7250191
-18.326006	9.7880859	0.10087499
-16.907358	9.7978516	-0.51843095
-14.999556	9.8076172	-1.1363057
-14.573371	9.8173828	-1.7524508
-15.921368	9.8271484	-2.358896
-16.195467	9.8369141	-2.9560637
-20.085451	9.8466797	-3.5401428
-16.516064	9.8564453	-4.1128016
-19.940548	9.8662109	-4.6683006
-20.34444	9.8759766	-5.2075424
-19.188004	9.8857422	-5.7225194
-17.219036	9.8955078	-6.2199669
-16.34647	9.9052734	-6.6920156
-16.193277	9.9150391	-7.1406646
-16.464457	9.9248047	-7.5610738
-16.664957	9.9345703	-7.9520788
-14.72563	9.9443359	-8.312748
-16.534817	9.9541016	-8.6441355
-14.172949	9.9638672	-8.9434586
-12.301514	9.9736328	-9.2090769
-11.735991	9.9833984	-9.4430914
-10.738511	9.9931641	-9.6504765
-10.66674	10.00293	-9.8132772
-10.765286	10.012695	-9.9435883
-9.114213	10.022461	-10.036408
-10.147668	10.032227	-10.094313
-7.1356773	10.041992	-10.115823
5.5962243	10.051758	-10.100804
4.9666734	10.061523	-10.046462
5.983212	10.071289	-9.9533892
6.5462666	10.081055	-9.8190622
7.3476696	10.09082	-9.6458626
8.4541626	10.100586	-9.4329262
8.1083851	10.110352	-9.1842384
6.6837296	10.120117	-8.8992186
8.2839861	10.129883	-8.5784674
9.8246384	10.139648	-8.2264652
11.368992	10.149414	-7.8422656
10.317063	10.15918	-7.4307375
11.594477	10.168945	-6.9905343
13.390428	10.178711	-6.5246196
17.741364	10.188477	-6.0329485
15.055796	10.198242	-5.5208068
16.877707	10.208008	-4.9864511
17.299141	10.217773	-4.4358835
16.054884	10.227539	-3.8670044
15.087577	10.237305	-3.2839954
15.066773	10.24707	-2.6879694
15.065843	10.256836	-2.0835268
14.010886	10.266602	-1.4708685
15.034119	10.276367	-0.85402077
17.625734	10.286133	-0.23357943
13.783051	10.295898	0.38737532
13.815263	10.305664	1.0077584
13.021694	10.31543	1.6200646
12.718292	10.325195	2.2297676
14.695933	10.334961	2.8294027
13.605587	10.344727	3.4170887
15.35177	10.354492	3.9916258
13.334921	10.364258	4.5526829
15.400525	10.374023	5.0967064
14.198979	10.383789	5.622849
12.924767	10.393555	6.1243544
13.392361	10.40332	6.6050992
14.174543	10.413086	7.0589566
12.163725	10.422852	7.486115
11.012773	10.432617	7.88627
11.734571	10.442383	8.2555666
9.6946259	10.452148	8.5934191
9.4384069	10.461914	8.9002094
9.9317408	10.47168	9.1732531
9.5834494	10.481445	9.410183
8.5705891	10.491211	9.6137733
7.4156213	10.500977	9.7822046
7.2749915	10.510742	9.9132223
6.6617622	10.520508	10.011615
5.1705399	10.530273	10.075952
4.2783794	10.540039	10.104752
-8.5453148	10.549805	10.097875
-9.3435173	10.55957	10.054105
-11.570601	10.569336	9.9698191
-14.680799	10.579102	9.8469152
-12.828678	10.588867	9.6790485
-12.36737	10.598633	9.4752216
-14.899613	10.608398	9.2379217
-12.995546	10.618164	8.9652338
-13.181916	10.62793	8.6549673
-14.486071	10.637695	8.3076048
-15.826407	10.647461	7.9305458
-16.913727	10.657227	7.5220861
-14.860229	10.666992	7.0868516
-16.646961	10.676758	6.62467
-18.774067	10.686523	6.136817
-19.57279	10.696289	5.6260676
-17.717854	10.706055	5.0967212
-17.584324	10.71582	4.5461874
-19.139622	10.725586	3.9788916
-19.969128	10.735352	3.3982532
-20.11899	10.745117	2.8047562
-22.579834	10.754883	2.2001493
-20.755594	10.764648	1.5898557
-20.395557	10.774414	0.97249997
-18.819084	10.78418	0.35172153
-16.086851	10.793945	-0.27051875
-14.980754	10.803711	-0.89047527
-17.973	10.813477	-1.5061314
-17.406256	10.823242	-2.1161215
-19.284571	10.833008	-2.7196531
-18.593157	10.842773	-3.3091073
-19.229691	10.852539	-3.8869152
-20.218361	10.862305	-4.4487934
-16.768452	10.87207	-4.9939833
-17.870239	10.881836	-5.5207453
-16.526878	10.891602	-6.0253201
-16.542944	10.901367	-6.5072279
-15.12143	10.911133	-6.9633646
-18.029974	10.920898	-7.3964682
-16.504583	10.930664	-7.7989812
-17.699842	10.94043	-8.1713066
-14.657842	10.950195	-8.5169134
-15.234831	10.959961	-8.8273802
-13.690651	10.969727	-9.1075001
-13.795518	10.979492	-9.3526907
-11.258479	10.989258	-9.5704622
-11.155778	10.999023	-9.7550869
-8.9327698	11.008789	-9.8952723
-9.9867935	11.018555	-10.003319
-9.638526	11.02832	-10.073499
-6.999413	11.038086	-10.111207
-0.15655532	11.047852	-10.111034
4.933763	11.057617	-10.073775
5.8653183	11.067383	-9.9947691
7.608882	11.077148	-9.8774157
6.2343431	11.086914	-9.7186852
7.9577212	11.09668	-9.5222235
8.9917793	11.106445	-9.2876368
6.2485228	11.116211	-9.0163641
8.9511976	11.125977	-8.711216
9.1245975	11.135742	-8.3706818
11.056243	11.145508	-7.9999518
12.013001	11.155273	-7.5990162
14.38033	11.165039	-7.17028
13.560965	11.174805	-6.7146125
16.753677	11.18457	-6.2320027
14.563277	11.194336	-5.7279735
17.096998	11.204102	-5.2035594
15.917141	11.213867	-4.6579957
14.179794	11.223633	-4.097321
16.114697	11.233398	-3.517724
15.339698	11.243164	-2.9274173
15.502958	11.25293	-2.3252852
14.931453	11.262695	-1.7156464
12.949098	11.272461	-1.1000328
15.37858	11.282227	-0.48203793
14.874374	11.291992	0.1400522
14.68839	11.301758	0.76068819
13.951015	11.311523	1.3759234
13.290346	11.321289	1.9866306
13.739756	11.331055	2.5905411
14.200306	11.34082	3.1849358
12.645242	11.350586	3.7646136
13.679581	11.360352	4.3319387
13.345178	11.370117	4.8827658
10.589091	11.379883	5.4135704
12.926827	11.389648	5.9263568
12.51119	11.399414	6.4155345
11.25586	11.40918	6.8807063
11.175416	11.418945	7.3189745
12.100058	11.428711	7.7301865
11.252949	11.438477	8.1111689
10.347157	11.448242	8.4631433
10.257936	11.458008	8.781703
9.258091	11.467773	9.0680847
8.4064436	11.477539	9.3199272
8.5353966	11.487305	9.5364685
7.6566706	11.49707	9.7190685
7.5522928	11.506836	9.8656693
6.8898082	11.516602	9.9766035
6.1661935	11.526367	10.053675
5.701324	11.536133	10.096956
-1.752004	11.545898	10.104787
-8.0720873	11.555664	10.076326
-9.5843573	11.56543	10.009074
-11.173286	11.575195	9.9009161
-13.779884	11.584961	9.7494564
-11.466945	11.594727	9.5595446
-12.679362	11.604492	9.335804
-12.285111	11.614258	9.0773716
-14.403358	11.624023	8.7845831
-14.888938	11.633789	8.4512062
-17.055147	11.643555	8.0855589
-16.975834	11.65332	7.6899414
-17.201878	11.663086	7.2634349
-19.113276	11.672852	6.8123627
-19.842409	11.682617	6.3339696
-19.854168	11.692383	5.8333831
-19.788824	11.702148	5.3094711
-18.865324	11.711914	4.7697048
-18.659571	11.72168	4.2090206
-20.691427	11.731445	3.6326542
-18.786102	11.741211	3.0429277
-18.404226	11.750977	2.4443371
-20.25573	11.760742	1.8346394
-17.486908	11.770508	1.2188048
-17.99909	11.780273	0.59890831
-19.262125	11.790039	-0.021720305
-16.166571	11.799805	-0.64375818
-19.68079	11.80957	-1.2608535
-13.126573	11.819336	-1.8739184
-16.363781	11.829102	-2.4794397
-14.894782	11.838867	-3.0745754
-14.489039	11.848633	-3.6579251
-17.262552	11.858398	-4.2262602
-17.568935	11.868164	-4.7784624
-17.194193	11.87793	-5.3125248
-16.325876	11.887695	-5.8266196
-15.745569	11.897461	-6.3173351
-14.188921	11.907227	-6.7843657
-17.3409	11.916992	-7.2256417
-15.787523	11.926758	-7.6423016
-16.804552	11.936523	-8.0270882
-15.495101	11.946289	-8.382863
-14.037104	11.956055	-8.7078514
-13.64837	11.96582	-8.9989033
-12.762379	11.975586	-9.2574215
-14.347327	11.985352	-9.4866753
-11.325953	11.995117	-9.6861057
-10.111928	12.004883	-9.8428936
-8.4336615	12.014648	-9.9644032
-9.1781483	12.024414	-10.051076
-7.9541354	12.03418	-10.102715
-4.9911323	12.043945	-10.116945
5.8361096	12.053711	-10.093401
3.9212058	12.063477	-10.031548
7.1197281	12.073242	-9.9312792
6.6884675	12.083008	-9.7886972
7.8563581	12.092773	-9.6062298
7.4488225	12.102539	-9.3868265
6.7680378	12.112305	-9.1297798
9.1934004	12.12207	-8.8365898
11.451367	12.131836	-8.5101471
12.190221	12.141602	-8.1529207
10.019843	12.151367	-7.7635713
10.310429	12.161133	-7.3455491
14.297374	12.170898	-6.9001737
15.424669	12.180664	-6.4286523
14.153496	12.19043	-5.9321756
14.95775	12.200195	-5.4165421
14.700006	12.209961	-4.8786869
16.49966	12.219727	-4.3235316
14.203228	12.229492	-3.7525289
15.541888	12.239258	-3.1658313
14.284987	12.249023	-2.5694954
15.223701	12.258789	-1.9621819
15.429827	12.268555	-1.347756
12.859097	12.27832	-0.72971201
19.406336	12.288086	-0.10906328
13.462664	12.297852	0.51186818
14.80343	12.307617	1.1295142
14.93796	12.317383	1.7443377
13.223733	12.327148	2.3506863
15.202641	12.336914	2.9460847
13.437692	12.34668	3.5328987
15.197031	12.356445	4.1064959
14.654104	12.366211	4.6640148
13.395947	12.375977	5.2023315
14.269026	12.385742	5.7243013
11.203868	12.395508	6.2228022
11.699542	12.405273	6.6977162
11.276257	12.415039	7.1475949
11.076044	12.424805	7.5679812
11.688028	12.43457	7.9612899
11.510739	12.444336	8.3266497
10.696694	12.454102	8.6582308
11.354255	12.463867	8.956234
8.2526007	12.473633	9.2233152
8.590251	12.483398	9.4537048
8.1409464	12.493164	9.6500854
8.2562561	12.50293	9.8110332
6.8762574	12.512695	9.937252
5.8716278	12.522461	10.028306
5.0786419	12.532227	10.084131
3.9483886	12.541992	10.106356
-8.1813431	12.551758	10.092129
-12.21802	12.561523	10.039888
-11.726923	12.571289	9.9483728
-12.412353	12.581055	9.8148937
-12.351806	12.59082	9.6405945
-12.707535	12.600586	9.4293442
-12.582797	12.610352	9.18501
-14.781487	12.620117	8.9065075
-14.345988	12.629883	8.5889854
-16.47044	12.639648	8.2343063
-15.647279	12.649414	7.8513746
-17.881813	12.65918	7.4376569
-16.022451	12.668945	6.9956193
-18.239347	12.678711	6.528985
-19.42499	12.688477	6.0377884
-16.662607	12.698242	5.5214324
-18.550665	12.708008	4.9868183
-19.126608	12.717773	4.4349275
-18.738722	12.727539	3.8643701
-19.132544	12.737305	3.2805464
-18.044292	12.74707	2.6849151
0.61683822	12.756836	2.1588929
-7.7705131	12.766602	1.9610714
-8.979929	12.776367	1.8864057
-7.6879048	12.786133	1.853001
-9.2374163	12.795898	1.8382146
-9.0052023	12.805664	1.8284786
-8.5669107	12.81543	1.8271806
-8.9665051	12.825195	1.8260072
-9.51793	12.834961	1.8252431
-10.434014	12.844727	1.8238957
-9.1459246	12.854492	1.8241255
-9.3745642	12.864258	1.823946
-6.3159156	12.874023	1.8243562
-3.8430212	12.883789	1.8247913
-3.5595615	12.893555	1.8246065
-0.61288011	12.90332	1.8257773
-1.8448104	12.913086	1.825521
-2.7441304	12.922852	1.8266557
-3.5981183	12.932617	1.8255553
-4.6712112	12.942383	1.825708
-3.9817648	12.952148	1.8256842
-4.3843174	12.961914	1.8252897
-4.245399	12.97168	1.8259166
-5.5389361	12.981445	1.824998
-3.6429729	12.991211	1.8250051
-4.2758298	13.000977	1.8252822
-5.1501904	13.010742	1.8253288
-4.188344	13.020508	1.8252759
-3.2937038	13.030273	1.8254733
-3.3248682	13.040039	1.8253825
-1.4470541	13.049805	1.8262762
-2.4566078	13.05957	1.8257107
-2.4399254	13.069336	1.8257415
-3.6305048	13.079102	1.8254133
-3.6156037	13.088867	1.8263503
-4.3339095	13.098633	1.8253239
-4.1781573	13.108398	1.8249794
-3.8329744	13.118164	1.8252289
-3.2866256	13.12793	1.8259203
-1.8063002	13.137695	1.8258854
-1.771294	13.147461	1.8259107
-1.0021613	13.157227	1.8269985
-0.62100589	13.166992	1.8267872
-2.5995541	13.176758	1.8253825
-2.3700531	13.186523	1.8265213
-2.6175752	13.196289	1.8260884
-1.973554	13.206055	1.8255829
-1.7556827	13.21582	1.8259242
-1.8749852	13.225586	1.8262508
-2.1220417	13.235352	1.8257487
