MTS793|MPT|ENU|1|2|.|/|:|1|0|0|A

Data Acquisition						Time:	4.9248047	s	4/10/2018 12:53:37 PM
Axial Force	Running Time	Axial Displacement
N	s	mm
-4.4433517	0.012695313	-1.5763521
-3.0429335	0.022460938	-1.5765406
-3.9089239	0.032226563	-1.5770092
-2.7599511	0.041992188	-1.577089
-2.1676881	0.051757813	-1.5778571
11.276861	0.061523438	-1.5700028
28.729765	0.071289063	-1.5354402
20.991474	0.081054688	-1.4586933
29.904146	0.090820313	-1.3321102
22.128044	0.10058594	-1.1578649
28.508884	0.11035156	-0.93771517
21.292112	0.12011719	-0.67037195
26.192945	0.12988281	-0.3672868
21.905453	0.13964844	-0.030967593
13.581122	0.14941406	0.33233613
20.301197	0.15917969	0.71295053
4.6487551	0.16894531	1.1129051
17.911411	0.17871094	1.5176922
4.8392453	0.18847656	1.9266739
12.095086	0.19824219	2.3296447
2.3283181	0.20800781	2.7244136
7.3863544	0.21777344	3.1024098
-8.5276909	0.22753906	3.4612207
-0.38670841	0.23730469	3.7921741
-18.139566	0.24707031	4.0925684
20.952988	0.25683594	4.3558373
-26.668131	0.26660156	4.581708
-9.1311054	0.27636719	4.7650247
-11.855806	0.28613281	4.9035401
-23.322996	0.29589844	4.9979506
-14.746189	0.30566406	5.0468178
-38.180313	0.31542969	5.0441189
-61.837036	0.32519531	4.9748421
-53.99976	0.33496094	4.821588
-50.816463	0.34472656	4.5911283
-61.457104	0.35449219	4.2921109
-17.686117	0.36425781	3.9179177
-71.388008	0.37402344	3.4849854
-30.275843	0.38378906	2.9968069
-47.210232	0.39355469	2.468504
-40.79916	0.40332031	1.9030676
-40.414185	0.41308594	1.3085351
-19.854261	0.42285156	0.69710612
-46.047626	0.43261719	0.08020848
-22.560789	0.44238281	-0.53867251
-19.109959	0.45214844	-1.1463993
-34.084137	0.46191406	-1.7335206
-7.5793476	0.47167969	-2.2936895
-23.576048	0.48144531	-2.8178029
-6.5663481	0.49121094	-3.2956674
-3.1532602	0.50097656	-3.7252932
5.3472934	0.51074219	-4.0981932
-7.7595234	0.52050781	-4.4077253
-5.8207661e-05	0.53027344	-4.654891
8.1805868	0.54003906	-4.8419504
4.597672	0.54980469	-4.9544082
0.34148106	0.55957031	-5.0016656
31.539433	0.56933594	-4.9820504
40.092575	0.57910156	-4.8857117
33.846424	0.58886719	-4.7071719
40.218597	0.59863281	-4.4504642
32.508881	0.60839844	-4.1162887
41.673126	0.61816406	-3.7186019
35.803364	0.62792969	-3.2626822
24.121296	0.63769531	-2.7586312
30.472042	0.64746094	-2.2147224
22.558554	0.65722656	-1.6382314
20.132965	0.66699219	-1.0407999
16.66416	0.67675781	-0.42577758
12.242445	0.68652344	0.19309968
7.6483121	0.69628906	0.80830604
6.962707	0.70605469	1.4099762
-2.4537556	0.71582031	1.9900694
-5.8339791	0.72558594	2.5423512
-2.5311952	0.73535156	3.0524597
-11.663465	0.74511719	3.5186694
-19.928616	0.75488281	3.9306431
-23.625477	0.76464844	4.2830348
-19.484886	0.77441406	4.569778
-22.943296	0.78417969	4.7899427
-11.293859	0.79394531	4.9381747
-29.366707	0.80371094	5.0203128
-30.525297	0.81347656	5.0406737
-49.647747	0.82324219	4.9881206
-65.046791	0.83300781	4.8517184
-64.323166	0.84277344	4.6338396
-44.511444	0.85253906	4.3494196
-64.989037	0.86230469	3.9913521
-45.852303	0.87207031	3.5651371
-52.955967	0.88183594	3.0884683
-33.807682	0.89160156	2.5655537
-55.226372	0.90136719	2.0062671
-31.78817	0.91113281	1.4179335
-29.319489	0.92089844	0.80812126
-39.198189	0.93066406	0.19133538
-29.046253	0.94042969	-0.42509809
-18.263737	0.95019531	-1.0371827
-26.065693	0.95996094	-1.6273826
-15.021617	0.96972656	-2.1956623
-16.500835	0.97949219	-2.7256331
-15.162537	0.98925781	-3.2129555
-6.776629	0.99902344	-3.6539249
13.776235	1.0087891	-4.0383883
-14.335755	1.0185547	-4.3600559
-1.0121497	1.0283203	-4.6189895
9.158988	1.0380859	-4.819066
7.7948089	1.0478516	-4.9448094
1.426856	1.0576172	-5.0020509
17.304289	1.0673828	-4.9948158
39.944298	1.0771484	-4.9142933
32.628036	1.0869141	-4.7516146
39.120678	1.0966797	-4.5095272
35.044044	1.1064453	-4.1906023
29.086531	1.1162109	-3.8041739
32.998493	1.1259766	-3.3613958
21.317368	1.1357422	-2.8673501
28.200762	1.1455078	-2.3310556
21.221977	1.1552734	-1.7601885
20.589481	1.1650391	-1.1649654
13.110822	1.1748047	-0.55342543
12.648356	1.1845703	0.06416291
8.0246363	1.1943359	0.67988038
7.6583352	1.2041016	1.2852371
-1.8057762	1.2138672	1.8710837
-3.2747047	1.2236328	2.4280281
-4.5740509	1.2333984	2.9483795
-10.537321	1.2431641	3.4241662
-18.484192	1.2529297	3.8468361
-25.247213	1.2626953	4.2114034
-19.247412	1.2724609	4.512444
-20.278246	1.2822266	4.7455921
-6.4120746	1.2919922	4.909152
-29.814289	1.3017578	5.0062017
-30.535482	1.3115234	5.0369816
-50.276215	1.3212891	5.0004539
-55.192192	1.3310547	4.8836007
-36.062706	1.3408203	4.6788602
-61.774368	1.3505859	4.4090452
-65.330963	1.3603516	4.0641694
-42.237736	1.3701172	3.6511316
-57.37088	1.3798828	3.1836107
-45.573212	1.3896484	2.6685073
-43.719135	1.3994141	2.1160915
-39.675716	1.4091797	1.5326514
-39.82505	1.4189453	0.92709959
-49.840309	1.4287109	0.31150579
-24.225016	1.4384766	-0.3084138
-28.687773	1.4482422	-0.92145056
-20.566139	1.4580078	-1.5166097
-22.925379	1.4677734	-2.0872109
-5.7103462	1.4775391	-2.6285567
-17.092213	1.4873047	-3.1255655
-6.1834698	1.4970703	-3.5751603
12.461334	1.5068359	-3.9703689
-14.153565	1.5166016	-4.3044596
-3.2067299	1.5263672	-4.5761476
8.7396708	1.5361328	-4.7878757
8.2939749	1.5458984	-4.9285965
0.39798906	1.5556641	-5.0005631
16.439219	1.5654297	-5.0059438
39.137878	1.5751953	-4.9407983
32.107059	1.5849609	-4.7940822
40.266174	1.5947266	-4.567132
35.359337	1.6044922	-4.2618861
30.95388	1.6142578	-3.890378
35.806515	1.6240234	-3.4575448
29.415171	1.6337891	-2.9723525
25.660736	1.6435547	-2.4445369
24.512871	1.6533203	-1.8802166
17.551781	1.6630859	-1.2891717
16.259665	1.6728516	-0.67880976
13.727578	1.6826172	-0.062474608
8.1792583	1.6923828	0.55522323
9.380002	1.7021484	1.1638238
1.0082265	1.7119141	1.7547488
-4.4074025	1.7216797	2.3176715
0.33404213	1.7314453	2.8458967
-12.122467	1.7412109	3.3297048
-16.797091	1.7509766	3.7645757
-22.004974	1.7607422	4.1408496
-22.166513	1.7705078	4.4550476
-19.656099	1.7802734	4.7007589
-41.186695	1.7900391	4.8805671
4.4095216	1.7998047	4.98804
-33.076305	1.8095703	5.0321579
-36.13039	1.8193359	5.0110044
-50.988689	1.8291016	4.9115462
-69.507545	1.8388672	4.7243819
-36.973835	1.8486328	4.4642391
-73.762146	1.8583984	4.1367979
-43.420341	1.8681641	3.7353873
-48.997356	1.8779297	3.2778354
-53.792706	1.8876953	2.7728379
-28.155371	1.8974609	2.2275255
-51.294952	1.9072266	1.6487167
-36.168495	1.9169922	1.0468557
-45.884087	1.9267578	0.43187588
-17.708052	1.9365234	-0.18632337
-38.654251	1.9462891	-0.79973567
-18.737221	1.9560547	-1.400476
-29.367092	1.9658203	-1.9781775
-5.5635695	1.9755859	-2.5260427
-13.715098	1.9853516	-3.0319543
-8.9205332	1.9951172	-3.4928062
7.7677426	2.0048828	-3.8974628
-6.1360073	2.0146484	-4.2455616
-8.9283333	2.0244141	-4.5303612
8.7638617	2.0341797	-4.7532854
11.497852	2.0439453	-4.9080906
-2.3394008	2.0537109	-4.9925075
11.077302	2.0634766	-5.0126576
39.343761	2.0732422	-4.9634376
30.790642	2.0830078	-4.833025
39.986912	2.0927734	-4.6210699
37.199135	2.1025391	-4.3325758
30.021969	2.1123047	-3.9722793
37.582584	2.1220703	-3.5517759
31.029097	2.1318359	-3.0759149
22.453943	2.1416016	-2.5554671
27.339045	2.1513672	-1.9973308
13.633875	2.1611328	-1.4111147
19.775372	2.1708984	-0.80571699
16.125612	2.1806641	-0.18723086
6.5975008	2.1904297	0.4299745
9.3184986	2.2001953	1.0413677
-1.5075784	2.2099609	1.6362578
1.3531768	2.2197266	2.2053747
-5.7740951	2.2294922	2.7407064
-8.6615791	2.2392578	3.2341838
-16.641453	2.2490234	3.6795349
-20.861462	2.2587891	4.0688186
-22.228609	2.2685547	4.3955116
-17.005985	2.2783203	4.6564894
-24.942566	2.2880859	4.8463135
-7.9121208	2.2978516	4.9695239
-29.770367	2.3076172	5.025713
-31.620018	2.3173828	5.0193028
-48.802132	2.3271484	4.9363585
-84.396309	2.3369141	4.765542
-21.155958	2.3466797	4.5175629
-90.283012	2.3564453	4.2054071
-25.630255	2.3662109	3.8173482
-63.718876	2.3759766	3.3707857
-39.534039	2.3857422	2.8739543
-42.894505	2.3955078	2.335608
-48.434757	2.4052734	1.7644451
-36.662933	2.4150391	1.1653974
-23.437176	2.4248047	0.55227876
-35.650635	2.4345703	-0.065459311
-24.043106	2.4443359	-0.68025887
-21.383341	2.4541016	-1.285708
-19.481813	2.4638672	-1.8685304
-16.148853	2.4736328	-2.4207273
-9.8257904	2.4833984	-2.9371195
-14.689728	2.4931641	-3.4068623
-1.9617029	2.5029297	-3.8224182
-2.582022	2.5126953	-4.1816912
-8.0963364	2.5224609	-4.4798679
5.4110889	2.5322266	-4.7144041
9.8461056	2.5419922	-4.8852959
0.59310114	2.5517578	-4.9828281
7.4255862	2.5615234	-5.0151482
39.180546	2.5712891	-4.9803696
38.626427	2.5810547	-4.866776
38.887951	2.5908203	-4.6709619
36.365585	2.6005859	-4.3976231
32.868938	2.6103516	-4.051218
36.643345	2.6201172	-3.6411026
25.564716	2.6298828	-3.1761675
29.045465	2.6396484	-2.6645408
21.623272	2.6494141	-2.1130927
25.173615	2.6591797	-1.5309609
19.850752	2.6689453	-0.9294197
12.226193	2.6787109	-0.31310469
10.645576	2.6884766	0.3055945
6.2411418	2.6982422	0.9183377
5.6858525	2.7080078	1.5160575
-7.0738606	2.7177734	2.0907714
-0.85640931	2.7275391	2.6354909
-7.4555631	2.7373047	3.1377821
-10.568299	2.7470703	3.592284
-21.659409	2.7568359	3.9931104
-25.591835	2.7666016	4.3342323
-15.40659	2.7763672	4.6081514
-21.460793	2.7861328	4.814218
-29.188477	2.7958984	4.9496546
-17.372787	2.8056641	5.0189762
-30.24527	2.8154297	5.0252066
-44.520084	2.8251953	4.9581842
-78.38607	2.8349609	4.8055649
-21.978003	2.8447266	4.5721517
-92.108757	2.8544922	4.2757931
-19.102125	2.8642578	3.8991764
-74.191299	2.8740234	3.46421
-37.557423	2.8837891	2.9768302
-40.052864	2.8935547	2.4457111
-47.686241	2.9033203	1.8778994
-40.300793	2.9130859	1.2869149
-22.72086	2.9228516	0.67457259
-39.002602	2.9326172	0.0576213
-26.89904	2.9423828	-0.55933744
-21.633972	2.9521484	-1.1672877
-24.912821	2.9619141	-1.7541893
-13.690943	2.9716797	-2.3142829
-12.750608	2.9814453	-2.8375261
-13.850106	2.9912109	-3.3165574
-6.6163249	3.0009766	-3.7468276
2.0460691	3.0107422	-4.117907
-12.679806	3.0205078	-4.4264393
7.7664504	3.0302734	-4.673882
8.5538025	3.0400391	-4.8589611
0.769319	3.0498047	-4.9690776
7.2630353	3.0595703	-5.0148978
28.976217	3.0693359	-4.9942255
35.042717	3.0791016	-4.8962817
37.202671	3.0888672	-4.7183223
38.060349	3.0986328	-4.4592423
34.040245	3.1083984	-4.1274509
28.801163	3.1181641	-3.7289567
37.300873	3.1279297	-3.2738171
21.164364	3.1376953	-2.7712405
25.662827	3.1474609	-2.2270977
19.742647	3.1572266	-1.6510189
19.950512	3.1669922	-1.0524988
10.924483	3.1767578	-0.43711141
11.021633	3.1865234	0.18123835
6.0556922	3.1962891	0.79683214
7.9703751	3.2060547	1.3988823
-5.9748535	3.2158203	1.9780099
-1.0692165	3.2255859	2.5288582
-4.9235067	3.2353516	3.0397296
-11.731673	3.2451172	3.5051851
-19.403559	3.2548828	3.916712
-25.112787	3.2646484	4.2700887
-20.033285	3.2744141	4.5588732
-19.755249	3.2841797	4.7772198
-37.237114	3.2939453	4.928072
0.99088067	3.3037109	5.0091014
-33.714531	3.3134766	5.0274463
-46.622337	3.3232422	4.9768047
-59.140358	3.3330078	4.8408718
-48.974434	3.3427734	4.622118
-69.002289	3.3525391	4.3380408
-34.843769	3.3623047	3.9784818
-71.962463	3.3720703	3.5551653
-31.406525	3.3818359	3.0759647
-52.894218	3.3916016	2.5542989
-48.26025	3.4013672	1.9943058
-40.331543	3.4111328	1.4048338
-23.298384	3.4208984	0.79687387
-43.681835	3.4306641	0.18042177
-24.29064	3.4404297	-0.43886825
-37.525745	3.4501953	-1.0475181
-15.198695	3.4599609	-1.6409062
-22.004313	3.4697266	-2.2059076
-11.266245	3.4794922	-2.7382107
-9.6161156	3.4892578	-3.2262855
-12.250641	3.4990234	-3.6654189
4.6602683	3.5087891	-4.0490851
-12.562646	3.5185547	-4.3700962
4.7879062	3.5283203	-4.629797
4.1217775	3.5380859	-4.8281393
7.1982269	3.5478516	-4.9529366
4.0959101	3.5576172	-5.011796
18.655806	3.5673828	-5.0045786
37.77549	3.5771484	-4.9230309
37.100941	3.5869141	-4.7611108
36.372471	3.5966797	-4.5182905
34.592598	3.6064453	-4.1998849
30.953634	3.6162109	-3.8143203
37.842152	3.6259766	-3.370203
20.403473	3.6357422	-2.8753123
27.153105	3.6455078	-2.3400583
21.897827	3.6552734	-1.7691128
18.396893	3.6650391	-1.1743836
15.263084	3.6748047	-0.56139302
11.831638	3.6845703	0.056512654
6.2765784	3.6943359	0.67414194
8.7258635	3.7041016	1.2783155
-2.7584493	3.7138672	1.8641815
-1.8057413	3.7236328	2.4206252
-3.6405516	3.7333984	2.9411151
-12.128917	3.7431641	3.4157262
-17.627165	3.7529297	3.8397477
-23.772732	3.7626953	4.2037873
-21.51623	3.7724609	4.505022
-20.359119	3.7822266	4.73838
-38.594357	3.7919922	4.9023957
0.42027095	3.8017578	4.9974518
-29.973255	3.8115234	5.0292983
-42.96064	3.8212891	4.992743
-55.68734	3.8310547	4.8752127
-73.47226	3.8408203	4.6721563
-42.90057	3.8505859	4.3994203
-64.918686	3.8603516	4.0555897
-48.851894	3.8701172	3.6416664
-45.405315	3.8798828	3.174907
-55.897095	3.8896484	2.6615679
-39.093895	3.8994141	2.1070614
-36.791	3.9091797	1.5238538
-39.578136	3.9189453	0.91933906
-39.460346	3.9287109	0.30289143
-29.514742	3.9384766	-0.31525567
-17.025042	3.9482422	-0.92807782
-27.037027	3.9580078	-1.5228964
-12.362958	3.9677734	-2.0955503
-24.330162	3.9775391	-2.6351242
-6.7193642	3.9873047	-3.1323524
-9.9384222	3.9970703	-3.5808153
10.291988	4.0068359	-3.9782412
-9.7127981	4.0166016	-4.3116407
-5.0971632	4.0263672	-4.5843019
7.4841199	4.0361328	-4.7938986
8.3665257	4.0458984	-4.9350648
0.59445155	4.0556641	-5.0055361
14.944892	4.0654297	-5.0119324
38.963699	4.0751953	-4.9473634
39.112812	4.0849609	-4.8006892
37.946293	4.0947266	-4.573174
33.342937	4.1044922	-4.2697229
33.312954	4.1142578	-3.8978009
30.645279	4.1240234	-3.4633784
28.910452	4.1337891	-2.9780567
23.595087	4.1435547	-2.4498045
25.738625	4.1533203	-1.8865235
14.79495	4.1630859	-1.2932479
19.566086	4.1728516	-0.68432915
9.1329327	4.1826172	-0.065425038
9.912509	4.1923828	0.55200905
3.0606403	4.2021484	1.1597767
2.1492946	4.2119141	1.7491772
-1.8662075	4.2216797	2.3128481
-8.973526	4.2314453	2.840127
-8.3956633	4.2412109	3.3253999
-14.98987	4.2509766	3.759706
-28.412382	4.2607422	4.1353149
-17.968307	4.2705078	4.4507594
-19.592222	4.2802734	4.6959343
-44.033863	4.2900391	4.8760729
5.6138029	4.2998047	4.9832792
-30.437752	4.3095703	5.0264759
-40.444382	4.3193359	5.0058546
-50.974472	4.3291016	4.9051895
-80.263649	4.3388672	4.717885
-29.733696	4.3486328	4.4600472
-75.844627	4.3583984	4.1311426
-37.757515	4.3681641	3.7290559
-50.102921	4.3779297	3.2717645
-54.606247	4.3876953	2.7676537
0.20795269	4.3974609	2.2261665
33.478405	4.4072266	1.9341216
30.312769	4.4169922	1.8352807
-42.019577	4.4267578	1.7975897
-18.171303	4.4365234	1.7785444
18.375175	4.4462891	1.7651737
-12.55906	4.4560547	1.7616153
-25.055733	4.4658203	1.7583027
-4.4997783	4.4755859	1.7550483
-11.816725	4.4853516	1.7537429
-6.7058253	4.4951172	1.7538621
-6.6696086	4.5048828	1.7515168
-15.844648	4.5146484	1.7524078
-11.100538	4.5244141	1.7520547
-8.3153248	4.5341797	1.7526641
-5.9884391	4.5439453	1.7521665
-8.5967827	4.5537109	1.7506987
-16.338634	4.5634766	1.7503605
-14.626211	4.5732422	1.7487854
-10.164408	4.5830078	1.7498419
-5.0682225	4.5927734	1.7494068
-7.5615244	4.6025391	1.7500415
-13.983576	4.6123047	1.7497391
-13.980223	4.6220703	1.7498612
-10.357657	4.6318359	1.7488301
-6.8363733	4.6416016	1.7483459
-10.343409	4.6513672	1.7492697
-14.247536	4.6611328	1.7488569
-15.506218	4.6708984	1.7481818
-9.5928555	4.6806641	1.7479942
-7.2084136	4.6904297	1.7479748
-8.7750378	4.7001953	1.7487659
-14.51975	4.7099609	1.7465353
-15.199685	4.7197266	1.7473608
-11.787517	4.7294922	1.7471089
-8.4923344	4.7392578	1.7469615
-8.3416004	4.7490234	1.7476604
-13.91723	4.7587891	1.7477229
-15.566242	4.7685547	1.7468348
-12.901576	4.7783203	1.7467811
-7.7905364	4.7880859	1.7466531
-7.7318053	4.7978516	1.7478645
-13.457914	4.8076172	1.7467902
-15.491585	4.8173828	1.7468601
-12.196031	4.8271484	1.7478361
-9.6116791	4.8369141	1.7470926
-8.6043034	4.8466797	1.7463312
-12.779329	4.8564453	1.7468467
-14.917331	4.8662109	1.7469511
-12.917294	4.8759766	1.7473519
-9.7686424	4.8857422	1.746042
