MTS793|MPT|ENU|1|2|.|/|:|1|0|0|A

Data Acquisition						Time:	7.2324219	s	4/10/2018 12:19:12 PM
Axial Force	Running Time	Axial Displacement
N	s	mm
12.287812	0.012695313	-3.8351283
12.11986	0.022460938	-3.8355038
18.838449	0.032226563	-3.832443
20.91931	0.041992188	-3.808038
33.223949	0.051757813	-3.7363873
248.66507	0.061523438	-3.6156864
62.501259	0.071289063	-3.4218683
105.6846	0.081054688	-3.1754956
211.2738	0.090820313	-2.8706505
91.545784	0.10058594	-2.5064335
191.89655	0.11035156	-2.0981238
191.2159	0.12011719	-1.641573
130.67517	0.12988281	-1.146035
198.98038	0.13964844	-0.6173417
185.81526	0.14941406	-0.054682791
179.34572	0.15917969	0.53374022
187.73238	0.16894531	1.1411295
181.49567	0.17871094	1.7653868
186.25044	0.18847656	2.4009063
198.18752	0.19824219	3.043674
184.8614	0.20800781	3.6858306
154.50467	0.21777344	4.3239489
174.51201	0.22753906	4.9485221
164.51854	0.23730469	5.5606022
151.51312	0.24707031	6.1527624
160.58406	0.25683594	6.7153349
122.63358	0.26660156	7.2518868
117.72698	0.27636719	7.7521725
129.38379	0.28613281	8.2118731
64.867821	0.29589844	8.631237
66.037125	0.30566406	9.0019484
71.491478	0.31542969	9.3226004
29.806152	0.32519531	9.5918131
33.8573	0.33496094	9.805994
12.663425	0.34472656	9.9665117
4.8821907	0.35449219	10.071792
3.26687	0.36425781	10.12653
-1.6730511	0.37402344	10.119425
-14.093343	0.38378906	10.029848
-384.77258	0.39355469	9.8473625
-60.651718	0.40332031	9.5629263
-297.043	0.41308594	9.2082577
-165.31064	0.42285156	8.7606831
-223.12701	0.43261719	8.2433329
-279.15048	0.44238281	7.6574936
-239.46179	0.45214844	7.0025129
-263.85159	0.46191406	6.2896743
-276.40353	0.47167969	5.5246787
-256.1409	0.48144531	4.7151728
-275.00931	0.49121094	3.8687184
-271.88086	0.50097656	2.9891207
-277.01328	0.51074219	2.0840003
-263.88766	0.52050781	1.1617973
-284.39435	0.53027344	0.2333045
-270.25925	0.54003906	-0.69552809
-226.5229	0.54980469	-1.619491
-284.15875	0.55957031	-2.5246336
-188.87785	0.56933594	-3.4120843
-258.58371	0.57910156	-4.264328
-198.4566	0.58886719	-5.0825567
-156.4343	0.59863281	-5.85673
-219.64088	0.60839844	-6.5778332
-103.88927	0.61816406	-7.24681
-160.87531	0.62792969	-7.8463407
-106.34197	0.63769531	-8.3822947
-102.91718	0.64746094	-8.8436337
-63.443802	0.65722656	-9.2306089
-53.899746	0.66699219	-9.5417824
-55.81002	0.67675781	-9.7791061
-10.718755	0.68652344	-9.9451151
4.1280289	0.69628906	-10.024439
5.0823436	0.70605469	-10.035278
12.370443	0.71582031	-9.965621
172.66554	0.72558594	-9.808774
270.19623	0.73535156	-9.5580788
40.709496	0.74511719	-9.2035923
288.92166	0.75488281	-8.7808876
188.11972	0.76464844	-8.2719641
173.22644	0.77441406	-7.6921372
312.99503	0.78417969	-7.0539875
231.69199	0.79394531	-6.3336806
216.18097	0.80371094	-5.5719347
260.93546	0.81347656	-4.7714548
272.44131	0.82324219	-3.9280131
230.94611	0.83300781	-3.0548081
230.79616	0.84277344	-2.1571188
261.24722	0.85253906	-1.2445674
220.88246	0.86230469	-0.3148675
224.44937	0.87207031	0.61212331
257.81235	0.88183594	1.5325084
195.42567	0.89160156	2.4443045
225.24368	0.90136719	3.3279612
230.84715	0.91113281	4.1887207
157.86551	0.92089844	5.0169096
178.74664	0.93066406	5.7969942
173.11615	0.94042969	6.5267878
122.12891	0.95019531	7.1962757
133.79317	0.95996094	7.8006997
131.67815	0.96972656	8.3472805
59.404533	0.97949219	8.834569
62.104034	0.98925781	9.2484694
36.095409	0.99902344	9.5813704
9.3544369	1.0087891	9.8307743
3.7833116	1.0185547	9.9986267
3.8993311	1.0283203	10.091023
-3.5002711	1.0380859	10.110842
-14.094333	1.0478516	10.050629
-383.08792	1.0576172	9.8953409
-73.331711	1.0673828	9.6300917
-223.44785	1.0771484	9.2964811
-218.16425	1.0869141	8.8739853
-192.37022	1.0966797	8.3727407
-279.55283	1.1064453	7.8031139
-240.87639	1.1162109	7.1645813
-258.93826	1.1259766	6.4679847
-273.92542	1.1357422	5.7151361
-263.68903	1.1455078	4.9178824
-271.94754	1.1552734	4.0809498
-263.96155	1.1650391	3.2098339
-277.54785	1.1748047	2.3132041
-273.24786	1.1845703	1.3973727
-282.01459	1.1943359	0.46918839
-286.72971	1.2041016	-0.45739412
-228.9893	1.2138672	-1.3854935
-297.76709	1.2236328	-2.2963002
-194.96155	1.2333984	-3.1894207
-235.23798	1.2431641	-4.053484
-254.93265	1.2529297	-4.8797517
-122.69157	1.2626953	-5.6710391
-216.06223	1.2724609	-6.4017639
-132.78844	1.2822266	-7.0869503
-131.53334	1.2919922	-7.7063961
-128.6257	1.3017578	-8.2603054
-86.581795	1.3115234	-8.7401104
-81.336754	1.3212891	-9.1462002
-47.905815	1.3310547	-9.4798145
-70.703964	1.3408203	-9.7361221
-12.267882	1.3505859	-9.9222746
5.1287351	1.3603516	-10.023711
6.5103407	1.3701172	-10.050161
11.571171	1.3798828	-10.002314
22.000343	1.3896484	-9.8672848
342.78799	1.3994141	-9.6475945
39.52449	1.4091797	-9.3157511
226.18578	1.4189453	-8.9115601
249.8727	1.4287109	-8.4270239
128.36438	1.4384766	-7.8643246
302.19144	1.4482422	-7.2423992
256.69086	1.4580078	-6.5409689
198.14529	1.4677734	-5.7846742
250.46455	1.4775391	-4.9970179
275.16104	1.4873047	-4.1651964
241.57178	1.4970703	-3.2984376
227.69431	1.5068359	-2.4024889
257.56387	1.5166016	-1.4936044
231.63074	1.5263672	-0.57039261
226.81502	1.5361328	0.35954416
243.06026	1.5458984	1.2836621
211.82799	1.5556641	2.1945729
216.78165	1.5654297	3.0913606
227.07094	1.5751953	3.9595261
158.65286	1.5849609	4.7944469
204.39349	1.5947266	5.5886345
161.17725	1.6044922	6.3333139
133.79309	1.6142578	7.0191784
134.78995	1.6240234	7.6384382
141.47778	1.6337891	8.1982803
93.834763	1.6435547	8.70329
34.190495	1.6533203	9.1403618
59.996555	1.6630859	9.4923239
11.764223	1.6728516	9.7642317
1.8765917	1.6826172	9.9538851
2.4552107	1.6923828	10.064651
-2.6344554	1.7021484	10.10481
-10.460045	1.7119141	10.068427
-291.94272	1.7216797	9.9376278
-102.2195	1.7314453	9.6986008
-129.31758	1.7412109	9.3838797
-301.74274	1.7509766	8.9886208
-165.78893	1.7607422	8.5028572
-278.80469	1.7705078	7.9543724
-238.03865	1.7802734	7.3324099
-245.07724	1.7900391	6.6483483
-265.46808	1.7998047	5.9136853
-275.70251	1.8095703	5.126615
-257.58533	1.8193359	4.2979465
-259.00287	1.8291016	3.4366474
-264.95142	1.8388672	2.546452
-286.15869	1.8486328	1.6342506
-259.38898	1.8583984	0.70699304
-291.53903	1.8681641	-0.22186488
-234.13234	1.8779297	-1.1477783
-270.92435	1.8876953	-2.060379
-232.45895	1.8974609	-2.9588625
-199.58971	1.9072266	-3.8329749
-263.05838	1.9169922	-4.6697125
-141.30524	1.9267578	-5.4717226
-190.84258	1.9365234	-6.2206597
-162.44951	1.9462891	-6.9183574
-116.1898	1.9560547	-7.5551882
-140.75197	1.9658203	-8.1252842
-85.653412	1.9755859	-8.6268406
-94.086723	1.9853516	-9.0525675
-47.775906	1.9951172	-9.4066696
-67.384972	2.0048828	-9.6819296
-28.554815	2.0146484	-9.8872795
4.1578083	2.0244141	-10.010946
7.2468886	2.0341797	-10.056612
10.255165	2.0439453	-10.027822
18.981436	2.0537109	-9.9177065
339.87012	2.0634766	-9.7229691
96.879913	2.0732422	-9.4189854
140.62877	2.0830078	-9.03265
291.89682	2.0927734	-8.5717125
113.799	2.1025391	-8.0254612
267.8125	2.1123047	-7.4214101
280.37463	2.1220703	-6.7442851
212.44586	2.1318359	-5.9924364
210.90359	2.1416016	-5.2140026
290.82263	2.1513672	-4.394403
254.41451	2.1611328	-3.5367072
207.37859	2.1708984	-2.6496186
257.87189	2.1806641	-1.7427967
229.69037	2.1904297	-0.82074851
214.47926	2.2001953	0.11127591
254.26677	2.2099609	1.0359333
203.94838	2.2197266	1.9519939
201.79932	2.2294922	2.8510377
256.31192	2.2392578	3.7233665
163.13524	2.2490234	4.5711384
181.03796	2.2587891	5.3791656
198.23563	2.2685547	6.1340675
158.93028	2.2783203	6.8364038
106.77798	2.2880859	7.4750977
164.86295	2.2978516	8.0506067
103.4583	2.3076172	8.567627
30.826475	2.3173828	9.0272503
84.031265	2.3271484	9.401722
11.680322	2.3369141	9.6954126
2.6427326	2.3466797	9.9070597
1.4755758	2.3564453	10.037659
-0.084587373	2.3662109	10.095046
-8.2795973	2.3759766	10.080655
-101.22454	2.3857422	9.9740105
-255.45227	2.3955078	9.7670689
-70.438858	2.4052734	9.4713907
-332.47568	2.4150391	9.0997744
-144.91541	2.4248047	8.6338654
-242.29826	2.4345703	8.0999689
-268.80917	2.4443359	7.5000329
-226.40956	2.4541016	6.8302588
-275.94318	2.4638672	6.1097817
-284.75858	2.4736328	5.3355737
-245.90399	2.4833984	4.5169277
-265.49387	2.4931641	3.6652281
-267.3053	2.5029297	2.781944
-293.41959	2.5126953	1.8749402
-246.47337	2.5224609	0.94952434
-295.8425	2.5322266	0.023314357
-246.76624	2.5419922	-0.90578049
-242.71239	2.5517578	-1.8253893
-277.13739	2.5615234	-2.7255938
-186.93102	2.5712891	-3.6082892
-263.33267	2.5810547	-4.4531064
-174.12064	2.5908203	-5.2653608
-178.33296	2.6005859	-6.0291948
-185.42273	2.6103516	-6.7402782
-112.58668	2.6201172	-7.3961883
-144.20804	2.6298828	-7.983902
-100.96303	2.6396484	-8.5046921
-102.814	2.6494141	-8.9503422
-52.660378	2.6591797	-9.3240128
-62.518635	2.6689453	-9.6179113
-47.951855	2.6787109	-9.8427134
-8.5759792	2.6884766	-9.9894733
6.6545558	2.6982422	-10.054667
7.307157	2.7080078	-10.046875
16.232475	2.7177734	-9.9598389
266.211	2.7275391	-9.7871418
218.16476	2.7373047	-9.5138683
61.006371	2.7470703	-9.1448088
301.34296	2.7568359	-8.7061672
155.3197	2.7666016	-8.1811504
208.32082	2.7763672	-7.5911446
297.29922	2.7861328	-6.9366617
224.93118	2.7958984	-6.1995521
202.33762	2.8056641	-5.4286137
265.48291	2.8154297	-4.6213312
277.44675	2.8251953	-3.7715883
217.91722	2.8349609	-2.8900371
239.31879	2.8447266	-1.9878328
259.43112	2.8544922	-1.0712862
205.6011	2.8642578	-0.14208406
246.22476	2.8740234	0.78559369
224.1701	2.8837891	1.7058537
188.13725	2.8935547	2.6120319
225.04672	2.9033203	3.4883394
208.99608	2.9130859	4.3440537
176.72379	2.9228516	5.1654472
193.377	2.9326172	5.9375153
163.57625	2.9423828	6.6547289
100.75705	2.9521484	7.3099837
157.2549	2.9619141	7.899539
116.16702	2.9716797	8.4317284
50.28809	2.9814453	8.90833
76.403244	2.9912109	9.3057976
23.003469	3.0009766	9.6221762
1.917628	3.0107422	9.8551826
1.4970661	3.0205078	10.00718
0.92603731	3.0302734	10.083379
-5.312171	3.0400391	10.089879
-17.634651	3.0498047	10.00988
-380.99979	3.0595703	9.8316412
-60.622208	3.0693359	9.5520124
-278.64029	3.0791016	9.2040558
-186.04289	3.0888672	8.7616425
-198.31339	3.0986328	8.24578
-281.53122	3.1083984	7.6634989
-222.06018	3.1181641	7.0097103
-257.62793	3.1279297	6.3033981
-275.1907	3.1376953	5.5450959
-245.47621	3.1474609	4.7359986
-264.95303	3.1572266	3.8924799
-263.03403	3.1669922	3.0162885
-274.97787	3.1767578	2.1143363
-257.96478	3.1865234	1.1943564
-281.9202	3.1962891	0.26498884
-263.63858	3.2060547	-0.66078454
-214.4436	3.2158203	-1.5847728
-297.97644	3.2255859	-2.4892762
-174.13812	3.2353516	-3.3806965
-231.82689	3.2451172	-4.2360306
-219.13399	3.2548828	-5.0571084
-131.67738	3.2646484	-5.83639
-209.69664	3.2744141	-6.5597458
-109.16984	3.2841797	-7.2325125
-148.27687	3.2939453	-7.8361735
-102.54861	3.3037109	-8.3756628
-99.597214	3.3134766	-8.8428917
-57.196339	3.3232422	-9.2354383
-49.814571	3.3330078	-9.5508814
-60.112484	3.3427734	-9.79076
-10.932946	3.3525391	-9.9624472
6.5219822	3.3623047	-10.047223
8.2127638	3.3720703	-10.058398
13.821583	3.3818359	-9.9939566
136.10588	3.3916016	-9.8422709
289.29025	3.4013672	-9.5991907
33.208958	3.4111328	-9.252161
275.59094	3.4208984	-8.8335199
195.97063	3.4306641	-8.3301439
152.85176	3.4404297	-7.7556686
306.09601	3.4501953	-7.1201234
227.05202	3.4599609	-6.4012289
199.68456	3.4697266	-5.6398764
258.55066	3.4794922	-4.8430843
265.84152	3.4892578	-4.0023417
222.15486	3.4990234	-3.1308367
230.85733	3.5087891	-2.2313893
246.52051	3.5185547	-1.3168335
214.99683	3.5283203	-0.39037317
229.9689	3.5380859	0.53913444
219.8235	3.5478516	1.4600768
199.26288	3.5576172	2.3711815
215.54639	3.5673828	3.2582238
216.27193	3.5771484	4.1186585
175.56613	3.5869141	4.948236
193.72609	3.5966797	5.7360067
168.6171	3.6064453	6.4689474
119.63282	3.6162109	7.14079
141.87473	3.6259766	7.7465997
135.01295	3.6357422	8.2944345
54.103344	3.6455078	8.7850227
71.410431	3.6552734	9.2048597
30.061638	3.6650391	9.5445528
7.0484819	3.6748047	9.7998123
4.1700668	3.6845703	9.9724426
0.55001581	3.6943359	10.069783
-3.5112374	3.7041016	10.094049
-13.272779	3.7138672	10.040377
-357.02634	3.7236328	9.890069
-73.740189	3.7333984	9.6314411
-164.5793	3.7431641	9.3022242
-276.48291	3.7529297	8.8870239
-168.38121	3.7626953	8.3863688
-287.30798	3.7724609	7.8236895
-213.49017	3.7822266	7.1890459
-250.87219	3.7919922	6.49579
-271.70038	3.8017578	5.7486491
-260.82297	3.8115234	4.9548192
-252.75549	3.8212891	4.119493
-253.3071	3.8310547	3.2501056
-254.28441	3.8408203	2.3556008
-280.42554	3.8505859	1.4388933
-248.44978	3.8603516	0.5117774
-300.86353	3.8701172	-0.41485131
-199.44196	3.8798828	-1.3432786
-290.3714	3.8896484	-2.2513599
-195.18364	3.8994141	-3.1477988
-211.86923	3.9091797	-4.0126877
-254.1781	3.9189453	-4.8434215
-123.55619	3.9287109	-5.6365566
-197.97414	3.9384766	-6.3728867
-137.52962	3.9482422	-7.0594578
-133.01405	3.9580078	-7.6828747
-106.80249	3.9677734	-8.2415848
-103.4807	3.9775391	-8.7255001
-79.677612	3.9873047	-9.1381235
-43.617687	3.9970703	-9.4757719
-65.483955	4.0068359	-9.7344904
-14.023972	4.0166016	-9.926878
5.1398411	4.0263672	-10.032441
8.1885252	4.0361328	-10.064242
12.002024	4.0458984	-10.020341
22.060116	4.0556641	-9.8910999
340.64163	4.0654297	-9.6786928
44.590076	4.0751953	-9.3521271
209.72565	4.0849609	-8.9528885
261.207	4.0947266	-8.4738493
112.44106	4.1044922	-7.9148574
291.57016	4.1142578	-7.2975874
256.25833	4.1240234	-6.6023293
193.02046	4.1337891	-5.8477044
232.38879	4.1435547	-5.0599589
270.11646	4.1533203	-4.2310357
238.59128	4.1630859	-3.3648372
210.43959	4.1728516	-2.4728968
262.33398	4.1826172	-1.5634642
220.62823	4.1923828	-0.63676238
204.94588	4.2021484	0.29040873
242.70334	4.2119141	1.2156858
195.40744	4.2216797	2.1304026
193.6821	4.2314453	3.0252829
237.11555	4.2412109	3.8945987
150.93867	4.2509766	4.7351403
198.7052	4.2607422	5.530067
175.49879	4.2705078	6.2776642
119.56358	4.2802734	6.9673791
133.416	4.2900391	7.589756
144.63974	4.2998047	8.1548052
69.783333	4.3095703	8.6627645
63.395924	4.3193359	9.1034336
56.647335	4.3291016	9.4619942
3.5390606	4.3388672	9.7402763
8.9584389	4.3486328	9.9339914
1.4870079	4.3583984	10.049634
-1.8770108	4.3681641	10.094042
-10.399567	4.3779297	10.063471
-240.66278	4.3876953	9.9361639
-141.58612	4.3974609	9.707715
-101.26363	4.4072266	9.3972845
-313.15451	4.4169922	9.0065193
-146.2128	4.4267578	8.5240173
-268.49081	4.4365234	7.9797759
-227.5448	4.4462891	7.3630586
-239.14037	4.4560547	6.6863971
-267.25714	4.4658203	5.9519367
-263.43036	4.4755859	5.1696224
-238.14729	4.4853516	4.3434753
-258.42929	4.4951172	3.4838424
-252.66116	4.5048828	2.5950716
-282.58795	4.5146484	1.6851916
-233.99091	4.5244141	0.7580474
-296.39508	4.5341797	-0.17059743
-228.92845	4.5439453	-1.0967821
-254.65318	4.5537109	-2.0144866
-237.83055	4.5634766	-2.91294
-177.24957	4.5732422	-3.7874804
-268.10562	4.5830078	-4.6273289
-144.97328	4.5927734	-5.4310279
-177.8598	4.6025391	-6.1827645
-160.91612	4.6123047	-6.8842158
-117.75624	4.6220703	-7.5243802
-131.1088	4.6318359	-8.0973473
-95.983475	4.6416016	-8.6040411
-95.26857	4.6513672	-9.0355921
-42.327621	4.6611328	-9.3949184
-67.898087	4.6708984	-9.6737995
-30.077494	4.6806641	-9.8839912
3.3885241	4.6904297	-10.013266
7.8717599	4.7001953	-10.06364
9.519083	4.7099609	-10.03987
17.934742	4.7197266	-9.935401
324.12488	4.7294922	-9.7460747
110.83528	4.7392578	-9.4482021
127.11586	4.7490234	-9.066288
298.67651	4.7587891	-8.6110611
115.33129	4.7685547	-8.0688429
253.28734	4.7783203	-7.4685616
273.58838	4.7880859	-6.7988739
211.43388	4.7978516	-6.0494704
207.54083	4.8076172	-5.2727132
267.13397	4.8173828	-4.4556022
263.11575	4.8271484	-3.598541
207.30424	4.8369141	-2.7122691
250.42934	4.8466797	-1.8062115
235.46686	4.8564453	-0.88559091
206.11682	4.8662109	0.045503676
235.45526	4.8759766	0.97152144
219.3103	4.8857422	1.8882349
190.13205	4.8955078	2.7901218
225.93851	4.9052734	3.6666825
176.39893	4.9150391	4.5137033
194.00302	4.9248047	5.3221779
174.86823	4.9345703	6.083663
150.50813	4.9443359	6.7899151
114.37888	4.9541016	7.430069
159.08301	4.9638672	8.0079842
98.758377	4.9736328	8.5318222
40.432499	4.9833984	8.9940681
73.28315	4.9931641	9.3733358
7.4342241	5.0029297	9.6738739
8.7140484	5.0126953	9.8892403
1.3340731	5.0224609	10.026376
-0.20137522	5.0322266	10.088711
-8.3899126	5.0419922	10.077836
-58.388092	5.0517578	9.9786358
-292.6723	5.0615234	9.7786236
-58.652264	5.0712891	9.4863787
-318.76154	5.0810547	9.1191549
-146.61508	5.0908203	8.6600704
-230.48859	5.1005859	8.1302242
-256.96301	5.1103516	7.5338883
-222.92908	5.1201172	6.870173
-253.52031	5.1298828	6.1515288
-282.29156	5.1396484	5.3815112
-222.45903	5.1494141	4.5652432
-275.23212	5.1591797	3.7173853
-238.06726	5.1689453	2.8344109
-276.55521	5.1787109	1.9279196
-242.06427	5.1884766	1.0046616
-270.71667	5.1982422	0.076189637
-247.94109	5.2080078	-0.849545
-214.06877	5.2177734	-1.7709897
-283.87302	5.2275391	-2.6740103
-159.60979	5.2373047	-3.557831
-257.16888	5.2470703	-4.4070644
-167.80856	5.2568359	-5.2221804
-161.22223	5.2666016	-5.9879394
-169.72725	5.2763672	-6.7020087
-114.44059	5.2861328	-7.3601379
-140.53427	5.2958984	-7.9516516
-82.599327	5.3056641	-8.4779787
-113.67851	5.3154297	-8.9276657
-31.706587	5.3251953	-9.3077869
-62.671429	5.3349609	-9.606041
-50.37476	5.3447266	-9.8335266
-8.2973747	5.3544922	-9.9876223
7.6342955	5.3642578	-10.057018
9.3040991	5.3740234	-10.053555
15.741028	5.3837891	-9.9724903
247.85715	5.3935547	-9.8052387
245.36491	5.4033203	-9.5386133
58.628174	5.4130859	-9.174839
286.3895	5.4228516	-8.7413626
167.44228	5.4326172	-8.220686
187.38115	5.4423828	-7.6344223
286.57312	5.4521484	-6.9849224
218.26082	5.4619141	-6.252821
193.22372	5.4716797	-5.486083
261.79349	5.4814453	-4.6801581
247.74399	5.4912109	-3.8313255
219.75725	5.5009766	-2.9528947
232.49382	5.5107422	-2.0488887
229.52084	5.5205078	-1.1295364
202.45731	5.5302734	-0.20281225
239.13498	5.5400391	0.72360486
209.93205	5.5498047	1.6426132
207.73981	5.5595703	2.5504842
200.44034	5.5693359	3.4365311
186.08653	5.5791016	4.2928653
195.12959	5.5888672	5.1128073
169.36179	5.5986328	5.8886127
157.05321	5.6083984	6.6094475
115.53031	5.6181641	7.2659001
151.97797	5.6279297	7.8589931
114.03464	5.6376953	8.3980818
40.415745	5.6474609	8.8753595
83.747208	5.6572266	9.2760906
14.434185	5.6669922	9.6005039
1.9540312	5.6767578	9.8387165
3.0667405	5.6865234	9.996583
0.50755918	5.6962891	10.078152
-5.6787744	5.7060547	10.08894
-16.742945	5.7158203	10.01461
-386.95416	5.7255859	9.8433304
-66.276451	5.7353516	9.5697899
-245.74638	5.7451172	9.2246666
-188.13048	5.7548828	8.7871361
-186.44351	5.7646484	8.2759752
-272.88034	5.7744141	7.6992021
-211.21675	5.7841797	7.0512848
-254.15886	5.7939453	6.3480692
-265.66275	5.8037109	5.5906816
-232.64359	5.8134766	4.7859654
-261.0589	5.8232422	3.9468989
-247.56409	5.8330078	3.0720518
-261.55389	5.8427734	2.1709726
-256.42557	5.8525391	1.2516453
-256.38239	5.8623047	0.32293797
-276.43607	5.8720703	-0.60382932
-203.58752	5.8818359	-1.5304357
-286.56216	5.8916016	-2.4377079
-176.73634	5.9013672	-3.3270061
-214.85484	5.9111328	-4.1883392
-213.94298	5.9208984	-5.0102801
-144.78212	5.9306641	-5.7905002
-190.59775	5.9404297	-6.5187483
-119.94401	5.9501953	-7.1931362
-136.18539	5.9599609	-7.8037038
-101.29311	5.9697266	-8.3460045
-98.742775	5.9794922	-8.8159342
-61.391315	5.9892578	-9.213522
-51.029922	5.9990234	-9.535181
-56.54966	6.0087891	-9.7799387
-12.071314	6.0185547	-9.9558849
6.9968867	6.0283203	-10.044726
7.7896519	6.0380859	-10.061841
14.082866	6.0478516	-10.003127
98.991325	6.0576172	-9.8560066
297.84396	6.0673828	-9.6199675
35.059391	6.0771484	-9.2778025
265.35468	6.0869141	-8.8661757
201.52763	6.0966797	-8.3671522
148.528	6.1064453	-7.796134
295.9277	6.1162109	-7.1660461
222.02174	6.1259766	-6.4516706
198.10381	6.1357422	-5.6912036
241.86258	6.1455078	-4.8956676
255.7878	6.1552734	-4.0594816
236.55641	6.1650391	-3.1886115
221.09978	6.1748047	-2.2903414
242.82896	6.1845703	-1.3773098
206.97238	6.1943359	-0.45057833
229.82835	6.2041016	0.47629476
229.37592	6.2138672	1.401849
194.36629	6.2236328	2.3132966
204.48401	6.2333984	3.2041564
210.30072	6.2431641	4.0681376
165.68442	6.2529297	4.8980637
196.22597	6.2626953	5.6848512
156.63892	6.2724609	6.4223065
107.1371	6.2822266	7.0964561
149.73125	6.2919922	7.7065153
114.51669	6.3017578	8.2581358
66.186104	6.3115234	8.7522221
74.648643	6.3212891	9.1782169
19.744125	6.3310547	9.52283
15.645299	6.3408203	9.782402
4.8346586	6.3505859	9.9620743
-0.69860834	6.3603516	10.063915
-3.8877478	6.3701172	10.093464
-13.148517	6.3798828	10.044466
-349.02426	6.3896484	9.9002733
-73.793182	6.3994141	9.6478329
-172.10555	6.4091797	9.3246622
-258.57217	6.4189453	8.9141865
-160.92009	6.4287109	8.4191904
-278.44452	6.4384766	7.8599854
-212.79823	6.4482422	7.2299762
-255.12126	6.4580078	6.5424757
-252.56866	6.4677734	5.7977691
-258.797	6.4775391	5.0066099
-244.71606	6.4873047	4.1726575
-252.88278	6.4970703	3.3063009
-249.99054	6.5068359	2.4122164
-278.17847	6.5166016	1.4989271
-228.11539	6.5263672	0.5698368
-305.71588	6.5361328	-0.3577292
-209.3681	6.5458984	-1.2841016
-282.97977	6.5556641	-2.1955476
-202.90266	6.5654297	-3.0937209
-194.48381	6.5751953	-3.9623215
-252.26149	6.5849609	-4.792717
-131.1438	6.5947266	-5.5869908
-191.94699	6.6044922	-6.3278618
-131.43123	6.6142578	-7.0189638
-133.00874	6.6240234	-7.6453028
-107.72691	6.6337891	-8.2076893
-97.880074	6.6435547	-8.6974726
-77.194283	6.6533203	-9.1143875
-43.840591	6.6630859	-9.4570589
-68.300812	6.6728516	-9.7206144
-11.040061	6.6826172	-9.9176664
5.1262674	6.6923828	-10.029586
-6.1287894	6.7021484	-10.077225
-19.725889	6.7119141	-10.096398
-20.268688	6.7216797	-10.106575
-17.114868	6.7314453	-10.111273
-13.613712	6.7412109	-10.115486
-13.653934	6.7509766	-10.116
-14.1419	6.7607422	-10.117478
-12.843206	6.7705078	-10.116622
-12.559839	6.7802734	-10.115552
-9.9009943	6.7900391	-10.115737
-10.052044	6.7998047	-10.115215
-8.7718372	6.8095703	-10.114045
-8.0171623	6.8193359	-10.112737
-7.4492068	6.8291016	-10.111326
-8.3203535	6.8388672	-10.11111
-7.0348382	6.8486328	-10.110441
-6.6973734	6.8583984	-10.10983
-4.5861931	6.8681641	-10.108741
-1.9715633	6.8779297	-10.108793
0.31519449	6.8876953	-10.108055
2.0775247	6.8974609	-10.10757
2.8397772	6.9072266	-10.105947
3.8016586	6.9169922	-10.105655
5.0305972	6.9267578	-10.104836
7.250649	6.9365234	-10.102698
5.1245327	6.9462891	-10.102168
5.2866993	6.9560547	-10.101432
5.8474135	6.9658203	-10.101541
6.9343486	6.9755859	-10.099907
6.6023321	6.9853516	-10.099396
7.0019507	6.9951172	-10.0988
6.5501895	7.0048828	-10.096974
6.5816684	7.0146484	-10.097201
6.6004343	7.0244141	-10.096444
7.4483685	7.0341797	-10.096307
7.0499139	7.0439453	-10.094331
6.6045437	7.0537109	-10.093456
5.9046316	7.0634766	-10.09278
6.5744619	7.0732422	-10.092224
7.7411184	7.0830078	-10.091737
6.9420667	7.0927734	-10.090926
7.697835	7.1025391	-10.090075
6.8299356	7.1123047	-10.088897
7.4594979	7.1220703	-10.087839
8.4562225	7.1318359	-10.088047
6.7681656	7.1416016	-10.086165
6.73068	7.1513672	-10.084878
6.376987	7.1611328	-10.084957
7.8484306	7.1708984	-10.084642
6.9393544	7.1806641	-10.083816
6.9741392	7.1904297	-10.083085
6.4321675	7.2001953	-10.081795
