MTS793|MPT|ENU|1|2|.|/|:|1|0|0|A

Data Acquisition						Time:	10.952148	s	4/12/2018 3:20:25 PM
Axial Force	Running Time	Axial Displacement
N	s	mm
4.5814319	0.013671875	-2.7852783
4.1473541	0.0234375	-2.7851949
4.9721451	0.033203125	-2.785428
33.56506	0.04296875	-2.7715724
74.316414	0.052734375	-2.7016222
103.71354	0.0625	-2.5504313
105.41766	0.072265625	-2.3098252
124.78736	0.08203125	-1.9804178
135.69966	0.091796875	-1.5718012
128.50716	0.1015625	-1.0995011
135.22328	0.11132813	-0.573955
162.99611	0.12109375	-0.010738894
115.81255	0.13085938	0.58063149
136.07802	0.140625	1.1798195
141.53958	0.15039063	1.7788665
129.24937	0.16015625	2.359581
96.754341	0.16992188	2.9125419
103.15376	0.1796875	3.4213009
89.26664	0.18945313	3.8763955
68.856773	0.19921875	4.2661586
44.074806	0.20898438	4.5830722
20.458998	0.21875	4.8183861
14.302553	0.22851563	4.9685297
-2.1171522	0.23828125	5.0363331
-48.396221	0.24804688	5.0190754
-121.13001	0.2578125	4.8907185
-120.71445	0.26757813	4.6388168
-126.54805	0.27734375	4.2647281
-193.64148	0.28710938	3.7765396
-192.53127	0.296875	3.1919179
-168.17772	0.30664063	2.5366035
-214.575	0.31640625	1.8274003
-184.02432	0.32617188	1.0782188
-188.09485	0.3359375	0.31064889
-182.36313	0.34570313	-0.46109995
-161.07655	0.35546875	-1.2190404
-162.50529	0.36523438	-1.9445601
-127.78154	0.375	-2.622086
-125.18464	0.38476563	-3.2342484
-122.58588	0.39453125	-3.7643952
-25.987253	0.40429688	-4.2093186
-80.841629	0.4140625	-4.5500522
-21.308403	0.42382813	-4.7961264
-13.39605	0.43359375	-4.9389539
4.0718122	0.44335938	-4.9816799
105.81184	0.453125	-4.9190416
89.096802	0.46289063	-4.7211013
143.45924	0.47265625	-4.3977365
138.43219	0.48242188	-3.9604118
156.68456	0.4921875	-3.4279721
159.52165	0.50195313	-2.813942
197.26956	0.51171875	-2.1281872
134.97255	0.52148438	-1.383714
166.65875	0.53125	-0.62786722
176.77043	0.54101563	0.14072628
140.03592	0.55078125	0.9105829
146.15376	0.56054688	1.6540521
143.76994	0.5703125	2.3524473
92.287788	0.58007813	2.9856994
102.0819	0.58984375	3.5491993
96.313782	0.59960938	4.0473461
50.74445	0.609375	4.4549546
24.309132	0.61914063	4.7544165
4.6018395	0.62890625	4.94311
-2.295198	0.63867188	5.0196676
-75.335777	0.6484375	5.004293
-109.68739	0.65820313	4.8708467
-120.67365	0.66796875	4.6149249
-125.11682	0.67773438	4.2330189
-203.25932	0.6875	3.7413259
-165.01718	0.69726563	3.151943
-170.03323	0.70703125	2.4937251
-228.16022	0.71679688	1.7823092
-171.71352	0.7265625	1.0319301
-188.33353	0.73632813	0.26442882
-177.35849	0.74609375	-0.50594258
-157.68501	0.75585938	-1.2607361
-153.11942	0.765625	-1.985625
-127.06172	0.77539063	-2.6605356
-125.74107	0.78515625	-3.2670274
-120.46162	0.79492188	-3.7951953
-39.74461	0.8046875	-4.232379
-72.982147	0.81445313	-4.5695076
-22.588287	0.82421875	-4.8115768
-16.498774	0.83398438	-4.9499841
8.7493677	0.84375	-4.9876866
114.34666	0.85351563	-4.9194136
89.125359	0.86328125	-4.7150598
134.62663	0.87304688	-4.3842182
146.27673	0.8828125	-3.9443867
153.55548	0.89257813	-3.4086611
161.48218	0.90234375	-2.791944
194.6236	0.91210938	-2.1036069
136.74945	0.921875	-1.3651118
175.80864	0.93164063	-0.60825396
170.98265	0.94140625	0.16403562
134.7401	0.95117188	0.93116695
151.72403	0.9609375	1.671664
134.80667	0.97070313	2.3696303
97.350792	0.98046875	3.0010846
94.262482	0.99023438	3.5660229
98.252296	1	4.0647798
45.654713	1.0097656	4.4673572
26.840136	1.0195313	4.7610016
3.8968282	1.0292969	4.9424429
-2.1896675	1.0390625	5.0159049
-79.902245	1.0488281	4.9954
-110.57094	1.0585938	4.8583074
-120.96531	1.0683594	4.597784
-125.43584	1.078125	4.2114477
-189.00499	1.0878906	3.7140658
-180.42543	1.0976563	3.1222677
-168.38274	1.1074219	2.4600146
-219.07141	1.1171875	1.7478963
-172.65804	1.1269531	0.9953869
-192.38754	1.1367188	0.22799018
-170.82826	1.1464844	-0.5415867
-158.87201	1.15625	-1.2963797
-155.29631	1.1660156	-2.0175114
-127.74031	1.1757813	-2.6901493
-126.73302	1.1855469	-3.2946663
-120.92336	1.1953125	-3.8186958
-38.81741	1.2050781	-4.2539868
-77.916222	1.2148438	-4.584374
-25.937742	1.2246094	-4.822453
-16.173685	1.234375	-4.9590206
11.311512	1.2441406	-4.9904346
116.30848	1.2539063	-4.9185319
94.148895	1.2636719	-4.7088451
135.64027	1.2734375	-4.3720279
144.03017	1.2832031	-3.9284143
151.96021	1.2929688	-3.3891408
160.64301	1.3027344	-2.770571
197.65965	1.3125	-2.0780592
138.15686	1.3222656	-1.3351319
173.38884	1.3320313	-0.57187033
169.05371	1.3417969	0.19332337
135.46252	1.3515625	0.95636302
149.93988	1.3613281	1.6964873
135.50444	1.3710938	2.3917246
98.750534	1.3808594	3.0214093
99.313095	1.390625	3.5846045
101.86685	1.4003906	4.0749521
32.964832	1.4101563	4.4758973
34.126949	1.4199219	4.7628965
5.3799477	1.4296875	4.9411612
-7.4033394	1.4394531	5.0126038
-81.675407	1.4492188	4.9891515
-111.27295	1.4589844	4.8456221
-120.99476	1.46875	4.5817156
-124.04489	1.4785156	4.1891308
-219.15125	1.4882813	3.6889386
-143.13188	1.4980469	3.0917602
-180.89705	1.5078125	2.4283056
-220.36104	1.5175781	1.7141116
-158.27919	1.5273438	0.96017748
-201.45761	1.5371094	0.19396245
-163.97737	1.546875	-0.57708782
-157.59802	1.5566406	-1.3288238
-148.04756	1.5664063	-2.0490382
-128.46507	1.5761719	-2.7191131
-126.49998	1.5859375	-3.3222723
-110.52532	1.5957031	-3.8427937
-49.066521	1.6054688	-4.2728667
-63.458248	1.6152344	-4.6013494
-26.951242	1.625	-4.833672
-13.648952	1.6347656	-4.9644818
13.566715	1.6445313	-4.9948287
119.41783	1.6542969	-4.9153991
99.282547	1.6640625	-4.7016354
126.63765	1.6738281	-4.3600807
146.35759	1.6835938	-3.912632
149.52998	1.6933594	-3.3701148
153.11188	1.703125	-2.7475524
199.86499	1.7128906	-2.0535376
133.53931	1.7226563	-1.3146279
165.96762	1.7324219	-0.55412638
159.04108	1.7421875	0.21819389
143.45601	1.7519531	0.98484516
139.38177	1.7617188	1.7226459
125.80743	1.7714844	2.415118
103.10882	1.78125	3.0410869
91.911789	1.7910156	3.6013639
102.37895	1.8007813	4.0877595
35.323635	1.8105469	4.4850106
32.005535	1.8203125	4.7696133
3.5720761	1.8300781	4.9441504
-13.663946	1.8398438	5.0111957
-82.905861	1.8496094	4.9822869
-112.57898	1.859375	4.8351851
-120.64845	1.8691406	4.5649018
-125.92597	1.8789063	4.1681762
-190.83099	1.8886719	3.6626849
-155.65324	1.8984375	3.0639496
-177.32103	1.9082031	2.3978343
-222.88	1.9179688	1.6814176
-157.76228	1.9277344	0.92733067
-184.76166	1.9375	0.15795213
-175.5713	1.9472656	-0.61049938
-159.38219	1.9570313	-1.3626047
-146.19865	1.9667969	-2.0812268
-127.95214	1.9765625	-2.7474458
-124.85304	1.9863281	-3.3467898
-86.43679	1.9960938	-3.8660474
-58.178127	2.0058594	-4.2919645
-48.00032	2.015625	-4.6158299
-26.49501	2.0253906	-4.8434091
-9.4137735	2.0351563	-4.9704661
12.899726	2.0449219	-4.9955688
119.78545	2.0546875	-4.9129882
102.66823	2.0644531	-4.6913929
122.16743	2.0742188	-4.3476176
149.57487	2.0839844	-3.8959167
148.77197	2.09375	-3.3492124
144.90178	2.1035156	-2.7222509
201.9225	2.1132813	-2.0269985
124.42902	2.1230469	-1.2799944
179.2952	2.1328125	-0.52284795
150.1427	2.1425781	0.24961168
148.14568	2.1523438	1.0114206
139.85979	2.1621094	1.7510624
125.61958	2.171875	2.4418237
100.86808	2.1816406	3.064548
94.557594	2.1914063	3.6198502
94.06633	2.2011719	4.1039462
32.666862	2.2109375	4.4983706
34.66272	2.2207031	4.776876
1.5775906	2.2304688	4.9470205
-15.987992	2.2402344	5.0102005
-85.109192	2.25	4.978343
-110.05366	2.2597656	4.8237658
-120.35416	2.2695313	4.5502682
-125.84869	2.2792969	4.1498618
-197.85992	2.2890625	3.639822
-162.93585	2.2988281	3.0374701
-176.25014	2.3085938	2.36781
-223.49025	2.3183594	1.6493577
-171.25221	2.328125	0.89472187
-180.81613	2.3378906	0.12486316
-175.85576	2.3476563	-0.64244282
-163.7366	2.3574219	-1.3916514
-137.10611	2.3671875	-2.1094067
-127.69514	2.3769531	-2.7751939
-125.41494	2.3867188	-3.3704741
-98.688072	2.3964844	-3.8844039
-56.865856	2.40625	-4.3074493
-48.363396	2.4160156	-4.6290936
-25.278109	2.4257813	-4.8519478
-13.727333	2.4355469	-4.9740238
11.575402	2.4453125	-4.9965239
120.51118	2.4550781	-4.9076543
109.19117	2.4648438	-4.682528
124.52839	2.4746094	-4.3320136
150.62396	2.484375	-3.8768461
157.36157	2.4941406	-3.3265724
146.47992	2.5039063	-2.6965787
201.38968	2.5136719	-1.998538
131.41783	2.5234375	-1.2540057
177.11378	2.5332031	-0.49636
152.78918	2.5429688	0.27672026
146.58423	2.5527344	1.0398545
143.91042	2.5625	1.7773342
123.17226	2.5722656	2.4645247
106.11524	2.5820313	3.0860548
90.774643	2.5917969	3.6405566
91.806656	2.6015625	4.1200681
39.734306	2.6113281	4.5082197
27.314957	2.6210938	4.7838955
1.2069242	2.6308594	4.9504013
-15.460782	2.640625	5.0078926
-88.005638	2.6503906	4.9734135
-110.23112	2.6601563	4.814507
-120.53667	2.6699219	4.5349135
-126.42661	2.6796875	4.1283669
-182.87279	2.6894531	3.6144869
-166.65187	2.6992188	3.0091031
-167.48183	2.7089844	2.3387215
-229.87328	2.71875	1.6191517
-172.74458	2.7285156	0.8623684
-180.50684	2.7382813	0.093468092
-175.77061	2.7480469	-0.67494333
-162.69594	2.7578125	-1.424412
-138.01157	2.7675781	-2.1392107
-128.49174	2.7773438	-2.7999251
-126.31232	2.7871094	-3.3949468
-95.786423	2.796875	-3.9052608
-56.070381	2.8066406	-4.3239408
-47.823032	2.8164063	-4.6416616
-22.899288	2.8261719	-4.8607445
-11.505942	2.8359375	-4.9784846
11.898484	2.8457031	-4.9969425
117.91691	2.8554688	-4.9023499
112.24535	2.8652344	-4.6718993
126.6926	2.875	-4.3167291
150.33867	2.8847656	-3.8572226
165.62799	2.8945313	-3.3044951
142.32895	2.9042969	-2.6733632
203.80235	2.9140625	-1.9698575
138.21303	2.9238281	-1.2190121
157.27544	2.9335938	-0.45859674
157.29822	2.9433594	0.30990559
147.36964	2.953125	1.0731158
145.1353	2.9628906	1.8073711
125.60629	2.9726563	2.4903917
109.8499	2.9824219	3.1076941
87.658615	2.9921875	3.6612208
99.061432	3.0019531	4.1377583
34.990585	3.0117188	4.5215564
23.708906	3.0214844	4.7924881
2.5121961	3.03125	4.9520917
-14.140247	3.0410156	5.0089002
-89.439339	3.0507813	4.9682918
-110.51283	3.0605469	4.8039165
-120.75234	3.0703125	4.5203013
-128.4415	3.0800781	4.108757
-150.80661	3.0898438	3.5898974
-197.13332	3.0996094	2.9845815
-155.46385	3.109375	2.3084369
-223.31697	3.1191406	1.587983
-179.48232	3.1289063	0.83144635
-174.98854	3.1386719	0.062094722
-175.43077	3.1484375	-0.70567012
-156.03621	3.1582031	-1.4530323
-135.58768	3.1679688	-2.1675622
-127.80286	3.1777344	-2.8269722
-124.94386	3.1875	-3.4179125
-87.000465	3.1972656	-3.9240859
-41.82933	3.2070313	-4.3386798
-65.43367	3.2167969	-4.6513171
-17.828669	3.2265625	-4.8683701
-10.303128	3.2363281	-4.9820957
13.592333	3.2460938	-4.9963117
133.40369	3.2558594	-4.896996
116.58504	3.265625	-4.6602974
133.31801	3.2753906	-4.3022757
158.68985	3.2851563	-3.8386028
154.01715	3.2949219	-3.2817471
158.04185	3.3046875	-2.6460595
189.56262	3.3144531	-1.9423555
139.16267	3.3242188	-1.1944352
173.76741	3.3339844	-0.43494207
145.14551	3.34375	0.33763283
148.46419	3.3535156	1.0994599
148.53358	3.3632813	1.8330404
116.8754	3.3730469	2.5156817
110.34534	3.3828125	3.1304798
92.844734	3.3925781	3.6804552
75.363487	3.4023438	4.1596851
48.932812	3.4121094	4.5352359
19.453518	3.421875	4.8020639
2.0706794	3.4316406	4.9565244
-18.705219	3.4414063	5.0078874
-90.967361	3.4511719	4.9636817
-111.99663	3.4609375	4.7944379
-121.12098	3.4707031	4.5043707
-158.97227	3.4804688	4.0898085
-128.24239	3.4902344	3.5650458
-226.78287	3.5	2.9587047
-169.1402	3.5097656	2.2804937
-195.87421	3.5195313	1.5570595
-190.78343	3.5292969	0.80120641
-165.90439	3.5390625	0.029667187
-174.19794	3.5488281	-0.73621732
-157.65697	3.5585938	-1.4828237
-143.88585	3.5683594	-2.1953835
-127.64593	3.578125	-2.8541207
-124.43333	3.5878906	-3.4393775
-63.408947	3.5976563	-3.9431727
-74.576569	3.6074219	-4.3521199
-43.810974	3.6171875	-4.6638851
-17.546257	3.6269531	-4.876255
-14.264893	3.6367188	-4.9843326
16.767998	3.6464844	-4.9950895
123.27985	3.65625	-4.8908443
123.53898	3.6660156	-4.6489644
123.6534	3.6757813	-4.2842188
155.52162	3.6855469	-3.8174882
159.30043	3.6953125	-3.2583683
145.26666	3.7050781	-2.6178997
189.92747	3.7148438	-1.9129361
149.36272	3.7246094	-1.1630504
146.01712	3.734375	-0.39789256
155.35074	3.7441406	0.36895162
143.98657	3.7539063	1.1268516
141.68185	3.7636719	1.8598337
118.24828	3.7734375	2.5393999
110.79607	3.7832031	3.1544359
84.796631	3.7929688	3.7011812
79.284538	3.8027344	4.1713276
46.923859	3.8125	4.5436163
17.076323	3.8222656	4.8082871
1.69134	3.8320313	4.9592118
-18.166063	3.8417969	5.0059633
-92.691452	3.8515625	4.9592938
-117.94122	3.8613281	4.7845712
-121.67272	3.8710938	4.4906354
-158.36488	3.8808594	4.0703626
-128.07088	3.890625	3.5424542
-227.43045	3.9003906	2.9307456
-158.23737	3.9101563	2.250855
-205.72679	3.9199219	1.5286663
-191.78624	3.9296875	0.76833785
-165.20798	3.9394531	-0.0022445805
-185.76511	3.9492188	-0.76771593
-150.58627	3.9589844	-1.5139959
-150.92697	3.96875	-2.2232435
-128.35046	3.9785156	-2.8782947
-124.58697	3.9882813	-3.462414
-70.497978	3.9980469	-3.9631581
-73.006577	4.0078125	-4.3684292
-43.474998	4.0175781	-4.674818
-20.144424	4.0273438	-4.8831925
-5.8219304	4.0371094	-4.9885712
15.172327	4.046875	-4.9930587
124.51558	4.0566406	-4.8855324
119.53844	4.0664063	-4.6373601
121.4343	4.0761719	-4.26895
155.48708	4.0859375	-3.7968798
160.13327	4.0957031	-3.2342603
146.48088	4.1054688	-2.5939651
195.10321	4.1152344	-1.8830194
156.44102	4.125	-1.1409688
161.12207	4.1347656	-0.37437892
148.14745	4.1445313	0.39891741
142.12872	4.1542969	1.1582642
137.76459	4.1640625	1.8889468
109.64677	4.1738281	2.5654664
114.69211	4.1835938	3.1766226
79.441055	4.1933594	3.7183719
80.467232	4.203125	4.1899629
35.048027	4.2128906	4.5590959
19.812712	4.2226563	4.81777
-1.1829776	4.2324219	4.9636302
-19.108225	4.2421875	5.0073991
-95.047699	4.2519531	4.9541087
-110.95206	4.2617188	4.7742023
-121.2374	4.2714844	4.4750967
-133.89101	4.28125	4.0498066
-141.78487	4.2910156	3.5197458
-213.07004	4.3007813	2.9044611
-159.87431	4.3105469	2.2222006
-211.26582	4.3203125	1.4957403
-188.14746	4.3300781	0.73751158
-164.39265	4.3398438	-0.034767948
-182.77762	4.3496094	-0.79946268
-155.40663	4.359375	-1.5426683
-140.02603	4.3691406	-2.2521629
-127.70728	4.3789063	-2.9053631
-125.11113	4.3886719	-3.4865348
-69.925331	4.3984375	-3.9830699
-70.160034	4.4082031	-4.3837652
-44.57106	4.4179688	-4.6846251
-19.533955	4.4277344	-4.8896623
-7.9251595	4.4375	-4.9907846
19.74646	4.4472656	-4.9926877
133.95981	4.4570313	-4.878757
119.93865	4.4667969	-4.6251512
127.37732	4.4765625	-4.2514901
152.10205	4.4863281	-3.7759557
159.85184	4.4960938	-3.210115
147.0416	4.5058594	-2.5675187
180.06439	4.515625	-1.8547888
164.07178	4.5253906	-1.1102638
159.47665	4.5351563	-0.34332657
144.41162	4.5449219	0.42942613
151.5242	4.5546875	1.1871389
137.53473	4.5644531	1.9167539
96.768471	4.5742188	2.5921025
121.9089	4.5839844	3.1992843
79.576843	4.59375	3.7392762
83.063469	4.6035156	4.2039866
32.517345	4.6132813	4.5718431
20.711647	4.6230469	4.8246922
-2.0720997	4.6328125	4.9684315
-17.632135	4.6425781	5.0071516
-96.258789	4.6523438	4.9496675
-113.08392	4.6621094	4.764183
-121.35381	4.671875	4.4605937
-136.86119	4.6816406	4.030345
-137.17894	4.6914063	3.4937925
-209.32451	4.7011719	2.8777122
-155.64273	4.7109375	2.1936288
-201.42941	4.7207031	1.4653625
-195.43475	4.7304688	0.70674461
-156.25293	4.7402344	-0.064302981
-173.65807	4.75	-0.82957661
-155.63318	4.7597656	-1.5750265
-134.04239	4.7695313	-2.2809885
-128.22501	4.7792969	-2.929424
-125.77382	4.7890625	-3.5071261
-56.206982	4.7988281	-4.0007682
-75.661789	4.8085938	-4.3974738
-38.554543	4.8183594	-4.6964478
-21.625566	4.828125	-4.8957577
-8.4340687	4.8378906	-4.9907146
23.264868	4.8476563	-4.9895735
126.51639	4.8574219	-4.870542
113.3091	4.8671875	-4.6119995
124.76137	4.8769531	-4.2343187
150.51746	4.8867188	-3.7556512
161.23849	4.8964844	-3.1855557
147.53632	4.90625	-2.5384977
180.6232	4.9160156	-1.824301
153.09554	4.9257813	-1.0705798
152.89795	4.9355469	-0.30561712
139.86015	4.9453125	0.46065328
149.81956	4.9550781	1.2173344
137.30449	4.9648438	1.9460301
98.508041	4.9746094	2.6174035
118.31197	4.984375	3.2217631
82.650169	4.9941406	3.7608335
74.225731	5.0039063	4.2213311
35.783287	5.0136719	4.5832224
21.30954	5.0234375	4.8313894
-1.5133294	5.0332031	4.9707975
-15.737862	5.0429688	5.0059648
-98.384254	5.0527344	4.9440193
-115.09158	5.0625	4.7533693
-121.06711	5.0722656	4.446331
-174.16795	5.0820313	4.0108728
-128.0513	5.0917969	3.4696081
-219.51917	5.1015625	2.8515887
-152.62701	5.1113281	2.1657913
-192.65361	5.1210938	1.4358438
-195.95915	5.1308594	0.67604047
-158.06894	5.140625	-0.096694842
-174.02142	5.1503906	-0.85938919
-157.57588	5.1601563	-1.6029793
-132.43338	5.1699219	-2.3071604
-127.11681	5.1796875	-2.9548845
-124.55573	5.1894531	-3.5296805
-34.576221	5.1992188	-4.0200615
-85.310242	5.2089844	-4.4112191
-31.182171	5.21875	-4.7066002
-27.566414	5.2285156	-4.9018903
-2.9717922	5.2382813	-4.9936266
28.363745	5.2480469	-4.9869766
122.89278	5.2578125	-4.8626571
114.0695	5.2675781	-4.600924
122.33213	5.2773438	-4.2182746
151.61577	5.2871094	-3.7359877
165.2579	5.296875	-3.1626856
140.35892	5.3066406	-2.5129976
185.51337	5.3164063	-1.7949278
151.46718	5.3261719	-1.0396092
174.41994	5.3359375	-0.27743009
124.71946	5.3457031	0.49338341
156.35275	5.3554688	1.2495538
137.5128	5.3652344	1.9739279
97.650566	5.375	2.6446037
120.52647	5.3847656	3.2448597
79.103836	5.3945313	3.7816474
79.188957	5.4042969	4.2379723
32.912018	5.4140625	4.594398
22.170204	5.4238281	4.8388433
-2.122263	5.4335938	4.9731989
-25.245932	5.4433594	5.0050149
-98.36441	5.453125	4.9388142
-115.94672	5.4628906	4.745152
-120.87434	5.4726563	4.4301763
-169.08504	5.4824219	3.9914787
-126.89628	5.4921875	3.4469147
-226.9156	5.5019531	2.8256125
-154.09602	5.5117188	2.1356561
-201.96663	5.5214844	1.4062439
-190.94196	5.53125	0.64581215
-164.44629	5.5410156	-0.12763859
-173.74838	5.5507813	-0.89067954
-150.46863	5.5605469	-1.6336989
-139.33919	5.5703125	-2.3368447
-127.16759	5.5800781	-2.9812946
-122.88528	5.5898438	-3.5519149
-28.630522	5.5996094	-4.0390201
-93.514603	5.609375	-4.4244781
-24.671049	5.6191406	-4.7166018
-30.272663	5.6289063	-4.9080682
0.69148374	5.6386719	-4.9976206
35.112133	5.6484375	-4.985558
119.64726	5.6582031	-4.8542833
115.71618	5.6679688	-4.5880203
125.80454	5.6777344	-4.2012877
152.70023	5.6875	-3.7146099
162.09399	5.6972656	-3.1382866
144.25696	5.7070313	-2.4870589
175.00574	5.7167969	-1.7649504
153.1424	5.7265625	-1.0149038
168.06252	5.7363281	-0.24794386
133.85773	5.7460938	0.52403969
151.63899	5.7558594	1.2798898
134.37094	5.765625	2.004025
96.854881	5.7753906	2.6689548
117.71953	5.7851563	3.2654865
92.08976	5.7949219	3.8011601
59.165237	5.8046875	4.2581434
41.025894	5.8144531	4.6075201
17.363619	5.8242188	4.8482208
0.2894434	5.8339844	4.9763732
-33.884914	5.84375	5.0061722
-100.57162	5.8535156	4.9332218
-118.24837	5.8632813	4.7335634
-121.40978	5.8730469	4.4157109
-167.12167	5.8828125	3.9696386
-127.48678	5.8925781	3.4248583
-227.7836	5.9023438	2.7987676
-152.56197	5.9121094	2.1064892
-202.56952	5.921875	1.375459
-188.72496	5.9316406	0.61406291
-154.52855	5.9414063	-0.15853056
-182.45108	5.9511719	-0.9201479
-144.4738	5.9609375	-1.661064
-142.34267	5.9707031	-2.3610342
-127.37933	5.9804688	-3.0045714
-123.04036	5.9902344	-3.5721204
-23.445639	6	-4.0549517
-95.625816	6.0097656	-4.4384065
-21.97316	6.0195313	-4.7252407
-30.210428	6.0292969	-4.9133129
-1.2559234	6.0390625	-4.9979105
41.496555	6.0488281	-4.9826016
118.86874	6.0585938	-4.8461728
120.01575	6.0683594	-4.5717635
121.23158	6.078125	-4.1825075
153.2009	6.0878906	-3.6917822
160.8858	6.0976563	-3.1123018
145.1347	6.1074219	-2.4563725
174.90813	6.1171875	-1.7354331
142.68996	6.1269531	-0.98365217
181.7603	6.1367188	-0.21939659
125.05056	6.1464844	0.5529207
152.23466	6.15625	1.3071048
137.61461	6.1660156	2.0305402
97.104866	6.1757813	2.6935923
109.80154	6.1855469	3.288326
90.787514	6.1953125	3.8185499
65.546074	6.2050781	4.2699957
36.574913	6.2148438	4.6171303
18.826097	6.2246094	4.8542547
-1.6812468	6.234375	4.9791927
-36.43441	6.2441406	5.0035467
-100.97582	6.2539063	4.9289718
-117.5666	6.2636719	4.7232485
-121.51351	6.2734375	4.399281
-160.87018	6.2832031	3.950985
-127.43232	6.2929688	3.4002237
-232.51764	6.3027344	2.772049
-161.6544	6.3125	2.0793161
-201.13246	6.3222656	1.3446892
-199.66272	6.3320313	0.58280563
-143.63347	6.3417969	-0.18991223
-180.94548	6.3515625	-0.95088345
-143.94992	6.3613281	-1.6919734
-133.56317	6.3710938	-2.388808
-126.77766	6.3808594	-3.0277519
-122.97456	6.390625	-3.5926721
-26.075054	6.4003906	-4.0732765
-98.432449	6.4101563	-4.4519558
-18.795336	6.4199219	-4.735465
-30.912169	6.4296875	-4.918149
-1.7123413	6.4394531	-5.0000525
43.75507	6.4492188	-4.9795537
114.36488	6.4589844	-4.8379049
121.30865	6.46875	-4.5592351
124.88921	6.4785156	-4.1655521
152.24364	6.4882813	-3.6696098
162.76244	6.4980469	-3.086565
145.23817	6.5078125	-2.4270849
172.23271	6.5175781	-1.7055168
147.96823	6.5273438	-0.95303684
177.6772	6.5371094	-0.18861993
128.44969	6.546875	0.58415252
152.6098	6.5566406	1.3365369
139.99139	6.5664063	2.0579426
101.10458	6.5761719	2.7192185
102.83383	6.5859375	3.3149486
90.474922	6.5957031	3.8401365
73.053368	6.6054688	4.2861481
27.334452	6.6152344	4.6299167
22.243259	6.625	4.8607993
-2.9108372	6.6347656	4.9814181
-40.066406	6.6445313	5.0036888
-103.40862	6.6542969	4.9223166
-119.23829	6.6640625	4.713028
-121.70652	6.6738281	4.3833532
-200.81287	6.6835938	3.931875
-127.65926	6.6933594	3.3764224
-220.27736	6.703125	2.7457414
-168.66118	6.7128906	2.0507226
-186.81512	6.7226563	1.3146143
-196.12245	6.7324219	0.55355245
-160.5919	6.7421875	-0.21930569
-166.92932	6.7519531	-0.98249197
-145.46365	6.7617188	-1.719678
-135.64972	6.7714844	-2.4171667
-126.84433	6.78125	-3.0525692
-123.24521	6.7910156	-3.6156392
-19.77993	6.8007813	-4.0897985
-97.90921	6.8105469	-4.4647818
-16.047352	6.8203125	-4.7445302
-32.301819	6.8300781	-4.9244828
3.0609429	6.8398438	-5.0005741
43.331551	6.8496094	-4.9772739
114.11398	6.859375	-4.8289914
125.32491	6.8691406	-4.5461879
121.90322	6.8789063	-4.1472788
150.09206	6.8886719	-3.6486695
166.39812	6.8984375	-3.062959
150.65205	6.9082031	-2.4023118
162.38498	6.9179688	-1.6746904
152.35815	6.9277344	-0.91942316
184.63011	6.9375	-0.15613334
124.34183	6.9472656	0.61684918
151.45291	6.9570313	1.3686519
140.63136	6.9667969	2.0857728
90.964027	6.9765625	2.7455707
115.37571	6.9863281	3.3353601
94.992699	6.9960938	3.85726
52.281967	7.0058594	4.3045964
37.52784	7.015625	4.6422362
14.021905	7.0253906	4.8689694
-0.44759363	7.0351563	4.9841218
-37.167488	7.0449219	5.0010972
-108.60585	7.0546875	4.9162498
-119.29589	7.0644531	4.7018776
-122.65475	7.0742188	4.366446
-215.44302	7.0839844	3.9118621
-127.48534	7.09375	3.3531804
-224.61919	7.1035156	2.7192402
-177.46918	7.1132813	2.0226998
-170.09453	7.1230469	1.2835683
-200.5038	7.1328125	0.52200043
-161.20558	7.1425781	-0.24991883
-163.08557	7.1523438	-1.0105608
-148.42342	7.1621094	-1.7475965
-128.14023	7.171875	-2.4441063
-126.84472	7.1816406	-3.0755973
-122.28059	7.1914063	-3.6343157
-22.496946	7.2011719	-4.1072092
-98.222137	7.2109375	-4.4791551
-20.28714	7.2207031	-4.7540278
-28.077419	7.2304688	-4.9290133
2.9817224	7.2402344	-5.00247
50.26112	7.25	-4.9727669
113.47609	7.2597656	-4.8203521
124.93	7.2695313	-4.5320606
122.58194	7.2792969	-4.1291723
152.4156	7.2890625	-3.6261401
165.00499	7.2988281	-3.0369153
152.72353	7.3085938	-2.3739738
159.59175	7.3183594	-1.6440568
161.72534	7.328125	-0.89469838
172.21274	7.3378906	-0.12638652
129.64969	7.3476563	0.64652169
154.30594	7.3574219	1.3975514
143.64293	7.3671875	2.1137824
91.457962	7.3769531	2.7690926
114.47823	7.3867188	3.3589091
87.402763	7.3964844	3.8796508
64.589699	7.40625	4.3174381
27.920776	7.4160156	4.6537104
16.717934	7.4257813	4.8746977
-1.4982768	7.4355469	4.9866109
-45.584679	7.4453125	5.0006313
-108.34901	7.4550781	4.9106388
-117.85099	7.4648438	4.6892519
-121.99386	7.4746094	4.3514957
-208.1171	7.484375	3.8914053
-127.19389	7.4941406	3.3281569
-228.74066	7.5039063	2.6926916
-165.34637	7.5136719	1.9935079
-174.49017	7.5234375	1.2535495
-197.78867	7.5332031	0.49085534
-149.89246	7.5429688	-0.2824935
-168.23111	7.5527344	-1.0419366
-149.62669	7.5625	-1.778113
-128.38383	7.5722656	-2.4713645
-126.32163	7.5820313	-3.1013999
-121.64029	7.5917969	-3.6542978
-28.907612	7.6015625	-4.1249228
-95.523506	7.6113281	-4.4902716
-18.127657	7.6210938	-4.7631335
-26.68741	7.6308594	-4.9339638
4.9439492	7.640625	-5.0038605
55.852173	7.6503906	-4.9706793
102.46716	7.6601563	-4.8102579
129.00536	7.6699219	-4.5177822
121.90324	7.6796875	-4.1112394
149.17819	7.6894531	-3.6058142
162.0927	7.6992188	-3.012727
161.05914	7.7089844	-2.3462622
139.06607	7.71875	-1.6162059
180.50352	7.7285156	-0.86499983
164.41776	7.7382813	-0.092298076
127.76473	7.7480469	0.67809159
150.24995	7.7578125	1.4281877
141.18661	7.7675781	2.1436207
86.49411	7.7773438	2.794461
111.01125	7.7871094	3.3826506
84.20063	7.796875	3.9007916
60.376053	7.8066406	4.333487
29.012259	7.8164063	4.6629882
12.920389	7.8261719	4.8810549
-2.5724411	7.8359375	4.9898396
-43.613567	7.8457031	4.9990511
-105.19115	7.8554688	4.9048028
-117.35672	7.8652344	4.6799889
-122.33279	7.875	4.3340144
-200.26717	7.8847656	3.8704054
-127.22836	7.8945313	3.3041151
-232.66707	7.9042969	2.6664803
-160.353	7.9140625	1.9632508
-178.94487	7.9238281	1.2243116
-196.42209	7.9335938	0.46026102
-145.72804	7.9433594	-0.31354436
-176.25952	7.953125	-1.071699
-140.85777	7.9628906	-1.8076333
-130.28047	7.9726563	-2.4968567
-126.03425	7.9824219	-3.1245308
-120.45788	7.9921875	-3.6754591
-34.965469	8.0019531	-4.1402974
-88.261429	8.0117188	-4.5045094
-19.361311	8.0214844	-4.7717614
-23.739727	8.03125	-4.9386277
5.0238099	8.0410156	-5.0042262
56.992477	8.0507813	-4.9655337
105.16266	8.0605469	-4.8026667
126.78765	8.0703125	-4.5051498
124.77846	8.0800781	-4.0924139
149.16228	8.0898438	-3.5836439
160.11659	8.0996094	-2.98715
159.95987	8.109375	-2.3192983
153.19044	8.1191406	-1.5844532
162.97655	8.1289063	-0.82458156
163.20337	8.1386719	-0.05523758
135.94107	8.1484375	0.7098158
151.45564	8.1582031	1.4575708
137.80025	8.1679688	2.1709676
85.589569	8.1777344	2.8190823
111.03587	8.1875	3.4011774
82.802872	8.1972656	3.9182153
59.240147	8.2070313	4.3494196
30.834118	8.2167969	4.6744766
9.801239	8.2265625	4.886838
-2.7323258	8.2363281	4.9907975
-48.059807	8.2460938	4.9970145
-111.21883	8.2558594	4.8960443
-117.72782	8.265625	4.6684375
-122.7384	8.2753906	4.317205
-227.2917	8.2851563	3.8494632
-127.45502	8.2949219	3.2796929
-228.78952	8.3046875	2.6376379
-174.13681	8.3144531	1.9345227
-179.44894	8.3242188	1.1943489
-197.871	8.3339844	0.42868432
-149.10612	8.34375	-0.34338114
-182.02185	8.3535156	-1.1004549
-135.23845	8.3632813	-1.835902
-132.16002	8.3730469	-2.5228312
-125.76111	8.3828125	-3.1480646
-121.06854	8.3925781	-3.6948206
-37.525234	8.4023438	-4.1568608
-86.418457	8.4121094	-4.5178728
-23.878702	8.421875	-4.7809777
-21.485529	8.4316406	-4.9440761
1.2364239	8.4414063	-5.0043383
64.292122	8.4511719	-4.9624209
107.26377	8.4609375	-4.7924099
127.94158	8.4707031	-4.4905767
127.07153	8.4804688	-4.0737238
153.04633	8.4902344	-3.5617208
159.22556	8.5	-2.9618397
163.92598	8.5097656	-2.2885842
151.73604	8.5195313	-1.5544585
153.86168	8.5292969	-0.79619837
182.38399	8.5390625	-0.032394845
129.87001	8.5488281	0.73838794
147.14873	8.5585938	1.486665
144.71432	8.5683594	2.1965785
87.971138	8.578125	2.8445904
105.06883	8.5878906	3.4242408
94.357246	8.5976563	3.9357011
53.219887	8.6074219	4.362051
32.794964	8.6171875	4.6845322
11.989969	8.6269531	4.8936601
-5.334825	8.6367188	4.9928894
-49.302727	8.6464844	4.9940367
-114.16002	8.65625	4.8909431
-118.21302	8.6660156	4.656621
-123.0351	8.6757813	4.3001671
-238.92363	8.6855469	3.8287818
-128.35258	8.6953125	3.2553647
-211.28972	8.7050781	2.6099145
-192.00488	8.7148438	1.9056064
-180.80975	8.7246094	1.162725
-194.56134	8.734375	0.39914641
-153.58665	8.7441406	-0.37388477
-175.28114	8.7539063	-1.1323617
-142.91096	8.7636719	-1.8635086
-127.37627	8.7734375	-2.5492392
-126.45537	8.7832031	-3.1719944
-120.72233	8.7929688	-3.7165246
-37.43932	8.8027344	-4.1725588
-82.354843	8.8125	-4.5294204
-23.923452	8.8222656	-4.7886772
-23.128639	8.8320313	-4.9473815
2.4680164	8.8417969	-5.0061588
67.053871	8.8515625	-4.9576273
101.2512	8.8613281	-4.7825646
132.14368	8.8710938	-4.4744835
127.79775	8.8808594	-4.055656
153.92548	8.890625	-3.5371265
158.65421	8.9003906	-2.9352999
166.85233	8.9101563	-2.2614479
142.95795	8.9199219	-1.5232983
166.81917	8.9296875	-0.763969
172.09955	8.9394531	0.0014984049
128.44351	8.9492188	0.76902854
150.14561	8.9589844	1.5161755
137.54874	8.96875	2.223731
86.016365	8.9785156	2.8680124
103.82197	8.9882813	3.4446826
89.992538	8.9980469	3.9519067
49.621349	9.0078125	4.3779621
30.176615	9.0175781	4.6951809
10.455097	9.0273438	4.898438
-7.5388117	9.0371094	4.994534
-54.396481	9.046875	4.9949369
-109.75612	9.0566406	4.8824224
-119.92651	9.0664063	4.6453605
-123.66074	9.0761719	4.2839251
-234.79861	9.0859375	3.8082139
-129.93913	9.0957031	3.2301846
-197.59966	9.1054688	2.5844042
-192.09254	9.1152344	1.8767725
-167.64719	9.125	1.1323148
-195.17154	9.1347656	0.36627343
-166.60672	9.1445313	-0.40478083
-157.63123	9.1542969	-1.1621345
-153.09244	9.1640625	-1.8915224
-128.06151	9.1738281	-2.57494
-126.92339	9.1835938	-3.1955364
-121.00661	9.1933594	-3.7352266
-32.498291	9.203125	-4.1896281
-82.538879	9.2128906	-4.5418897
-23.612019	9.2226563	-4.797729
-27.661327	9.2324219	-4.9528718
5.0874195	9.2421875	-5.0065098
68.988144	9.2519531	-4.9542007
98.184563	9.2617188	-4.7721481
134.02643	9.2714844	-4.4604425
127.91566	9.28125	-4.0366673
158.89162	9.2910156	-3.5150511
155.39365	9.3007813	-2.9103756
177.36115	9.3105469	-2.2325385
138.71704	9.3203125	-1.4937876
155.84642	9.3300781	-0.73737788
182.07713	9.3398438	0.029797293
130.8681	9.3496094	0.79817921
148.12558	9.359375	1.544699
138.48146	9.3691406	2.2511911
90.298645	9.3789063	2.8925934
100.57644	9.3886719	3.4667525
94.221245	9.3984375	3.9716771
47.753658	9.4082031	4.3912158
32.38131	9.4179688	4.7057028
7.5093818	9.4277344	4.9067168
-7.6179509	9.4375	4.9970875
-55.244274	9.4472656	4.9907551
-114.35184	9.4570313	4.8758383
-116.78274	9.4667969	4.6328387
-123.77176	9.4765625	4.2656093
-237.33482	9.4863281	3.7857466
-130.63344	9.4960938	3.2058606
-198.86418	9.5058594	2.5571344
-193.82864	9.515625	1.848226
-151.87677	9.5253906	1.1008115
-194.59052	9.5351563	0.33730772
-165.23888	9.5449219	-0.43536398
-145.92416	9.5546875	-1.1931622
-159.61595	9.5644531	-1.921432
-127.52722	9.5742188	-2.6026523
-125.78561	9.5839844	-3.218802
-117.10561	9.59375	-3.7564042
-50.926594	9.6035156	-4.2048731
-64.215645	9.6132813	-4.5532565
-31.108072	9.6230469	-4.8054953
-22.931873	9.6328125	-4.9563951
10.234967	9.6425781	-5.0051336
73.115211	9.6523438	-4.9486055
102.64194	9.6621094	-4.7615333
126.86151	9.671875	-4.445365
137.31119	9.6816406	-4.0163531
152.9666	9.6914063	-3.4916639
157.70741	9.7011719	-2.8839445
176.62117	9.7109375	-2.2030175
137.49348	9.7207031	-1.4635432
165.57159	9.7304688	-0.70298582
171.19823	9.7402344	0.069041267
132.08325	9.75	0.83328927
147.82558	9.7597656	1.5738646
132.9662	9.7695313	2.2773113
106.68888	9.7792969	2.9166327
101.52605	9.7890625	3.4901881
85.970734	9.7988281	3.9916146
52.680508	9.8085938	4.408782
31.317234	9.8183594	4.7148166
9.5657187	9.828125	4.911727
-4.4514427	9.8378906	4.9988699
-57.946518	9.8476563	4.9896746
-115.09474	9.8574219	4.8685484
-121.2756	9.8671875	4.6193204
-124.42577	9.8769531	4.2494521
-227.11639	9.8867188	3.7652495
-143.89049	9.8964844	3.1814094
-176.95332	9.90625	2.5278254
-208.41167	9.9160156	1.8180578
-155.8102	9.9257813	1.0711179
-185.83102	9.9355469	0.30669552
-169.33011	9.9453125	-0.4655377
-156.65634	9.9550781	-1.2219014
-156.075	9.9648438	-1.9496086
-127.95148	9.9746094	-2.6275089
-125.01273	9.984375	-3.2411504
-101.14376	9.9941406	-3.7764277
-56.570396	10.003906	-4.2212257
-53.109695	10.013672	-4.5661306
-36.079029	10.023438	-4.8140702
-17.295044	10.033203	-4.9609342
13.630168	10.042969	-5.0052204
77.277153	10.052734	-4.9444933
104.68683	10.0625	-4.7523756
125.94278	10.072266	-4.431025
138.11653	10.082031	-3.999212
154.62767	10.091797	-3.4705739
152.92169	10.101563	-2.8593378
185.52937	10.111328	-2.1762307
137.08237	10.121094	-1.4333366
154.08948	10.130859	-0.67650425
179.15013	10.140625	0.091996133
131.70692	10.150391	0.85995036
145.25917	10.160156	1.6028987
133.85611	10.169922	2.3055527
97.938957	10.179688	2.940753
100.18954	10.189453	3.5118194
92.646255	10.199219	4.0100036
50.440182	10.208984	4.4212146
29.449503	10.21875	4.7263823
5.0804577	10.228516	4.9186878
-4.8383489	10.238281	4.9989681
-60.359634	10.248047	4.987638
-110.40395	10.257813	4.8599133
-121.41547	10.267578	4.6089954
-123.96382	10.277344	4.2328215
-227.05548	10.287109	3.7439899
-129.3856	10.296875	3.1555772
-194.78221	10.306641	2.5019691
-207.49753	10.316406	1.7899011
-156.08682	10.326172	1.0406332
-206.72412	10.335938	0.27453378
-151.74644	10.345703	-0.49638739
-164.41821	10.355469	-1.2502822
-150.314	10.365234	-1.9794821
-127.16901	10.375	-2.6532242
-124.59384	10.384766	-3.2646115
-75.040237	10.394531	-3.7966504
-72.823036	10.404297	-4.2370124
-39.457436	10.414063	-4.5790319
-22.890627	10.423828	-4.815752
-10.600675	10.433594	-4.9267044
-13.48242	10.443359	-4.9736671
-13.330288	10.453125	-4.994771
-14.46706	10.462891	-5.0022006
-11.512975	10.472656	-5.0042768
-11.395326	10.482422	-5.0037832
-11.669728	10.492188	-5.0033436
-8.9730368	10.501953	-5.0038204
-10.454433	10.511719	-5.0019016
-7.7665319	10.521484	-5.0014362
-6.1382542	10.53125	-4.9998603
-8.7604856	10.541016	-4.9993
-5.9250975	10.550781	-4.9996495
-4.9250431	10.560547	-4.9982195
-5.4051518	10.570313	-4.9972453
-3.8286321	10.580078	-4.9968758
-3.9129169	10.589844	-4.9951224
-4.4891028	10.599609	-4.994215
-2.8153415	10.609375	-4.994101
-3.0605588	10.619141	-4.9922957
-2.1828339	10.628906	-4.9916916
-2.144475	10.638672	-4.9912033
-3.1830394	10.648438	-4.9921541
-2.8618028	10.658203	-4.9899669
-2.9230607	10.667969	-4.9900784
-2.6045368	10.677734	-4.9906564
-1.6887672	10.6875	-4.9900999
-1.1548749	10.697266	-4.9888172
-1.542503	10.707031	-4.9879436
-1.0143965	10.716797	-4.9880085
-0.485091	10.726563	-4.9870996
-1.1660625	10.736328	-4.9868999
-1.2148404	10.746094	-4.9868426
-0.9698211	10.755859	-4.9856467
-0.12244564	10.765625	-4.9851694
0.0011525117	10.775391	-4.9849658
-1.0480406	10.785156	-4.9844704
-0.78532612	10.794922	-4.9836793
-1.1301832	10.804688	-4.9832449
-1.541106	10.814453	-4.9843059
-1.0952237	10.824219	-4.9834251
-0.57212311	10.833984	-4.9832397
0.30072406	10.84375	-4.9832759
0.27839559	10.853516	-4.9822559
0.82997137	10.863281	-4.9820824
0.74212438	10.873047	-4.980689
0.90189278	10.882813	-4.9805779
0.40022424	10.892578	-4.9809136
0.33217949	10.902344	-4.9813004
1.0908581	10.912109	-4.9802585
0.82269543	10.921875	-4.9798756
