MTS793|MPT|ENU|1|2|.|/|:|1|0|0|A

Data Acquisition						Time:	8.0839844	s	4/12/2018 4:57:46 PM
Axial Force	Running Time	Axial Displacement
N	s	mm
-8.1780481	0.012695313	3.3578191
-8.6773882	0.022460938	3.3573716
-7.7013392	0.032226563	3.3568339
-7.2834082	0.041992188	3.3569305
4.7638545	0.051757813	3.3624656
5.8720355	0.061523438	3.3992043
6.9348841	0.071289063	3.4859409
7.585238	0.081054688	3.6299753
9.1405935	0.090820313	3.8279934
9.7427406	0.10058594	4.0767488
11.060201	0.11035156	4.3671036
11.498749	0.12011719	4.6847749
13.79638	0.12988281	5.0189958
15.802704	0.13964844	5.3575659
15.447812	0.14941406	5.689085
17.348827	0.15917969	6.0017767
18.072699	0.16894531	6.2847118
18.54673	0.17871094	6.5295429
18.122927	0.18847656	6.729629
17.734966	0.19824219	6.8791518
16.39938	0.20800781	6.9744263
-5.5319281	0.21777344	6.9986606
-23.892021	0.22753906	6.8782063
-22.686203	0.23730469	6.5281014
-21.960203	0.24707031	5.916913
-23.131248	0.25683594	5.0871768
-24.053432	0.26660156	4.0926189
-25.887766	0.27636719	2.9665656
-12.026484	0.28613281	1.7426833
-26.563101	0.29589844	0.4594245
-27.329439	0.30566406	-0.83616793
-32.052441	0.31542969	-2.0954752
-32.77224	0.32519531	-3.2778468
-24.979794	0.33496094	-4.3473887
-22.825111	0.34472656	-5.2696595
-20.895817	0.35449219	-6.0085974
-13.898755	0.36425781	-6.5427999
-9.9200287	0.37402344	-6.8653121
-7.113884	0.38378906	-6.992137
17.081295	0.39355469	-6.925252
16.560394	0.40332031	-6.6061525
17.803686	0.41308594	-6.0340943
12.311748	0.42285156	-5.2320542
12.86536	0.43261719	-4.2532516
13.623677	0.44238281	-3.1279142
34.814484	0.45214844	-1.894114
12.815348	0.46191406	-0.61597836
15.480001	0.47167969	0.67907321
25.036808	0.48144531	1.9475511
20.259077	0.49121094	3.1456876
18.826923	0.50097656	4.2340159
17.763115	0.51074219	5.1768694
12.303645	0.52050781	5.9370861
17.192192	0.53027344	6.4804511
8.7960978	0.54003906	6.8314776
4.7691865	0.54980469	6.9670472
-23.028835	0.55957031	6.9096704
-18.442772	0.56933594	6.6094527
-23.065937	0.57910156	6.0397849
-24.845394	0.58886719	5.243423
-25.130156	0.59863281	4.2741938
-24.825277	0.60839844	3.1636114
-25.172939	0.61816406	1.9382637
-21.553076	0.62792969	0.64574844
-5.6552587	0.63769531	-0.65120924
-39.366436	0.64746094	-1.9217296
-28.740719	0.65722656	-3.121249
-18.697756	0.66699219	-4.2112474
-14.280237	0.67675781	-5.1567159
-16.174278	0.68652344	-5.9237256
-18.45957	0.69628906	-6.4872556
-7.7811537	0.70605469	-6.8318963
-4.1133375	0.71582031	-6.9819579
19.473925	0.72558594	-6.9409919
13.632782	0.73535156	-6.6458893
15.017158	0.74511719	-6.1061678
11.329539	0.75488281	-5.3351593
11.806574	0.76464844	-4.3815727
24.002354	0.77441406	-3.2770402
55.542713	0.78417969	-2.057452
33.407257	0.79394531	-0.77643317
20.998257	0.80371094	0.52174467
19.199116	0.81347656	1.7924379
20.338322	0.82324219	2.9992561
16.770185	0.83300781	4.1046333
10.191976	0.84277344	5.0707002
15.096961	0.85253906	5.8536458
16.215269	0.86230469	6.4253554
11.9537	0.87207031	6.803524
-0.64171618	0.88183594	6.9678721
-16.791	0.89160156	6.9359179
-25.304955	0.90136719	6.6701589
-18.850203	0.91113281	6.1334834
-24.647766	0.92089844	5.3630624
-26.692274	0.93066406	4.4124126
-24.064583	0.94042969	3.3193531
-25.457586	0.95019531	2.1088667
-21.526999	0.95996094	0.82082683
-108.6572	0.96972656	-0.47799712
-40.542542	0.97949219	-1.7589468
-17.109491	0.98925781	-2.9667482
-23.522787	0.99902344	-4.0707984
-19.151077	1.0087891	-5.0379004
-13.74759	1.0185547	-5.8319821
-6.363832	1.0283203	-6.4237299
-8.5588779	1.0380859	-6.7962022
-5.4118924	1.0478516	-6.9715996
17.190714	1.0576172	-6.9546442
17.184147	1.0673828	-6.6974516
13.930036	1.0771484	-6.1860862
11.4867	1.0869141	-5.4436569
9.2226439	1.0966797	-4.5105762
13.072533	1.1064453	-3.4267411
58.747356	1.1162109	-2.2242055
24.965038	1.1259766	-0.94298339
22.100733	1.1357422	0.35424894
18.601807	1.1455078	1.6311015
15.092584	1.1552734	2.8502698
14.597887	1.1650391	3.9709437
13.502012	1.1748047	4.9574771
19.410143	1.1845703	5.7680035
12.267311	1.1943359	6.3638086
2.4742913	1.2041016	6.7674685
0.094552524	1.2138672	6.9618011
-20.54706	1.2236328	6.9556737
-23.240946	1.2333984	6.7217293
-22.578472	1.2431641	6.2218723
-27.089695	1.2529297	5.4791803
-25.764702	1.2626953	4.5502782
-27.085573	1.2724609	3.4743283
-26.890345	1.2822266	2.2772677
-20.18432	1.2919922	0.99717611
-16.417784	1.3017578	-0.30725804
-45.465771	1.3115234	-1.5868903
-27.112431	1.3212891	-2.8098137
-15.468476	1.3310547	-3.9298177
-16.697102	1.3408203	-4.9168978
-19.922689	1.3505859	-5.7323604
-13.65433	1.3603516	-6.3525634
-6.6098409	1.3701172	-6.7545857
-3.3697462	1.3798828	-6.9543991
7.0917072	1.3896484	-6.963779
15.407148	1.3994141	-6.7437472
14.837377	1.4091797	-6.262888
10.597229	1.4189453	-5.5509567
9.0776119	1.4287109	-4.6405396
12.569885	1.4384766	-3.5714505
36.870537	1.4482422	-2.3829975
1.3245037	1.4580078	-1.1117929
9.4358454	1.4677734	0.18522693
24.733435	1.4775391	1.4666095
24.592888	1.4873047	2.6944666
13.456644	1.4970703	3.832129
12.005656	1.5068359	4.8382964
17.761032	1.5166016	5.6741815
16.670696	1.5263672	6.3004303
4.6789761	1.5361328	6.7285404
2.7610106	1.5458984	6.9504166
-16.1479	1.5556641	6.9688544
-18.367601	1.5654297	6.7717957
-23.274145	1.5751953	6.3070693
-23.059185	1.5849609	5.5914555
-24.428183	1.5947266	4.6851683
-26.818157	1.6044922	3.625479
-25.564072	1.6142578	2.4447739
-23.156229	1.6240234	1.1725914
-17.590076	1.6337891	-0.12990506
-66.687164	1.6435547	-1.4173492
-34.507572	1.6533203	-2.6477242
-14.967576	1.6630859	-3.7839866
-19.586946	1.6728516	-4.7894168
-14.907878	1.6826172	-5.6310372
-14.663674	1.6923828	-6.2819023
-8.1721697	1.7021484	-6.7113509
-4.0660963	1.7119141	-6.936543
2.1559069	1.7216797	-6.9712896
13.720442	1.7314453	-6.7878995
15.90274	1.7412109	-6.3375025
11.324626	1.7509766	-5.652524
9.3101416	1.7607422	-4.7674894
12.416986	1.7705078	-3.7175148
8.1523552	1.7802734	-2.5445869
21.201267	1.7900391	-1.282012
27.663126	1.7998047	0.012734719
30.339561	1.8095703	1.3008792
23.14517	1.8193359	2.5411925
17.165579	1.8291016	3.6901789
12.017135	1.8388672	4.7169142
15.985768	1.8486328	5.5756607
10.037655	1.8583984	6.232882
6.5664878	1.8681641	6.6861148
0.86955261	1.8779297	6.9368281
-8.8622437	1.8876953	6.9789481
-17.796049	1.8974609	6.8144088
-17.69371	1.9072266	6.3876429
-24.723204	1.9169922	5.7010727
-27.507193	1.9267578	4.8160033
-24.46014	1.9365234	3.7747345
-26.861589	1.9462891	2.6092622
-20.948309	1.9560547	1.3442532
-20.200293	1.9658203	0.043821987
-7.3075528	1.9755859	-1.2437925
-8.6225681	1.9853516	-2.4877131
-17.512299	1.9951172	-3.6396248
-24.702982	2.0048828	-4.6634073
-17.502811	2.0146484	-5.5295782
-12.306427	2.0244141	-6.2051077
-9.1620026	2.0341797	-6.666029
-10.117213	2.0439453	-6.915628
0.090699181	2.0537109	-6.9782267
16.197771	2.0634766	-6.827415
16.914925	2.0732422	-6.4106669
10.816753	2.0830078	-5.7545013
10.946416	2.0927734	-4.8929362
11.888775	2.1025391	-3.8638434
6.992754	2.1123047	-2.7084124
31.777006	2.1220703	-1.4514997
35.20179	2.1318359	-0.15839069
23.306492	2.1416016	1.132506
11.184916	2.1513672	2.3797572
16.911722	2.1611328	3.5434604
19.378122	2.1708984	4.589767
11.847878	2.1806641	5.4730635
5.499949	2.1904297	6.1586561
6.2810607	2.2001953	6.637157
3.117125	2.2099609	6.9174852
-5.8470178	2.2197266	6.9861946
-19.494713	2.2294922	6.8526025
-21.962856	2.2392578	6.4627023
-27.118088	2.2490234	5.8067408
-26.801147	2.2587891	4.944921
-23.887922	2.2685547	3.9217527
-28.701977	2.2783203	2.7697887
-21.014652	2.2880859	1.517387
-19.483383	2.2978516	0.21742405
-1.7140527	2.3076172	-1.0758988
-46.489075	2.3173828	-2.3274508
-21.16995	2.3271484	-3.4907997
-17.976738	2.3369141	-4.5331388
-21.337858	2.3466797	-5.4218287
-15.985536	2.3564453	-6.1258712
-11.306478	2.3662109	-6.6155353
-3.3576739	2.3759766	-6.8931713
-1.3470882	2.3857422	-6.9794497
16.641825	2.3955078	-6.8598914
14.568317	2.4052734	-6.4781613
12.204761	2.4150391	-5.8551455
9.9667578	2.4248047	-5.0170979
12.578187	2.4345703	-4.0065479
-12.843148	2.4443359	-2.8647513
45.452808	2.4541016	-1.6215494
23.01301	2.4638672	-0.32901949
23.104727	2.4736328	0.96434087
20.19499	2.4833984	2.220274
20.423468	2.4931641	3.396486
15.409419	2.5029297	4.4600372
9.0349112	2.5126953	5.370522
12.052618	2.5224609	6.0860047
12.461049	2.5322266	6.5841141
5.7016501	2.5419922	6.8930674
-3.6444747	2.5517578	6.9888968
-24.859619	2.5615234	6.8858285
-21.309965	2.5712891	6.5299268
-19.980129	2.5810547	5.9098611
-24.251768	2.5908203	5.0698261
-26.319712	2.6005859	4.0668321
-25.095221	2.6103516	2.9293613
-22.30826	2.6201172	1.6878544
-19.117783	2.6298828	0.39221224
-64.773346	2.6396484	-0.90102988
-38.863659	2.6494141	-2.1609313
-17.957554	2.6591797	-3.3429191
-14.390354	2.6689453	-4.4000592
-16.08181	2.6787109	-5.3121753
-12.229931	2.6884766	-6.041666
-8.6002159	2.6982422	-6.5615025
-5.2650108	2.7080078	-6.8648367
-4.0557351	2.7177734	-6.9765697
12.068719	2.7275391	-6.8901682
15.602121	2.7373047	-6.5430632
13.424911	2.7470703	-5.9515166
9.8624496	2.7568359	-5.1337967
12.641109	2.7666016	-4.1470208
-12.739457	2.7763672	-3.016505
17.755245	2.7861328	-1.7865727
17.206057	2.7958984	-0.49904335
15.503564	2.8056641	0.79528958
24.092197	2.8154297	2.0567405
15.377336	2.8251953	3.2466016
11.374138	2.8349609	4.3229141
12.762566	2.8447266	5.2580857
16.55979	2.8544922	6.0006151
10.609533	2.8642578	6.530982
2.4075854	2.8740234	6.8668942
-4.5217223	2.8837891	6.9899249
-10.696472	2.8935547	6.9144244
-21.330221	2.9033203	6.593502
-18.865057	2.9130859	6.0054722
-26.810646	2.9228516	5.1926684
-25.795225	2.9326172	4.2076464
-25.33798	2.9423828	3.0893664
-23.054041	2.9521484	1.8567173
-22.666086	2.9619141	0.56594789
-45.523026	2.9716797	-0.73270696
-23.283844	2.9814453	-1.9981842
-25.366596	2.9912109	-3.1899786
-18.484285	3.0009766	-4.2681394
-17.183926	3.0107422	-5.2027683
-11.726585	3.0205078	-5.9562521
-10.384316	3.0302734	-6.5045018
-9.3782902	3.0400391	-6.8353949
-4.3321519	3.0498047	-6.9735079
15.58431	3.0595703	-6.9143448
17.278477	3.0693359	-6.6028919
11.88825	3.0791016	-6.0424137
10.905543	3.0888672	-5.2557273
10.400999	3.0986328	-4.2863374
17.518528	3.1083984	-3.1764774
5.7843862	3.1181641	-1.9518572
16.292976	3.1279297	-0.67041487
18.717215	3.1376953	0.62367386
23.371277	3.1474609	1.8912572
21.16412	3.1572266	3.0928912
17.229198	3.1669922	4.1888957
16.600954	3.1767578	5.1426554
10.317354	3.1865234	5.913146
9.0442829	3.1962891	6.4695511
1.5952624	3.2060547	6.8340878
2.0925188	3.2158203	6.9850111
-15.829493	3.2255859	6.9373593
-20.544905	3.2353516	6.6523981
-23.406536	3.2451172	6.0984073
-21.883799	3.2548828	5.3122635
-25.582582	3.2646484	4.3486853
-26.739157	3.2744141	3.2454307
-24.150301	3.2841797	2.0220323
-22.526936	3.2939453	0.73940355
-14.95725	3.3037109	-0.56037045
-56.41468	3.3134766	-1.832837
-19.972305	3.3232422	-3.0369544
-17.292217	3.3330078	-4.129715
-20.248175	3.3427734	-5.0862036
-17.620205	3.3525391	-5.8673992
-10.207785	3.3623047	-6.4466214
-6.0691381	3.3720703	-6.8038335
-3.8374448	3.3818359	-6.9659595
14.570879	3.3916016	-6.936348
15.290524	3.4013672	-6.6591654
11.73009	3.4111328	-6.1316833
10.905973	3.4208984	-5.3722038
11.120073	3.4306641	-4.4250178
149.01801	3.4404297	-3.3309104
3.6052544	3.4501953	-2.1166656
32.374966	3.4599609	-0.84304309
30.658964	3.4697266	0.45093027
24.645781	3.4794922	1.7254877
19.826054	3.4892578	2.9383621
13.767741	3.4990234	4.0515609
15.01597	3.5087891	5.0263968
9.2997332	3.5185547	5.8238235
11.819497	3.5283203	6.40626
6.2415142	3.5380859	6.7974129
0.0057392754	3.5478516	6.9773116
-22.302231	3.5576172	6.9561872
-26.934944	3.5673828	6.7074151
-20.091188	3.5771484	6.186996
-22.904877	3.5869141	5.4279456
-26.299002	3.5966797	4.4860725
-26.124577	3.6064453	3.4000936
-25.530542	3.6162109	2.1899054
-22.615725	3.6259766	0.91353816
-16.253897	3.6357422	-0.3867237
-6.1305938	3.6455078	-1.664271
-17.033762	3.6552734	-2.8803129
-27.106434	3.6650391	-3.9925811
-20.1968	3.6748047	-4.9679956
-11.369783	3.6845703	-5.7736111
-9.6841717	3.6943359	-6.3803
-10.287704	3.7041016	-6.7664914
-5.4487958	3.7138672	-6.9552417
16.996393	3.7236328	-6.9516573
17.125149	3.7333984	-6.7104392
13.314642	3.7431641	-6.2151766
10.847498	3.7529297	-5.4852586
11.031167	3.7626953	-4.559401
135.59488	3.7724609	-3.4821093
14.086755	3.7822266	-2.2812705
32.730381	3.7919922	-1.0149759
32.393852	3.8017578	0.28113565
22.505777	3.8115234	1.5600713
20.320631	3.8212891	2.7835462
19.783108	3.8310547	3.9104385
20.447409	3.8408203	4.9073563
7.8710151	3.8505859	5.731338
6.8674331	3.8603516	6.3413019
7.7032251	3.8701172	6.7584338
2.9246206	3.8798828	6.9665217
-19.091192	3.8896484	6.9715486
-22.365444	3.8994141	6.7543406
-21.42028	3.9091797	6.2723317
-27.614065	3.9189453	5.5420589
-27.976604	3.9287109	4.6219468
-26.779657	3.9384766	3.5499992
-28.434116	3.9482422	2.3554163
-20.965794	3.9580078	1.0839719
-17.907076	3.9677734	-0.21325751
-0.40278536	3.9775391	-1.4966998
-4.5026536	3.9873047	-2.7249954
-23.45331	3.9970703	-3.8519351
-21.202805	4.0068359	-4.8457651
-15.513983	4.0166016	-5.6773133
-8.8648405	4.0263672	-6.3102698
-8.2307606	4.0361328	-6.7281466
-7.0969343	4.0458984	-6.9406624
6.3264275	4.0556641	-6.9643331
15.80444	4.0654297	-6.7589145
15.952892	4.0751953	-6.294929
9.9426832	4.0849609	-5.5944681
11.707935	4.0947266	-4.6953259
29.720873	4.1044922	-3.6312542
58.848866	4.1142578	-2.4488087
29.550528	4.1240234	-1.1859303
14.47167	4.1337891	0.10842504
17.824879	4.1435547	1.3921299
18.02331	4.1533203	2.6250796
19.542604	4.1630859	3.767662
12.282561	4.1728516	4.7833109
15.663192	4.1826172	5.6326833
9.4124937	4.1923828	6.2720556
9.5492458	4.2021484	6.7157612
0.75866699	4.2119141	6.9519768
-11.86314	4.2216797	6.9810705
-20.460329	4.2314453	6.7980814
-16.688614	4.2412109	6.3526893
-24.842388	4.2509766	5.652544
-27.115572	4.2607422	4.7543917
-25.606936	4.2705078	3.7012968
-27.354574	4.2802734	2.5205178
-20.919601	4.2900391	1.2562518
-18.694181	4.2998047	-0.039075688
7.448101	4.3095703	-1.3296775
-5.4989476	4.3193359	-2.5635278
-24.815836	4.3291016	-3.7065761
-17.7157	4.3388672	-4.7218542
-18.07781	4.3486328	-5.5772839
-11.28969	4.3583984	-6.2387009
-13.195247	4.3681641	-6.6836548
-8.1457548	4.3779297	-6.9227233
2.1085143	4.3876953	-6.9712563
18.234329	4.3974609	-6.8020859
13.950805	4.4072266	-6.3684921
10.75837	4.4169922	-5.7029872
11.687284	4.4267578	-4.8243699
11.262577	4.4365234	-3.7833848
58.515877	4.4462891	-2.6118112
10.612665	4.4560547	-1.3546593
15.641492	4.4658203	-0.063788235
18.345249	4.4755859	1.2231345
18.567696	4.4853516	2.4651151
24.145212	4.4951172	3.6207466
13.495924	4.5048828	4.658217
12.896466	4.5146484	5.531456
10.251731	4.5244141	6.2007332
8.990325	4.5341797	6.6666307
4.4476476	4.5439453	6.9336691
-6.839016	4.5537109	6.9894533
-17.771217	4.5634766	6.8359632
-22.437529	4.5732422	6.4287243
-22.15097	4.5830078	5.758256
-25.577785	4.5927734	4.8835139
-28.08132	4.6025391	3.8509808
-27.496218	4.6123047	2.6843066
-22.042217	4.6220703	1.4271387
-19.580755	4.6318359	0.13217135
-109.93323	4.6416016	-1.1551284
-7.7521663	4.6513672	-2.4041209
-18.059008	4.6611328	-3.5588102
-24.378651	4.6708984	-4.5946465
-22.071529	4.6806641	-5.4735856
-13.823039	4.6904297	-6.1642795
-7.3728151	4.7001953	-6.6369534
-8.4369678	4.7099609	-6.9013405
-3.1464617	4.7197266	-6.975131
12.994581	4.7294922	-6.8402987
16.054907	4.7392578	-6.4404807
12.953149	4.7490234	-5.8067393
9.9247208	4.7587891	-4.9513936
12.306135	4.7685547	-3.9289861
39.330208	4.7783203	-2.7735217
8.6947107	4.7880859	-1.5265331
17.544394	4.7978516	-0.2374296
23.741364	4.8076172	1.0519625
26.122038	4.8173828	2.3037124
14.841871	4.8271484	3.4739826
17.647934	4.8369141	4.526432
18.50527	4.8466797	5.424839
17.438759	4.8564453	6.1252828
2.5034997	4.8662109	6.6182318
3.0765078	4.8759766	6.9105868
-4.7828188	4.8857422	6.991847
-16.502523	4.8955078	6.8708835
-20.010082	4.9052734	6.4982872
-19.287458	4.9150391	5.8600459
-25.530579	4.9248047	5.008285
-27.969189	4.9345703	3.9952083
-24.618406	4.9443359	2.8486307
-24.162128	4.9541016	1.5994034
-20.647236	4.9638672	0.30684015
-9.839982	4.9736328	-0.9878999
-51.891979	4.9833984	-2.2418635
-26.227777	4.9931641	-3.4129207
-13.487704	5.0029297	-4.466135
-17.427187	5.0126953	-5.3668785
-17.12871	5.0224609	-6.0821466
-11.75711	5.0322266	-6.5876918
-6.0588818	5.0419922	-6.8767815
-0.77689767	5.0517578	-6.9758558
11.581951	5.0615234	-6.8741226
12.783695	5.0712891	-6.5080543
12.553856	5.0810547	-5.9045467
11.006148	5.0908203	-5.0786862
11.45997	5.1005859	-4.0756555
13.981084	5.1103516	-2.9340842
16.051298	5.1201172	-1.6953577
23.839333	5.1298828	-0.40935344
26.738995	5.1396484	0.88321203
30.108582	5.1494141	2.1415932
17.808983	5.1591797	3.3235934
10.154233	5.1689453	4.3950744
10.762014	5.1787109	5.3152609
15.845325	5.1884766	6.0426869
14.545699	5.1982422	6.5587149
3.2902462	5.2080078	6.8830194
-3.7678285	5.2177734	6.993309
-17.454031	5.2275391	6.9015641
-21.779957	5.2373047	6.5647621
-20.213844	5.2470703	5.9592013
-26.515743	5.2568359	5.1341529
-24.903648	5.2666016	4.1377702
-26.609619	5.2763672	3.0073531
-25.768345	5.2861328	1.7706277
-21.764811	5.2958984	0.48044798
-1.0197983	5.3056641	-0.81884623
-46.014706	5.3154297	-2.0790899
-23.650017	5.3251953	-3.2637613
-16.250788	5.3349609	-4.3349962
-18.047285	5.3447266	-5.257668
-16.389601	5.3544922	-5.9984026
-15.295017	5.3642578	-6.5317364
-4.43327	5.3740234	-6.849154
-2.0162668	5.3837891	-6.9735775
12.000686	5.3935547	-6.9007835
12.965349	5.4033203	-6.5715036
12.378034	5.4130859	-5.9987779
12.059546	5.4228516	-5.1965947
11.248292	5.4326172	-4.2162638
4.8473592	5.4423828	-3.0954034
28.375431	5.4521484	-1.8654809
30.728855	5.4619141	-0.58260477
27.277182	5.4716797	0.71138954
21.894463	5.4814453	1.9752501
18.000818	5.4912109	3.1732976
14.731812	5.5009766	4.2593913
14.701416	5.5107422	5.2044969
7.4500103	5.5205078	5.961709
13.821608	5.5302734	6.5001798
6.3717365	5.5400391	6.8507323
-0.12358651	5.5498047	6.9887676
-20.038139	5.5595703	6.9269176
-18.582632	5.5693359	6.6245446
-22.438808	5.5791016	6.0549345
-21.767698	5.5888672	5.2543964
-27.818104	5.5986328	4.2806973
-25.850313	5.6083984	3.1668167
-23.993885	5.6181641	1.9426438
-21.557999	5.6279297	0.65344262
-15.050255	5.6376953	-0.64626253
-39.170437	5.6474609	-1.9122465
-23.820717	5.6572266	-3.111294
-13.706984	5.6669922	-4.1989217
-12.207672	5.6767578	-5.14325
-14.193414	5.6865234	-5.909729
-11.624256	5.6962891	-6.4729004
-5.8001838	5.7060547	-6.8189178
-6.1944013	5.7158203	-6.9690843
18.639566	5.7255859	-6.9247227
14.210423	5.7353516	-6.6298065
15.628385	5.7451172	-6.0872936
11.704734	5.7548828	-5.316196
11.880101	5.7646484	-4.35569
-6.9334636	5.7744141	-3.2495124
36.845531	5.7841797	-2.0345781
24.97995	5.7939453	-0.7548064
17.295477	5.8037109	0.54081708
18.51417	5.8134766	1.8117326
24.462206	5.8232422	3.0176442
17.496386	5.8330078	4.1238737
11.196616	5.8427734	5.0899272
7.625483	5.8525391	5.8713036
14.78783	5.8623047	6.4405885
10.332989	5.8720703	6.8164506
3.7231367	5.8818359	6.9828343
-21.582178	5.8916016	6.948308
-22.080971	5.9013672	6.6818461
-20.134134	5.9111328	6.1446691
-21.68375	5.9208984	5.3726511
-28.17643	5.9306641	4.4201269
-27.635193	5.9404297	3.3219149
-27.598383	5.9501953	2.1132214
-22.066862	5.9599609	0.82686889
-19.378775	5.9697266	-0.4710243
-7.3273783	5.9794922	-1.7465575
-16.768671	5.9892578	-2.9566565
-24.26149	5.9990234	-4.0636282
-13.95694	6.0087891	-5.0292554
-10.602432	6.0185547	-5.8204165
-8.549262	6.0283203	-6.4119453
-10.130193	6.0380859	-6.7853203
-5.7258644	6.0478516	-6.9601517
19.531778	6.0576172	-6.9428563
15.148847	6.0673828	-6.6840105
14.534942	6.0771484	-6.1732578
10.674179	6.0869141	-5.4279866
10.639068	6.0966797	-4.4934134
-14.206709	6.1064453	-3.400444
38.874409	6.1162109	-2.199713
19.289833	6.1259766	-0.92769647
8.1604576	6.1357422	0.36830744
15.884813	6.1455078	1.6456887
17.483532	6.1552734	2.8632343
25.180664	6.1650391	3.9815578
13.514386	6.1748047	4.9680786
10.21711	6.1845703	5.7788954
7.593853	6.1943359	6.3765602
8.3315296	6.2041016	6.7779069
0.9502517	6.2138672	6.97293
-21.066004	6.2236328	6.9648886
-28.4625	6.2333984	6.73211
-21.843985	6.2431641	6.2306333
-26.14325	6.2529297	5.487112
-27.113605	6.2626953	4.5547709
-27.197588	6.2724609	3.4748495
-28.67909	6.2822266	2.276103
-22.401604	6.2919922	1.0001094
-19.244221	6.3017578	-0.30008656
-3.2709911	6.3115234	-1.5798341
-28.698565	6.3212891	-2.8007059
-26.402529	6.3310547	-3.9209042
-18.098194	6.3408203	-4.9080119
-13.211707	6.3505859	-5.7259398
-12.28191	6.3603516	-6.345583
-9.9167461	6.3701172	-6.7472315
-3.8888655	6.3798828	-6.9471269
9.2653913	6.3896484	-6.9568162
15.235914	6.3994141	-6.7347107
14.135056	6.4091797	-6.2564759
11.405559	6.4189453	-5.5409517
9.5655441	6.4287109	-4.6267161
2.4633715	6.4384766	-3.5573034
14.587562	6.4482422	-2.3661244
18.675045	6.4580078	-1.0993683
14.475209	6.4677734	0.19606343
21.46727	6.4775391	1.477249
21.576107	6.4873047	2.705718
17.111168	6.4970703	3.8393395
12.952881	6.5068359	4.8455458
8.6500311	6.5166016	5.6840878
9.7427406	6.5263672	6.3105111
14.218199	6.5361328	6.7365098
5.4661303	6.5458984	6.9597025
-20.564522	6.5556641	6.9769773
-21.738932	6.5654297	6.7763128
-22.550787	6.5751953	6.3140736
-24.59284	6.5849609	5.5983405
-25.511929	6.5947266	4.6893258
-25.965588	6.6044922	3.6268678
-26.437582	6.6142578	2.4443789
-22.432652	6.6240234	1.1755756
-23.594395	6.6337891	-0.12544431
-4.1230001	6.6435547	-1.4138812
-31.991083	6.6533203	-2.6451242
-27.526566	6.6630859	-3.7817414
-21.053583	6.6728516	-4.7830939
-10.949082	6.6826172	-5.6262608
-11.104846	6.6923828	-6.2752347
-12.830645	6.7021484	-6.706542
-5.8318257	6.7119141	-6.9309068
2.4089007	6.7216797	-6.9671054
17.128502	6.7314453	-6.7811584
13.906451	6.7412109	-6.3324208
11.852512	6.7509766	-5.6497464
10.533294	6.7607422	-4.759141
99.619629	6.7705078	-3.7117651
1.6155419	6.7802734	-2.5314441
14.724059	6.7900391	-1.2697787
18.951675	6.7998047	0.023037009
21.541561	6.8095703	1.309275
24.193356	6.8193359	2.5489266
19.160309	6.8291016	3.6983724
16.285036	6.8388672	4.7217093
8.3148708	6.8486328	5.5859404
12.712588	6.8583984	6.2404523
7.4803829	6.8681641	6.6906247
9.8528337	6.8779297	6.9417958
-6.5923085	6.8876953	6.9850469
-15.549211	6.8974609	6.8177361
-20.804314	6.9072266	6.3920956
-20.08736	6.9169922	5.7063231
-26.532099	6.9267578	4.8199396
-27.274515	6.9365234	3.7751875
-26.057579	6.9462891	2.6064107
-24.898642	6.9560547	1.3464798
-22.011705	6.9658203	0.047409441
-14.167349	6.9755859	-1.2408668
-40.080223	6.9853516	-2.4838543
-28.972198	6.9951172	-3.6344607
-18.603657	7.0048828	-4.6598644
-20.270445	7.0146484	-5.5258551
-15.141699	7.0244141	-6.2008586
-8.4286203	7.0341797	-6.661808
-4.3838286	7.0439453	-6.9124694
1.765939	7.0537109	-6.9723206
14.759728	7.0634766	-6.821476
14.56691	7.0732422	-6.4054275
11.284719	7.0830078	-5.7543364
11.22281	7.0927734	-4.8900375
119.14565	7.1025391	-3.856704
15.173573	7.1123047	-2.6911325
29.879786	7.1220703	-1.4400654
32.487839	7.1318359	-0.15037833
26.158192	7.1416016	1.1393013
21.776075	7.1513672	2.386822
16.313873	7.1611328	3.5497911
14.568004	7.1708984	4.5932355
15.514985	7.1806641	5.4791236
12.507545	7.1904297	6.1621318
11.427549	7.2001953	6.6426892
6.8648138	7.2099609	6.9212303
-6.330677	7.2197266	6.9916558
-21.709816	7.2294922	6.8556952
-20.645512	7.2392578	6.4629364
-20.82045	7.2490234	5.8091459
-28.155815	7.2587891	4.9473176
-25.095884	7.2685547	3.9237413
-26.985781	7.2783203	2.7689769
-23.621403	7.2880859	1.5162152
-25.514561	7.2978516	0.21923342
-6.5820293	7.3076172	-1.075465
-22.976995	7.3173828	-2.3246906
-26.040234	7.3271484	-3.488353
-15.75502	7.3369141	-4.5325117
-16.975275	7.3466797	-5.4189763
-11.764467	7.3564453	-6.1224236
-13.782689	7.3662109	-6.6116891
-7.6033058	7.3759766	-6.88901
0.30596274	7.3857422	-6.976131
15.573914	7.3955078	-6.8576179
14.560426	7.4052734	-6.4748878
12.812903	7.4150391	-5.8544855
13.163883	7.4248047	-5.016139
18.943882	7.4345703	-4.0010686
41.34164	7.4443359	-2.8556576
40.362869	7.4541016	-1.6110721
20.846725	7.4638672	-0.32264394
13.778069	7.4736328	0.96989858
18.287771	7.4833984	2.223815
24.832941	7.4931641	3.400924
15.695021	7.5029297	4.4613495
14.080014	7.5126953	5.3736615
1.4911406	7.5224609	6.0939369
7.6708384	7.5322266	6.5899515
5.3183641	7.5419922	6.8971286
9.2264156	7.5517578	7.0113153
2.4050241	7.5615234	7.0498948
6.8019958	7.5712891	7.0660281
5.4238014	7.5810547	7.0707498
5.1827984	7.5908203	7.0728855
-0.86830693	7.6005859	7.0711789
-3.3757882	7.6103516	7.0713077
-6.9557223	7.6201172	7.0691471
-7.0638371	7.6298828	7.0670147
-5.7915807	7.6396484	7.0650692
-6.3845654	7.6494141	7.0639024
-6.5959759	7.6591797	7.0626397
-8.8008938	7.6689453	7.0606904
-7.6355181	7.6787109	7.0615749
-7.1337914	7.6884766	7.0603061
-8.2822866	7.6982422	7.0589924
-9.2729464	7.7080078	7.0575275
-9.7891893	7.7177734	7.0562439
-8.928997	7.7275391	7.0545182
-8.387188	7.7373047	7.0545659
-6.2746696	7.7470703	7.0521402
-8.0987577	7.7568359	7.0536146
-8.7463875	7.7666016	7.0529399
-8.7836761	7.7763672	7.053339
-7.2410331	7.7861328	7.0526552
-7.3694973	7.7958984	7.0524902
-10.29002	7.8056641	7.0517864
-11.063425	7.8154297	7.0513492
-9.438838	7.8251953	7.0490913
-8.9959478	7.8349609	7.0491443
-7.3012547	7.8447266	7.049665
-10.411452	7.8544922	7.0486498
-11.756002	7.8642578	7.0478048
-10.848557	7.8740234	7.0464444
-9.5727386	7.8837891	7.0461879
-8.8163881	7.8935547	7.0449505
-8.6758289	7.9033203	7.0458617
-11.51166	7.9130859	7.0454273
-11.622836	7.9228516	7.0448127
-9.7757559	7.9326172	7.0446978
-8.9193583	7.9423828	7.0444283
-10.853912	7.9521484	7.0432992
-12.819492	7.9619141	7.0430026
-12.5719	7.9716797	7.0420747
-11.318247	7.9814453	7.0402184
-10.524387	7.9912109	7.0397015
-11.000619	8.0009766	7.0399323
-12.465124	8.0107422	7.039381
-12.457173	8.0205078	7.0381799
-10.821945	8.0302734	7.0383873
-9.6123199	8.0400391	7.0382462
-11.136918	8.0498047	7.0379229
