MTS793|MPT|ENU|1|2|.|/|:|1|0|0|A

Data Acquisition						Time:	8.5537109	s	4/12/2018 4:17:49 PM
Axial Force	Running Time	Axial Displacement
N	s	mm
-0.79051822	0.012695313	-9.7768517
0.092061237	0.022460938	-9.7765808
2.1685846	0.032226563	-9.7758236
45.805393	0.041992188	-9.7551975
81.220474	0.051757813	-9.6745358
64.938477	0.061523438	-9.5078907
78.313225	0.071289063	-9.2525425
86.4543	0.081054688	-8.9063005
91.995316	0.090820313	-8.4805212
103.25632	0.10058594	-7.9820757
94.620758	0.11035156	-7.4229708
97.505112	0.12011719	-6.8098297
111.84474	0.12988281	-6.148056
61.971493	0.13964844	-5.4412575
105.27296	0.14941406	-4.7203445
55.595612	0.15917969	-3.9922571
88.279366	0.16894531	-3.2732224
46.14217	0.17871094	-2.5582798
87.280975	0.18847656	-1.8620646
23.756783	0.19824219	-1.1967187
90.915451	0.20800781	-0.59187531
41.286594	0.21777344	-0.020833965
46.136951	0.22753906	0.50092113
36.020226	0.23730469	0.9624427
23.659428	0.24707031	1.3555276
24.992006	0.25683594	1.6632342
11.454191	0.26660156	1.8865016
-6.1870904	0.27636719	2.0272014
11.936819	0.28613281	2.0907862
-13.230392	0.29589844	2.106055
-52.304474	0.30566406	2.082736
-32.712738	0.31542969	2.0221229
-87.086151	0.32519531	1.9328003
-37.462696	0.33496094	1.8083963
-81.478584	0.34472656	1.6607679
-49.277336	0.35449219	1.4854941
-65.670013	0.36425781	1.291361
-53.089626	0.37402344	1.0795745
-68.529678	0.38378906	0.85367155
-48.010365	0.39355469	0.61859888
-61.605091	0.40332031	0.37717175
-52.976017	0.41308594	0.12755497
-63.051483	0.42285156	-0.11972217
-59.734367	0.43261719	-0.36496642
-56.209591	0.44238281	-0.60086745
-52.21191	0.45214844	-0.8310321
-47.180092	0.46191406	-1.0445437
-38.591133	0.47167969	-1.2415411
-37.765888	0.48144531	-1.4158946
-33.20322	0.49121094	-1.5662638
-30.860189	0.50097656	-1.6924909
-28.125404	0.51074219	-1.7906367
-20.782358	0.52050781	-1.8628966
-17.358932	0.53027344	-1.9079465
-19.182579	0.54003906	-1.92307
0.060349703	0.54980469	-1.9112877
19.05979	0.55957031	-1.8682307
34.621941	0.56933594	-1.7948728
24.435005	0.57910156	-1.6899562
40.990971	0.58886719	-1.5606976
35.95171	0.59863281	-1.4037492
42.792416	0.60839844	-1.2237751
30.928169	0.61816406	-1.0232075
43.721218	0.62792969	-0.80537844
40.002739	0.63769531	-0.57320642
50.891628	0.64746094	-0.33440953
47.953659	0.65722656	-0.088313311
41.932194	0.66699219	0.1579918
38.422386	0.67675781	0.40366912
34.765621	0.68652344	0.64421409
31.746481	0.69628906	0.8733905
36.932919	0.70605469	1.0932541
33.007343	0.71582031	1.2935653
30.04974	0.72558594	1.4779081
32.197876	0.73535156	1.639565
27.496922	0.74511719	1.7780589
22.933586	0.75488281	1.8920641
8.2577	0.76464844	1.9766163
24.372158	0.77441406	2.0371058
3.8685393	0.78417969	2.0696554
-13.651269	0.79394531	2.0746932
-50.324795	0.80371094	2.0516858
-30.757999	0.81347656	1.9964987
-83.695129	0.82324219	1.9123038
-37.879322	0.83300781	1.7956138
-80.236504	0.84277344	1.6545962
-56.917477	0.85253906	1.4841089
-62.78278	0.86230469	1.2946726
-59.715332	0.87207031	1.0860854
-65.035744	0.88183594	0.8651045
-49.645817	0.89160156	0.63176566
-63.469143	0.90136719	0.39118361
-53.106853	0.91113281	0.14464399
-67.60907	0.92089844	-0.10273932
-61.773346	0.93066406	-0.34891284
-55.213085	0.94042969	-0.58565259
-52.93705	0.95019531	-0.81593162
-44.753681	0.95996094	-1.0344421
-41.577953	0.96972656	-1.2360969
-34.490505	0.97949219	-1.4142416
-29.468618	0.98925781	-1.571489
-29.151037	0.99902344	-1.701337
-34.406315	1.0087891	-1.8065414
-12.749701	1.0185547	-1.8827295
-29.435579	1.0283203	-1.9324939
-11.434429	1.0380859	-1.9540831
-1.3624318	1.0478516	-1.9473827
14.021783	1.0576172	-1.9109271
19.230537	1.0673828	-1.844041
42.660267	1.0771484	-1.7473954
25.93614	1.0869141	-1.6198202
37.51754	1.0966797	-1.4680055
39.026176	1.1064453	-1.2934411
38.769302	1.1162109	-1.0952671
34.806545	1.1259766	-0.88067716
44.288532	1.1357422	-0.65174204
43.408844	1.1455078	-0.41420358
49.573753	1.1552734	-0.16813716
42.856892	1.1650391	0.080269486
32.280727	1.1748047	0.32597119
34.843624	1.1845703	0.56764644
29.389101	1.1943359	0.80084574
32.670723	1.2041016	1.0219231
32.485085	1.2138672	1.2266836
32.738472	1.2236328	1.4140499
29.202883	1.2333984	1.5822867
31.581261	1.2431641	1.7250224
17.309521	1.2529297	1.8427767
23.311981	1.2626953	1.9350282
4.2123489	1.2724609	2.0006635
18.984028	1.2822266	2.0391276
-4.4002199	1.2919922	2.0506282
-30.598568	1.3017578	2.0327799
-35.167427	1.3115234	1.9851084
-79.070686	1.3212891	1.9074775
-41.002769	1.3310547	1.7961901
-76.091232	1.3408203	1.6588843
-60.643627	1.3505859	1.4943742
-68.457153	1.3603516	1.3104246
-61.5448	1.3701172	1.1063449
-61.950531	1.3798828	0.88799042
-53.961784	1.3896484	0.65575081
-59.157425	1.3994141	0.41872087
-54.676041	1.4091797	0.17306349
-62.125652	1.4189453	-0.076616094
-62.217133	1.4287109	-0.3206211
-57.542301	1.4384766	-0.56022269
-51.609673	1.4482422	-0.79162282
-51.912037	1.4580078	-1.0126801
-41.274982	1.4677734	-1.2179326
-35.931183	1.4775391	-1.4023485
-31.113903	1.4873047	-1.5625548
-33.609535	1.4970703	-1.6981686
-31.52619	1.5068359	-1.8081694
-12.09837	1.5166016	-1.8899581
-32.239197	1.5263672	-1.9446272
-11.16643	1.5361328	-1.972042
-1.0819408	1.5458984	-1.971688
18.612337	1.5556641	-1.9417751
15.264853	1.5654297	-1.8792048
41.044525	1.5751953	-1.7895452
21.379353	1.5849609	-1.6682494
35.380001	1.5947266	-1.5206965
36.670422	1.6044922	-1.3488698
35.493011	1.6142578	-1.1556071
34.940666	1.6240234	-0.94476777
41.259808	1.6337891	-0.7182014
40.823128	1.6435547	-0.48207948
53.537159	1.6533203	-0.23640162
45.157486	1.6630859	0.010685157
35.065964	1.6728516	0.25735217
31.536825	1.6826172	0.50250626
33.072144	1.6923828	0.73612434
31.144457	1.7021484	0.96047193
29.86858	1.7119141	1.1694307
25.960674	1.7216797	1.3613628
23.204187	1.7314453	1.5327766
23.200508	1.7412109	1.6805835
20.532776	1.7509766	1.8047429
22.008747	1.7607422	1.9020048
-0.73926055	1.7705078	1.9731166
16.762804	1.7802734	2.0179539
6.3383369	1.7900391	2.0332284
-14.499517	1.7998047	2.021138
-42.085548	1.8095703	1.98111
-72.28241	1.8193359	1.9081331
-41.741192	1.8291016	1.8054259
-71.032074	1.8388672	1.6735858
-62.791363	1.8486328	1.5147769
-64.411186	1.8583984	1.334162
-59.302429	1.8681641	1.1317544
-60.427574	1.8779297	0.91750759
-55.773312	1.8876953	0.68677413
-55.982357	1.8974609	0.4522022
-57.80109	1.9072266	0.20646685
-59.37851	1.9169922	-0.040971674
-56.397892	1.9267578	-0.28833869
-66.417679	1.9365234	-0.52722609
-49.084381	1.9462891	-0.76112032
-51.924946	1.9560547	-0.98310995
-42.547089	1.9658203	-1.1932547
-40.76321	1.9755859	-1.3805617
-32.422146	1.9853516	-1.545987
-34.527737	1.9951172	-1.6867596
-31.064497	2.0048828	-1.8005087
-12.552459	2.0146484	-1.8887296
-35.293201	2.0244141	-1.9496332
-10.770176	2.0341797	-1.9829041
-1.2808713	2.0439453	-1.9878267
18.74959	2.0537109	-1.9638865
18.890337	2.0634766	-1.9076145
24.445354	2.0732422	-1.8220536
34.589752	2.0830078	-1.7077527
32.587982	2.0927734	-1.5639609
39.412258	2.1025391	-1.3990228
34.669556	2.1123047	-1.2108821
35.987988	2.1220703	-1.0013676
33.102119	2.1318359	-0.77719623
47.250641	2.1416016	-0.54137397
47.659695	2.1513672	-0.29866406
46.270958	2.1611328	-0.050764997
36.50539	2.1708984	0.19675428
32.969574	2.1806641	0.44125441
31.472277	2.1904297	0.67771643
31.211094	2.2001953	0.90430313
31.617966	2.2099609	1.1160512
29.947538	2.2197266	1.3127733
25.773323	2.2294922	1.4887516
26.672571	2.2392578	1.6415305
29.890177	2.2490234	1.7700244
14.403591	2.2587891	1.8729726
13.370858	2.2685547	1.9496533
4.5136666	2.2783203	1.9999095
9.8009949	2.2880859	2.0206897
-14.306418	2.2978516	2.0152683
-43.31749	2.3076172	1.9803463
-66.455246	2.3173828	1.9144404
-39.889137	2.3271484	1.8186558
-77.814278	2.3369141	1.6927005
-54.203915	2.3466797	1.5390917
-68.145744	2.3564453	1.3628303
-58.617897	2.3662109	1.1649852
-60.612953	2.3759766	0.95159125
-54.695305	2.3857422	0.7236402
-54.890907	2.3955078	0.48937201
-58.820576	2.4052734	0.24673259
-60.139141	2.4150391	-0.00075343996
-60.245361	2.4248047	-0.24755141
-58.614044	2.4345703	-0.48954737
-53.737904	2.4443359	-0.72358763
-45.923412	2.4541016	-0.95057219
-46.25333	2.4638672	-1.160548
-36.815624	2.4736328	-1.3530143
-38.227917	2.4833984	-1.5228999
-33.742363	2.4931641	-1.6688823
-30.283129	2.5029297	-1.789933
-12.197241	2.5126953	-1.881735
-35.634708	2.5224609	-1.9487902
-10.794448	2.5322266	-1.9873093
-0.026402995	2.5419922	-1.9968452
19.415665	2.5517578	-1.9784632
24.739845	2.5615234	-1.929631
17.386272	2.5712891	-1.8497508
40.919067	2.5810547	-1.7405248
27.434208	2.5908203	-1.604089
38.181931	2.6005859	-1.442175
30.297943	2.6103516	-1.2564925
42.632687	2.6201172	-1.0518556
28.676975	2.6298828	-0.82999235
47.893364	2.6396484	-0.598077
42.747025	2.6494141	-0.35553229
48.933464	2.6591797	-0.10815607
39.726902	2.6689453	0.13968451
31.803787	2.6787109	0.38626865
32.715229	2.6884766	0.62475997
28.066595	2.6982422	0.85386318
31.423382	2.7080078	1.0686642
29.109833	2.7177734	1.2668561
32.958424	2.7275391	1.4478629
26.779606	2.7373047	1.6067945
30.381639	2.7470703	1.7394737
11.69123	2.7568359	1.8472189
21.211855	2.7666016	1.9283931
-5.2379909	2.7763672	1.9860121
12.107164	2.7861328	2.0135331
-11.024334	2.7958984	2.0127776
-40.878159	2.8056641	1.9840457
-62.159843	2.8154297	1.9244294
-42.664806	2.8251953	1.8338177
-75.583366	2.8349609	1.7138814
-54.661835	2.8447266	1.5649102
-60.897076	2.8544922	1.3928331
-63.393356	2.8642578	1.1982707
-57.604244	2.8740234	0.98823565
-59.894192	2.8837891	0.76369202
-52.418095	2.8935547	0.52893841
-62.633968	2.9033203	0.2905148
-54.876682	2.9130859	0.041529723
-65.826576	2.9228516	-0.20475453
-59.598743	2.9326172	-0.44833207
-51.724247	2.9423828	-0.68447208
-49.882336	2.9521484	-0.91114408
-45.421265	2.9619141	-1.1255541
-41.665043	2.9716797	-1.3211203
-38.813511	2.9814453	-1.4956307
-36.831303	2.9912109	-1.6470897
-25.640696	3.0009766	-1.7718005
-17.414091	3.0107422	-1.8717508
-33.457214	3.0205078	-1.9429221
-11.771091	3.0302734	-1.9871621
-0.24643959	3.0400391	-2.0027416
14.419388	3.0498047	-1.9907268
29.444902	3.0595703	-1.9483666
15.351799	3.0693359	-1.8731596
36.931484	3.0791016	-1.7701151
24.71488	3.0888672	-1.6385709
38.08128	3.0986328	-1.480973
31.635878	3.1083984	-1.3005331
43.944496	3.1181641	-1.0993334
32.337143	3.1279297	-0.8810603
43.379684	3.1376953	-0.64931017
46.489964	3.1474609	-0.40954807
46.228928	3.1572266	-0.16161883
42.033119	3.1669922	0.086589441
32.359432	3.1767578	0.33255824
30.82254	3.1865234	0.57236719
32.790386	3.1962891	0.80414867
29.167957	3.2060547	1.0221952
30.804762	3.2158203	1.2255203
31.602484	3.2255859	1.4087653
28.526394	3.2353516	1.5724303
23.383957	3.2451172	1.7109878
17.661943	3.2548828	1.8246796
22.766163	3.2646484	1.9104856
-2.1849294	3.2744141	1.9721645
12.134237	3.2841797	2.00506
-4.2759581	3.2939453	2.0106649
-36.610882	3.3037109	1.9880168
-65.330582	3.3134766	1.9352309
-44.012886	3.3232422	1.850346
-79.80275	3.3330078	1.7375053
-47.137402	3.3427734	1.5919369
-64.925034	3.3525391	1.4256653
-58.443729	3.3623047	1.2349981
-64.345695	3.3720703	1.0277575
-61.088615	3.3818359	0.8069399
-54.316097	3.3916016	0.57426405
-62.920914	3.4013672	0.33477518
-51.565842	3.4111328	0.087662503
-69.67131	3.4208984	-0.15961407
-53.198322	3.4306641	-0.40372658
-57.031857	3.4404297	-0.64103127
-55.683685	3.4501953	-0.87067157
-44.826439	3.4599609	-1.0887982
-39.841747	3.4697266	-1.2879455
-37.923225	3.4794922	-1.466837
-32.896301	3.4892578	-1.6230327
-24.981575	3.4990234	-1.7537485
-24.795708	3.5087891	-1.8564167
-30.011705	3.5185547	-1.9339699
-16.42959	3.5283203	-1.9833854
-2.1383748	3.5380859	-2.0060918
7.2800903	3.5478516	-1.9989263
31.858343	3.5576172	-1.9618853
15.853899	3.5673828	-1.8934345
31.266321	3.5771484	-1.7956573
24.746975	3.5869141	-1.6696687
35.299648	3.5966797	-1.5181341
32.246838	3.6064453	-1.3417828
35.416008	3.6162109	-1.1437725
36.248699	3.6259766	-0.92829603
36.459179	3.6357422	-0.69983912
47.072987	3.6455078	-0.4613052
47.848782	3.6552734	-0.21492028
43.418301	3.6650391	0.034328923
34.945564	3.6748047	0.28092331
30.545069	3.6845703	0.52219236
33.462688	3.6943359	0.75518471
32.732803	3.7041016	0.97816634
26.617085	3.7138672	1.1829571
32.972218	3.7236328	1.3701357
21.764339	3.7333984	1.5382859
22.410643	3.7431641	1.6813136
21.621834	3.7529297	1.8004839
20.031708	3.7626953	1.894007
6.7903776	3.7724609	1.9597836
6.0666699	3.7822266	1.9989773
0.64423072	3.7919922	2.0099788
-28.123543	3.8017578	1.9915633
-63.238918	3.8115234	1.9456799
-52.050522	3.8212891	1.8676696
-70.09523	3.8310547	1.759456
-51.738659	3.8408203	1.6210076
-69.549843	3.8505859	1.4577074
-54.888802	3.8603516	1.2732112
-64.273163	3.8701172	1.0683465
-58.7043	3.8798828	0.84973395
-53.375797	3.8896484	0.61913198
-58.054016	3.8994141	0.38222381
-54.328331	3.9091797	0.1360762
-65.403229	3.9189453	-0.11152709
-59.888199	3.9287109	-0.35673034
-60.376373	3.9384766	-0.59526145
-54.092644	3.9482422	-0.82636166
-50.375599	3.9580078	-1.0479449
-39.324081	3.9677734	-1.2522894
-38.63047	3.9775391	-1.4347121
-32.317719	3.9873047	-1.5949775
-24.990261	3.9970703	-1.7299111
-30.011276	4.0068359	-1.8409761
-21.765242	4.0166016	-1.9222605
-27.121277	4.0263672	-1.9767015
-1.258927	4.0361328	-2.0065453
3.5912614	4.0458984	-2.0042202
29.580622	4.0556641	-1.9734907
19.276602	4.0654297	-1.9128847
26.433159	4.0751953	-1.8191292
31.54394	4.0849609	-1.698207
36.754906	4.0947266	-1.5515977
33.53228	4.1044922	-1.3811382
32.383762	4.1142578	-1.1864896
37.27898	4.1240234	-0.97506112
33.127071	4.1337891	-0.74850851
47.368069	4.1435547	-0.51115143
47.761639	4.1533203	-0.26679832
45.269733	4.1630859	-0.018286146
33.581287	4.1728516	0.228957
31.814333	4.1826172	0.47274408
32.100483	4.1923828	0.70766324
33.678993	4.2021484	0.93085778
26.662275	4.2119141	1.1411403
32.106815	4.2216797	1.3321053
23.262907	4.2314453	1.5056576
22.09096	4.2412109	1.6540166
29.000145	4.2509766	1.7762076
14.2615	4.2607422	1.8752789
10.896671	4.2705078	1.9457332
-0.85167122	4.2802734	1.9912601
4.5632129	4.2900391	2.0075419
-16.490965	4.2998047	1.9952004
-56.921108	4.3095703	1.9554007
-54.280319	4.3193359	1.8838242
-57.358551	4.3291016	1.7817017
-59.168457	4.3388672	1.6497998
-71.444878	4.3486328	1.4919144
-54.39378	4.3583984	1.3091177
-65.11319	4.3681641	1.1096292
-58.262714	4.3779297	0.89370251
-54.863697	4.3876953	0.66362548
-52.403263	4.3974609	0.42798108
-61.508038	4.4072266	0.18357691
-59.854332	4.4169922	-0.064758867
-67.140892	4.4267578	-0.30930984
-57.810753	4.4365234	-0.55077273
-54.238388	4.4462891	-0.78307974
-52.220024	4.4560547	-1.0054876
-44.002769	4.4658203	-1.2141949
-36.121647	4.4755859	-1.4013237
-33.63092	4.4853516	-1.5663638
-28.976297	4.4951172	-1.7076223
-34.844734	4.5048828	-1.8233727
-14.356978	4.5146484	-1.9096478
-31.764235	4.5244141	-1.9707012
-2.1198764	4.5341797	-2.0034535
1.584075	4.5439453	-2.0073805
26.321907	4.5537109	-1.983369
23.095512	4.5634766	-1.9272617
19.71685	4.5732422	-1.841184
41.629292	4.5830078	-1.7287544
30.312479	4.5927734	-1.5847502
41.149475	4.6025391	-1.4175757
30.626745	4.6123047	-1.22794
39.904961	4.6220703	-1.0207473
29.505096	4.6318359	-0.79580033
48.235722	4.6416016	-0.56086826
41.88306	4.6513672	-0.3162128
48.219658	4.6611328	-0.069541201
34.838097	4.6708984	0.17754556
36.061069	4.6806641	0.42151827
29.11492	4.6904297	0.66121322
34.737122	4.7001953	0.88602662
29.830284	4.7099609	1.0997671
35.996426	4.7197266	1.2948405
26.955858	4.7294922	1.4712805
26.877586	4.7392578	1.6245828
29.4151	4.7490234	1.75378
13.802258	4.7587891	1.8571829
16.893934	4.7685547	1.9331766
-5.1718788	4.7783203	1.9847515
8.6032429	4.7880859	2.0073488
-14.796073	4.7978516	1.9996874
-48.499928	4.8076172	1.9654715
-59.391163	4.8173828	1.8998662
-45.264282	4.8271484	1.8034747
-65.919128	4.8369141	1.6775329
-65.580368	4.8466797	1.5240866
-60.425056	4.8564453	1.3460702
-63.304512	4.8662109	1.1491107
-58.448627	4.8759766	0.93609548
-55.584126	4.8857422	0.70924962
-52.490726	4.8955078	0.47500432
-61.646664	4.9052734	0.23116954
-57.586178	4.9150391	-0.015598442
-61.265461	4.9248047	-0.26224861
-62.870033	4.9345703	-0.50446528
-48.413197	4.9443359	-0.73810059
-52.488247	4.9541016	-0.96351606
-43.438911	4.9638672	-1.174565
-44.460129	4.9736328	-1.3662273
-36.153427	4.9833984	-1.5361936
-40.561333	4.9931641	-1.6811996
-33.760338	5.0029297	-1.8016248
-15.58637	5.0126953	-1.8959898
-35.018776	5.0224609	-1.9617598
-9.3786402	5.0322266	-2.0009501
1.1145138	5.0419922	-2.0104988
20.203938	5.0517578	-1.9919171
29.760931	5.0615234	-1.9423193
15.763402	5.0712891	-1.8608253
49.21981	5.0810547	-1.7545192
24.370367	5.0908203	-1.6146722
41.101913	5.1005859	-1.4541463
31.629194	5.1103516	-1.2694082
47.318142	5.1201172	-1.0638715
27.993845	5.1298828	-0.84218299
50.615231	5.1396484	-0.60936856
43.783463	5.1494141	-0.36669049
49.358925	5.1591797	-0.11863457
39.993092	5.1689453	0.12877443
32.623413	5.1787109	0.37478989
32.967175	5.1884766	0.61310261
31.250738	5.1982422	0.8416543
28.820372	5.2080078	1.0576657
34.436615	5.2177734	1.2567523
30.811493	5.2275391	1.436465
30.182552	5.2373047	1.5953678
32.779488	5.2470703	1.7295202
15.306158	5.2568359	1.8364497
27.28685	5.2666016	1.9182018
-1.8281164	5.2763672	1.9750606
11.121709	5.2861328	2.0034263
-11.365826	5.2958984	2.0027452
-44.77523	5.3056641	1.9735545
-63.084641	5.3154297	1.9135087
-41.460514	5.3251953	1.8239356
-79.301727	5.3349609	1.7038524
-53.29092	5.3447266	1.5539596
-64.230095	5.3544922	1.3831089
-62.226433	5.3642578	1.1891552
-58.277489	5.3740234	0.97701836
-59.48745	5.3837891	0.75402617
-51.706097	5.3935547	0.52160507
-61.048939	5.4033203	0.28107595
-57.702812	5.4130859	0.033558626
-65.318161	5.4228516	-0.21424191
-57.890823	5.4326172	-0.456958
-55.746475	5.4423828	-0.69321162
-56.995628	5.4521484	-0.91969997
-44.243805	5.4619141	-1.1354574
-47.577473	5.4716797	-1.330511
-42.228298	5.4814453	-1.5045837
-39.509079	5.4912109	-1.6564167
-31.540531	5.5009766	-1.7814558
-19.098633	5.5107422	-1.8806565
-34.485477	5.5205078	-1.9506338
-19.137247	5.5302734	-1.9955497
0.72128606	5.5400391	-2.0118687
12.97231	5.5498047	-1.9986584
31.962797	5.5595703	-1.9559997
15.262322	5.5693359	-1.8810062
45.323273	5.5791016	-1.777419
21.097704	5.5888672	-1.644724
39.519596	5.5986328	-1.489392
32.012848	5.6083984	-1.3069236
43.609699	5.6181641	-1.1058388
31.206549	5.6279297	-0.88832796
44.155663	5.6376953	-0.65773231
47.246677	5.6474609	-0.41711378
46.650463	5.6572266	-0.17000279
40.1381	5.6669922	0.078293964
34.855606	5.6767578	0.32444903
33.666649	5.6865234	0.56554049
34.375252	5.6962891	0.79631394
29.479351	5.7060547	1.014149
34.274353	5.7158203	1.2180152
32.703293	5.7255859	1.401507
29.14698	5.7353516	1.5647976
26.794994	5.7451172	1.7041996
20.393066	5.7548828	1.8167919
26.402821	5.7646484	1.9041625
4.607276	5.7744141	1.9651014
6.4906898	5.7841797	1.9996716
-2.5794957	5.7939453	2.0046811
-40.334194	5.8037109	1.9817086
-67.71624	5.8134766	1.9290098
-45.197666	5.8232422	1.8439596
-80.36113	5.8330078	1.7297633
-51.377808	5.8427734	1.5865897
-59.459217	5.8525391	1.4188482
-60.249214	5.8623047	1.2286991
-63.101665	5.8720703	1.019542
-62.445469	5.8818359	0.80020863
-50.888584	5.8916016	0.56725132
-61.273262	5.9013672	0.32843408
-54.000923	5.9111328	0.081636474
-65.920631	5.9208984	-0.16533741
-59.48447	5.9306641	-0.4095965
-61.227055	5.9404297	-0.64746749
-59.065002	5.9501953	-0.87621707
-43.822662	5.9599609	-1.0933882
-43.506992	5.9697266	-1.293218
-39.256798	5.9794922	-1.4706881
-33.583076	5.9892578	-1.6289805
-26.486605	5.9990234	-1.7600465
-25.020248	6.0087891	-1.8627207
-31.313372	6.0185547	-1.9384604
-22.788603	6.0283203	-1.9885528
-0.19816217	6.0380859	-2.011394
3.7948251	6.0478516	-2.0038943
31.943306	6.0576172	-1.9666429
12.728304	6.0673828	-1.8988012
36.664379	6.0771484	-1.8014374
21.637726	6.0869141	-1.6745522
36.899536	6.0966797	-1.5227529
30.920153	6.1064453	-1.3462213
36.525738	6.1162109	-1.1484241
34.096184	6.1259766	-0.93292212
37.521427	6.1357422	-0.70332301
46.47094	6.1455078	-0.4655703
49.435009	6.1552734	-0.22038808
42.315933	6.1650391	0.029018056
40.915962	6.1748047	0.27569348
31.801138	6.1845703	0.51877284
36.405727	6.1943359	0.75171769
31.09675	6.2041016	0.97342771
32.432236	6.2138672	1.1785293
36.572258	6.2236328	1.3665484
24.583605	6.2333984	1.5354103
26.548079	6.2431641	1.6770557
26.18038	6.2529297	1.7963655
17.008942	6.2626953	1.8886095
10.720873	6.2724609	1.9551511
-0.9233132	6.2822266	1.9951679
4.4784274	6.2919922	2.0052936
-30.005501	6.3017578	1.9873847
-66.941422	6.3115234	1.941534
-49.52401	6.3212891	1.8621919
-70.896889	6.3310547	1.7550074
-51.369553	6.3408203	1.6168877
-68.385513	6.3505859	1.454398
-56.145466	6.3603516	1.268364
-61.189941	6.3701172	1.0658696
-65.871246	6.3798828	0.84582829
-53.176212	6.3896484	0.61510772
-61.78756	6.3994141	0.3779549
-53.725216	6.4091797	0.13143513
-62.95348	6.4189453	-0.11507897
-64.495224	6.4287109	-0.36095408
-55.746689	6.4384766	-0.59968096
-56.910294	6.4482422	-0.83024901
-49.365196	6.4580078	-1.0508727
-43.590927	6.4677734	-1.2545587
-40.553719	6.4775391	-1.4380659
-34.557667	6.4873047	-1.5993544
-27.836941	6.4970703	-1.7343378
-35.839096	6.5068359	-1.8444064
-23.308361	6.5166016	-1.9249669
-30.093769	6.5263672	-1.9806983
0.20068838	6.5361328	-2.009706
3.2932382	6.5458984	-2.0077808
30.192184	6.5556641	-1.9769459
17.688837	6.5654297	-1.9154361
28.352999	6.5751953	-1.8224692
32.886589	6.5849609	-1.7025529
35.664143	6.5947266	-1.5543711
36.803864	6.6044922	-1.3836249
33.656464	6.6142578	-1.1898507
37.472805	6.6240234	-0.97847813
34.492649	6.6337891	-0.75062245
48.935722	6.6435547	-0.51376045
49.47673	6.6533203	-0.26988992
45.882805	6.6630859	-0.020672753
40.141754	6.6728516	0.22673263
33.891819	6.6826172	0.47000954
37.33255	6.6923828	0.70548815
31.40523	6.7021484	0.9300254
34.498203	6.7119141	1.1380787
38.080837	6.7216797	1.3303769
28.821489	6.7314453	1.5024475
27.374945	6.7412109	1.6507578
33.171673	6.7509766	1.7745022
15.039602	6.7607422	1.8716478
15.192898	6.7705078	1.9433358
-5.2582474	6.7802734	1.989488
7.8354144	6.7900391	2.0049992
-16.949093	6.7998047	1.9933054
-60.776272	6.8095703	1.9529332
-52.505928	6.8193359	1.8811017
-58.384624	6.8291016	1.7795433
-60.317303	6.8388672	1.6462665
-72.230759	6.8486328	1.4883713
-56.722343	6.8583984	1.3065553
-64.483536	6.8681641	1.1060522
-58.823311	6.8779297	0.89079612
-60.493664	6.8876953	0.65982223
-51.745502	6.8974609	0.42523706
-60.736736	6.9072266	0.1805039
-59.996525	6.9169922	-0.06830366
-67.906227	6.9267578	-0.31364998
-58.721844	6.9365234	-0.55318892
-53.924042	6.9462891	-0.78626692
-54.415546	6.9560547	-1.0082604
-43.773674	6.9658203	-1.2163131
-42.647755	6.9755859	-1.4042572
-32.168068	6.9853516	-1.5703292
-33.752224	6.9951172	-1.7100955
-36.036888	7.0048828	-1.824681
-17.33707	7.0146484	-1.9116062
-32.454987	7.0244141	-1.9718467
-0.99814498	7.0341797	-2.0059984
1.650455	7.0439453	-2.0102682
27.972403	7.0537109	-1.9849359
24.066715	7.0634766	-1.9312586
20.740788	7.0732422	-1.8437541
46.145222	7.0830078	-1.7288591
30.123226	7.0927734	-1.5863887
43.276237	7.1025391	-1.420344
34.504314	7.1123047	-1.231002
40.357231	7.1220703	-1.024207
32.583687	7.1318359	-0.79753429
48.242802	7.1416016	-0.56239265
46.30159	7.1513672	-0.31915578
48.326538	7.1611328	-0.070958398
36.330708	7.1708984	0.17693974
37.843422	7.1806641	0.4217796
34.843781	7.1904297	0.65889078
34.03088	7.2001953	0.88416493
34.775509	7.2099609	1.0979625
34.650425	7.2197266	1.2929382
36.339039	7.2294922	1.4692608
30.483109	7.2392578	1.6226115
32.261013	7.2490234	1.7512839
17.364742	7.2587891	1.8548124
20.105495	7.2685547	1.9312512
-5.2177811	7.2783203	1.9826058
9.8349171	7.2880859	2.0047514
-15.428162	7.2978516	1.998184
-53.304272	7.3076172	1.9627237
-56.439476	7.3173828	1.8972064
-49.613171	7.3271484	1.8026444
-67.625443	7.3369141	1.6760825
-67.969177	7.3466797	1.522094
-61.057392	7.3564453	1.344564
-65.98288	7.3662109	1.1489457
-55.286041	7.3759766	0.93391567
-58.432018	7.3857422	0.70757133
-53.264202	7.3955078	0.47361022
-60.690811	7.4052734	0.22985302
-58.141121	7.4150391	-0.017249212
-62.608616	7.4248047	-0.26446778
-63.690632	7.4345703	-0.50661069
-52.359573	7.4443359	-0.74036318
-53.453548	7.4541016	-0.9655292
-49.477409	7.4638672	-1.1768612
-39.316891	7.4736328	-1.3688715
-42.547634	7.4833984	-1.537032
-38.149811	7.4931641	-1.6836489
-34.10651	7.5029297	-1.8045503
-19.006174	7.5126953	-1.8964561
-33.935894	7.5224609	-1.9634228
-6.987783	7.5322266	-2.0025499
1.6537495	7.5419922	-2.0127974
20.769529	7.5517578	-1.9922918
28.162439	7.5615234	-1.9433032
16.665201	7.5712891	-1.864048
51.772995	7.5810547	-1.7550449
25.363237	7.5908203	-1.6172268
41.856594	7.6005859	-1.4543545
32.831612	7.6103516	-1.2695248
47.064354	7.6201172	-1.0658174
32.539955	7.6298828	-0.84419131
46.357967	7.6396484	-0.60964775
47.250816	7.6494141	-0.36861235
48.54314	7.6591797	-0.12086527
39.792381	7.6689453	0.12818202
33.436005	7.6787109	0.37293211
36.249317	7.6884766	0.61220556
31.082617	7.6982422	0.84069967
32.705688	7.7080078	1.0575384
36.015827	7.7177734	1.2561922
36.848038	7.7275391	1.4365386
33.249035	7.7373047	1.5945345
29.319485	7.7470703	1.7275823
16.461157	7.7568359	1.8369377
25.499973	7.7666016	1.9173712
-0.23733592	7.7763672	1.9739887
8.9739218	7.7861328	2.0029004
-10.923343	7.7958984	2.0016108
-45.953007	7.8056641	1.9740154
-62.499928	7.8154297	1.9130937
-42.565506	7.8251953	1.8235199
-77.925659	7.8349609	1.7028656
-55.999866	7.8447266	1.5541199
-63.908985	7.8544922	1.3815885
-63.450249	7.8642578	1.1871274
-56.575485	7.8740234	0.97619277
-63.11219	7.8837891	0.75330067
-49.68882	7.8935547	0.52014393
-61.779739	7.9033203	0.27902657
-56.168137	7.9130859	0.032699574
-63.88475	7.9228516	-0.21602707
-63.035519	7.9326172	-0.45883051
-51.375561	7.9423828	-0.69433928
-57.050541	7.9521484	-0.92038727
-44.849026	7.9619141	-1.1353874
-45.658649	7.9716797	-1.3311269
-42.216843	7.9814453	-1.5061257
-38.91827	7.9912109	-1.6574732
-33.052979	8.0009766	-1.7819479
-18.653309	8.0107422	-1.8815804
-22.663757	8.0205078	-1.941074
-22.579508	8.0302734	-1.9674449
-19.379322	8.0400391	-1.9800006
-16.406935	8.0498047	-1.9854358
-16.59058	8.0595703	-1.9882324
-13.282081	8.0693359	-1.9884712
-12.665463	8.0791016	-1.9882708
-11.282647	8.0888672	-1.9885137
-9.9936504	8.0986328	-1.9876595
-8.4433355	8.1083984	-1.9881088
-8.1062899	8.1181641	-1.98737
-7.3825941	8.1279297	-1.9869878
-7.8444371	8.1376953	-1.9861339
-6.7773857	8.1474609	-1.9863437
-4.9445429	8.1572266	-1.9862088
-5.3990283	8.1669922	-1.9847444
-4.9134598	8.1767578	-1.9855599
-4.8552055	8.1865234	-1.9855454
-3.8729165	8.1962891	-1.9852186
-4.5271707	8.2060547	-1.9848924
-4.2930012	8.2158203	-1.984072
-4.5457039	8.2255859	-1.9848931
-4.6990228	8.2353516	-1.9847153
-4.6825967	8.2451172	-1.984373
-4.1782508	8.2548828	-1.9842516
-2.7765172	8.2646484	-1.983296
-3.3121905	8.2744141	-1.9835192
-2.8917799	8.2841797	-1.9834365
-3.0520954	8.2939453	-1.9824888
-2.4710548	8.3037109	-1.9832096
-3.2204669	8.3134766	-1.9828285
-2.9694638	8.3232422	-1.983714
-3.3254385	8.3330078	-1.9821099
-2.2754073	8.3427734	-1.982545
-2.562115	8.3525391	-1.982047
-2.1306682	8.3623047	-1.9816047
-3.1714561	8.3720703	-1.9816248
-2.2452092	8.3818359	-1.9820186
-2.7378905	8.3916016	-1.982143
-2.3687491	8.4013672	-1.9807945
-2.6242108	8.4111328	-1.9823189
-2.6437571	8.4208984	-1.9822221
-1.537241	8.4306641	-1.9800129
-1.1413009	8.4404297	-1.9795011
-1.2341071	8.4501953	-1.9809387
-1.7669518	8.4599609	-1.9797301
-1.8679653	8.4697266	-1.9797671
-1.6979756	8.4794922	-1.9797429
-0.87292862	8.4892578	-1.9795082
-1.6528531	8.4990234	-1.980175
-1.3338635	8.5087891	-1.9791751
-1.3204525	8.5185547	-1.9787128
