MTS793|MPT|ENU|1|2|.|/|:|1|0|0|A

Data Acquisition						Time:	8.3144531	s	4/12/2018 4:21:39 PM
Axial Force	Running Time	Axial Displacement
N	s	mm
-21.343351	0.012695313	4.2806025
-21.045666	0.022460938	4.2806511
-13.612723	0.032226563	4.2834954
5.0113654	0.041992188	4.298336
40.261189	0.051757813	4.3389201
32.708244	0.061523438	4.4091778
38.963886	0.071289063	4.5083795
48.849979	0.081054688	4.6361561
33.170872	0.090820313	4.789711
46.909363	0.10058594	4.9624557
37.648243	0.11035156	5.1530595
46.459381	0.12011719	5.3560004
32.761902	0.12988281	5.5653853
38.56023	0.13964844	5.7744226
34.896835	0.14941406	5.982204
32.695755	0.15917969	6.1798873
34.69241	0.16894531	6.3647146
19.865011	0.17871094	6.5343428
25.943119	0.18847656	6.6797166
14.70755	0.19824219	6.8027782
9.6237288	0.20800781	6.8999944
11.480623	0.21777344	6.9687524
-14.654185	0.22753906	7.0085754
-69.962936	0.23730469	6.9856982
-117.65146	0.24707031	6.834341
-122.25137	0.25683594	6.5184178
-132.74785	0.26660156	6.0195494
-140.93892	0.27636719	5.3636975
-126.34456	0.28613281	4.5783587
-145.48065	0.29589844	3.6934402
-130.39944	0.30566406	2.7262447
-132.82567	0.31542969	1.6989235
-138.26411	0.32519531	0.63560337
-125.87438	0.33496094	-0.44359332
-124.19509	0.34472656	-1.5099593
-68.032013	0.35449219	-2.5406911
-118.81123	0.36425781	-3.5088625
-47.771469	0.37402344	-4.3932009
-71.555786	0.38378906	-5.1706367
-45.645027	0.39355469	-5.8271794
-60.11409	0.40332031	-6.3438182
-17.97612	0.41308594	-6.7173724
-6.5521688	0.42285156	-6.946384
2.8787181	0.43261719	-7.0361686
89.219498	0.44238281	-6.990263
124.62086	0.45214844	-6.7643032
122.48529	0.46191406	-6.3487668
125.68633	0.47167969	-5.7787013
158.41953	0.48144531	-5.0491705
110.00587	0.49121094	-4.2080016
144.27391	0.50097656	-3.2761397
104.89975	0.51074219	-2.2686675
131.98395	0.52050781	-1.2177349
117.09792	0.53027344	-0.1400602
95.123451	0.54003906	0.93550748
132.3055	0.54980469	1.9895846
64.779106	0.55957031	2.9978323
91.183807	0.56933594	3.9271693
42.351326	0.57910156	4.751152
25.620493	0.58886719	5.4688911
16.658026	0.59863281	6.0437427
13.259641	0.60839844	6.5003366
-32.400829	0.61816406	6.8129826
-9.9957924	0.62792969	6.9651499
-62.758408	0.63769531	6.9758229
-121.87582	0.64746094	6.8365703
-123.82345	0.65722656	6.5183601
-137.74913	0.66699219	6.0168924
-131.83908	0.67675781	5.3527412
-126.93954	0.68652344	4.5596533
-168.07643	0.69628906	3.6684318
-130.94402	0.70605469	2.6950593
-180.81088	0.71582031	1.6648146
-129.80382	0.72558594	0.59301287
-126.96177	0.73535156	-0.48791608
-125.29755	0.74511719	-1.554397
-107.27552	0.75488281	-2.5830693
-76.683273	0.76464844	-3.5507891
-74.114304	0.77441406	-4.4308357
-41.242935	0.78417969	-5.207406
-40.880508	0.79394531	-5.8551283
-50.770317	0.80371094	-6.362021
-16.944275	0.81347656	-6.7265739
-11.099642	0.82324219	-6.949152
14.231814	0.83300781	-7.0302582
83.162666	0.84277344	-6.9727554
123.32719	0.85253906	-6.732408
118.91098	0.86230469	-6.3130503
116.1989	0.87207031	-5.7388601
149.97334	0.88183594	-5.0185947
118.70712	0.89160156	-4.1755505
133.92863	0.90136719	-3.227062
106.12344	0.91113281	-2.2120697
124.29543	0.92089844	-1.1566054
132.50319	0.93066406	-0.080221146
80.185905	0.94042969	1.0015063
148.19371	0.95019531	2.0520928
52.484196	0.95996094	3.0550122
101.06911	0.96972656	3.9803698
23.311237	0.97949219	4.8108573
21.288387	0.98925781	5.5233302
15.635712	0.99902344	6.0852437
10.547181	1.0087891	6.5321479
-36.285435	1.0185547	6.8336244
-9.0611277	1.0283203	6.9770236
-67.263405	1.0380859	6.9798617
-120.51392	1.0478516	6.8334246
-123.72426	1.0576172	6.5086193
-136.86507	1.0673828	6.0002594
-131.44179	1.0771484	5.3363991
-128.41762	1.0869141	4.546526
-175.96783	1.0966797	3.6553338
-130.87558	1.1064453	2.6704102
-160.55193	1.1162109	1.6283258
-130.37646	1.1259766	0.55389202
-128.4194	1.1357422	-0.52581513
-125.2379	1.1455078	-1.5910048
-89.473427	1.1552734	-2.6178164
-94.2967	1.1650391	-3.5825381
-58.108742	1.1748047	-4.4590878
-47.864555	1.1845703	-5.2312565
-36.274887	1.1943359	-5.8744802
-49.40239	1.2041016	-6.3740306
-15.409348	1.2138672	-6.7317128
-10.531722	1.2236328	-6.9474683
12.603972	1.2333984	-7.0239325
89.223602	1.2431641	-6.9600067
118.22744	1.2529297	-6.7106543
122.23444	1.2626953	-6.2843642
111.03135	1.2724609	-5.7043991
154.427	1.2822266	-4.979959
103.19337	1.2919922	-4.1367602
154.61041	1.3017578	-3.1970642
97.713364	1.3115234	-2.169862
122.12503	1.3212891	-1.108325
131.54111	1.3310547	-0.031924341
81.85556	1.3408203	1.0521827
143.33167	1.3505859	2.1016037
48.490761	1.3603516	3.1027262
105.59247	1.3701172	4.021101
24.957506	1.3798828	4.8459253
25.503792	1.3896484	5.54738
19.636036	1.3994141	6.1089754
5.1798649	1.4091797	6.550385
-31.530451	1.4189453	6.847898
-11.209875	1.4287109	6.9845972
-71.245682	1.4384766	6.9822536
-122.13538	1.4482422	6.8297162
-123.15231	1.4580078	6.4969492
-131.9032	1.4677734	5.9815145
-144.86162	1.4775391	5.3121939
-130.3947	1.4873047	4.5169263
-216.49782	1.4970703	3.6225412
-128.62332	1.5068359	2.6358385
-205.4104	1.5166016	1.5914569
-128.84729	1.5263672	0.51651251
-128.33325	1.5361328	-0.56499755
-124.51762	1.5458984	-1.6295631
-42.394375	1.5556641	-2.655483
-117.19485	1.5654297	-3.612535
-49.601868	1.5751953	-4.4853306
-50.565777	1.5849609	-5.2513418
-34.266315	1.5947266	-5.8924117
-49.556293	1.6044922	-6.38626
-14.928577	1.6142578	-6.7366843
-9.6803532	1.6240234	-6.9478593
15.649939	1.6337891	-7.0205398
91.421852	1.6435547	-6.9493332
111.31502	1.6533203	-6.6904573
121.55917	1.6630859	-6.2601237
109.90441	1.6728516	-5.6728878
159.53401	1.6826172	-4.9432979
105.2505	1.6923828	-4.0927143
151.56004	1.7021484	-3.1518962
109.64032	1.7119141	-2.1232178
125.25191	1.7216797	-1.0618684
143.61681	1.7314453	0.016044453
71.252022	1.7412109	1.093528
145.00595	1.7509766	2.142554
48.792118	1.7607422	3.1446362
104.80627	1.7705078	4.0591836
20.535734	1.7802734	4.8793578
18.675293	1.7900391	5.5762172
26.208168	1.7998047	6.1352329
3.6560814	1.8095703	6.570528
-30.786394	1.8193359	6.8608212
-12.024655	1.8291016	6.992178
-76.474556	1.8388672	6.9847732
-121.56243	1.8486328	6.8232055
-123.57108	1.8583984	6.4838915
-138.39322	1.8681641	5.9619293
-131.57547	1.8779297	5.2856436
-128.70035	1.8876953	4.4850411
-230.75192	1.8974609	3.587966
-127.90774	1.9072266	2.5998492
-175.42043	1.9169922	1.5530472
-129.61745	1.9267578	0.47779119
-126.73572	1.9365234	-0.60367256
-122.40439	1.9462891	-1.6676425
-43.973106	1.9560547	-2.6923995
-121.38033	1.9658203	-3.6478229
-47.457684	1.9755859	-4.5174961
-56.462444	1.9853516	-5.2759051
-28.024626	1.9951172	-5.9108009
-53.973064	2.0048828	-6.4003325
-14.59925	2.0146484	-6.7445078
-7.4511275	2.0244141	-6.9492002
10.964018	2.0341797	-7.0154614
103.12036	2.0439453	-6.9382448
114.10793	2.0537109	-6.6729112
128.52412	2.0634766	-6.2355218
100.69013	2.0732422	-5.6446037
159.46127	2.0830078	-4.9062362
107.08182	2.0927734	-4.0493717
146.25104	2.1025391	-3.1053491
113.29247	2.1123047	-2.0785666
118.83431	2.1220703	-1.0150249
123.41376	2.1318359	0.067738816
83.325378	2.1416016	1.1398686
117.08549	2.1513672	2.1877794
54.358948	2.1611328	3.1848156
82.061188	2.1708984	4.0984225
25.944429	2.1806641	4.9126229
16.118778	2.1904297	5.6037107
20.909712	2.2001953	6.1579475
3.8528466	2.2099609	6.5906959
-41.096054	2.2197266	6.8741226
-12.903567	2.2294922	6.998075
-76.990013	2.2392578	6.9863443
-122.15026	2.2490234	6.8174033
-123.73558	2.2587891	6.4685163
-138.17915	2.2685547	5.9374061
-130.40625	2.2783203	5.2587113
-129.11115	2.2880859	4.4538703
-198.4892	2.2978516	3.5494039
-131.46013	2.3076172	2.5597067
-197.70082	2.3173828	1.5143808
-129.55643	2.3271484	0.43546465
-127.6889	2.3369141	-0.64326906
-123.48752	2.3466797	-1.7068758
-39.494049	2.3564453	-2.7309968
-122.43001	2.3662109	-3.6818671
-38.719746	2.3759766	-4.5465202
-64.008881	2.3857422	-5.3026681
-25.080587	2.3955078	-5.9326448
-55.910843	2.4052734	-6.4133544
-13.507425	2.4150391	-6.7540712
-10.189903	2.4248047	-6.9525456
14.515198	2.4345703	-7.0138445
104.52728	2.4443359	-6.9296598
110.0369	2.4541016	-6.6566229
131.86975	2.4638672	-6.212029
99.142891	2.4736328	-5.6140189
166.37604	2.4833984	-4.8693619
104.4412	2.4931641	-4.0127745
148.29767	2.5029297	-3.0612161
106.07153	2.5126953	-2.0347517
116.76125	2.5224609	-0.96895164
126.22793	2.5322266	0.10850579
83.533478	2.5419922	1.1889801
129.25069	2.5517578	2.2341754
53.858921	2.5615234	3.2258334
92.054047	2.5712891	4.1362333
24.442484	2.5810547	4.9494834
10.762317	2.5908203	5.6368713
26.204954	2.6005859	6.1792655
3.2327371	2.6103516	6.6067972
-45.007664	2.6201172	6.8842969
-13.550965	2.6298828	7.0015731
-83.338242	2.6396484	6.9833326
-121.66732	2.6494141	6.8092232
-124.18745	2.6591797	6.4523149
-153.99239	2.6689453	5.9165788
-130.33159	2.6787109	5.2297654
-128.29277	2.6884766	4.4205899
-211.32762	2.6982422	3.5140648
-130.14265	2.7080078	2.5168476
-170.9752	2.7177734	1.4696175
-130.99477	2.7275391	0.39435774
-126.71027	2.7373047	-0.68568259
-122.3239	2.7470703	-1.7475593
-29.409979	2.7568359	-2.7667055
-122.47486	2.7666016	-3.7145271
-37.303391	2.7763672	-4.5774121
-81.138359	2.7861328	-5.3270974
-22.343836	2.7958984	-5.9539294
-69.871315	2.8056641	-6.4287715
-13.145654	2.8154297	-6.7616587
-8.0954285	2.8251953	-6.9575858
13.071164	2.8349609	-7.0122719
116.72254	2.8447266	-6.9206257
106.81252	2.8544922	-6.6401367
133.33449	2.8642578	-6.189878
96.534805	2.8740234	-5.5853367
162.08322	2.8837891	-4.8359222
104.61298	2.8935547	-3.9766426
151.03952	2.9033203	-3.020215
120.70119	2.9130859	-1.9888393
115.10596	2.9228516	-0.92351872
127.06786	2.9326172	0.15724358
89.51368	2.9423828	1.2322793
116.73211	2.9521484	2.2739
57.612774	2.9619141	3.2653143
88.546555	2.9716797	4.1707859
26.043329	2.9814453	4.9771743
23.290352	2.9912109	5.6559076
16.721453	3.0009766	6.2013688
2.151844	3.0107422	6.6198874
-37.672546	3.0205078	6.8908405
-13.064896	3.0302734	7.0028591
-87.651154	3.0400391	6.9810505
-121.96518	3.0498047	6.79847
-124.3838	3.0595703	6.4343314
-166.01274	3.0693359	5.8923192
-131.24872	3.0791016	5.2013135
-128.54182	3.0888672	4.3878198
-213.2718	3.0986328	3.476078
-128.59129	3.1083984	2.4724097
-184.93234	3.1181641	1.4281149
-130.57939	3.1279297	0.35089302
-127.41177	3.1376953	-0.72685117
-124.20675	3.1474609	-1.7857383
-54.287395	3.1572266	-2.8035617
-116.40493	3.1669922	-3.7524524
-48.700977	3.1767578	-4.608727
-56.577763	3.1865234	-5.3566189
-32.241596	3.1962891	-5.9737773
-49.985714	3.2060547	-6.4454346
-15.404774	3.2158203	-6.7721343
4.1252236	3.2255859	-6.9610095
7.6079044	3.2353516	-7.0091386
117.96523	3.2451172	-6.9131269
102.94527	3.2548828	-6.623879
139.19667	3.2646484	-6.1666174
98.317238	3.2744141	-5.5553527
164.83275	3.2841797	-4.8068604
97.385948	3.2939453	-3.9400189
162.86095	3.3037109	-2.9780107
92.207985	3.3134766	-1.9426774
122.61143	3.3232422	-0.87917286
118.0954	3.3330078	0.19976795
94.290695	3.3427734	1.2757003
112.54039	3.3525391	2.3169699
58.347794	3.3623047	3.3035803
82.724434	3.3720703	4.2074933
21.763535	3.3818359	5.0106983
15.801389	3.3916016	5.6849313
23.183983	3.4013672	6.2198515
1.553353	3.4111328	6.6351519
-48.738438	3.4208984	6.900805
-10.401605	3.4306641	7.0059791
-94.02697	3.4404297	6.9795003
-121.84781	3.4501953	6.7890229
-124.04598	3.4599609	6.4171371
-148.10365	3.4697266	5.8677483
-130.29097	3.4794922	5.1727095
-129.35832	3.4892578	4.3544331
-213.39865	3.4990234	3.4392934
-128.38971	3.5087891	2.4354451
-173.76109	3.5185547	1.3849599
-129.50928	3.5283203	0.30850834
-126.81334	3.5380859	-0.76907378
-120.77457	3.5478516	-1.8269746
-38.209743	3.5576172	-2.8457351
-119.35834	3.5673828	-3.7857163
-39.888626	3.5771484	-4.6407385
-65.452942	3.5869141	-5.381052
-15.351013	3.5966797	-5.992321
-56.675777	3.6064453	-6.4577765
-8.6610098	3.6162109	-6.7807508
-5.5169454	3.6259766	-6.9648762
13.457932	3.6357422	-7.007606
122.46536	3.6455078	-6.9051466
95.187843	3.6552734	-6.6078477
138.67085	3.6650391	-6.1449771
92.319565	3.6748047	-5.529542
157.91156	3.6845703	-4.7699528
107.60838	3.6943359	-3.8999949
161.81653	3.7041016	-2.9359679
98.435562	3.7138672	-1.9003134
124.36348	3.7236328	-0.83493918
118.03156	3.7333984	0.24639535
81.513962	3.7431641	1.3177088
126.32622	3.7529297	2.3539121
43.538918	3.7626953	3.3429203
85.687645	3.7724609	4.240984
20.980478	3.7822266	5.0427527
9.3729124	3.7919922	5.7103
26.23115	3.8017578	6.2377462
1.7414335	3.8115234	6.6480837
-49.280571	3.8212891	6.9086804
-12.368569	3.8310547	7.0068202
-96.894463	3.8408203	6.9754014
-122.25745	3.8505859	6.7759171
-123.9081	3.8603516	6.3981104
-152.629	3.8701172	5.8437238
-130.73973	3.8798828	5.1403599
-129.35414	3.8896484	4.3187075
-206.41501	3.8994141	3.4017985
-130.38721	3.9091797	2.3937349
-189.57483	3.9189453	1.3453548
-130.10323	3.9287109	0.2663537
-128.29376	3.9384766	-0.8133176
-123.27499	3.9482422	-1.8702744
-39.0079	3.9580078	-2.8839622
-121.52974	3.9677734	-3.8224316
-43.225815	3.9775391	-4.6731205
-61.211468	3.9873047	-5.4086461
-19.00947	3.9970703	-6.0149012
-57.021191	4.0068359	-6.4734621
-7.034163	4.0166016	-6.7910037
-6.5659404	4.0263672	-6.9688945
19.30477	4.0361328	-7.0078864
121.56118	4.0458984	-6.8960824
96.0215	4.0556641	-6.5932722
142.12256	4.0654297	-6.1228228
92.380714	4.0751953	-5.4995217
157.19623	4.0849609	-4.7371016
102.63695	4.0947266	-3.8622096
163.52699	4.1044922	-2.8946402
93.120468	4.1142578	-1.8563206
122.30696	4.1240234	-0.79108113
113.59328	4.1337891	0.28914696
93.897316	4.1435547	1.3631822
107.62557	4.1533203	2.3990042
56.261272	4.1630859	3.3817885
71.165558	4.1728516	4.2762694
27.705061	4.1826172	5.0721793
4.468451	4.1923828	5.7352533
33.4981	4.2021484	6.2586198
-0.6881659	4.2119141	6.6634588
-46.999729	4.2216797	6.9153371
-15.094608	4.2314453	7.0087352
-95.916832	4.2412109	6.9703565
-121.97794	4.2509766	6.7666469
-123.05228	4.2607422	6.3796911
-133.57747	4.2705078	5.8167048
-139.95052	4.2802734	5.1106296
-131.6073	4.2900391	4.2837858
-180.97852	4.2998047	3.3622699
-129.64725	4.3095703	2.352493
-168.0006	4.3193359	1.3013783
-129.51944	4.3291016	0.22283821
-129.36023	4.3388672	-0.85560709
-121.88122	4.3486328	-1.9118282
-12.64445	4.3583984	-2.9242287
-122.10989	4.3681641	-3.8576379
-30.093361	4.3779297	-4.705534
-71.101028	4.3876953	-5.4355388
-14.391645	4.3974609	-6.0344396
-58.30418	4.4072266	-6.4878449
-0.30772063	4.4169922	-6.8008122
-5.4894481	4.4267578	-6.9729238
21.810394	4.4365234	-7.0049591
124.49153	4.4462891	-6.8869462
98.408943	4.4560547	-6.5750995
132.82823	4.4658203	-6.1000876
98.312614	4.4755859	-5.4711804
150.51976	4.4853516	-4.7024708
106.55831	4.4951172	-3.8258722
157.29536	4.5048828	-2.8538778
94.198387	4.5146484	-1.8142688
112.32987	4.5244141	-0.75088972
122.82704	4.5341797	0.32887262
83.092842	4.5439453	1.4041134
109.56354	4.5537109	2.4372146
56.720798	4.5634766	3.4185684
75.853821	4.5732422	4.3121905
18.088146	4.5830078	5.1018729
16.860296	4.5927734	5.7561259
29.668522	4.6025391	6.2790599
-3.1955423	4.6123047	6.6787119
-40.829567	4.6220703	6.9233327
-20.51416	4.6318359	7.0109892
-95.818581	4.6416016	6.9660659
-122.55704	4.6513672	6.7546268
-124.7232	4.6611328	6.3593469
-186.93893	4.6708984	5.7921057
-129.67732	4.6806641	5.0804133
-129.64301	4.6904297	4.2480931
-217.02454	4.7001953	3.3257344
-127.15155	4.7099609	2.3123925
-201.7357	4.7197266	1.2603511
-128.54872	4.7294922	0.17954352
-126.13074	4.7392578	-0.89904845
-121.06171	4.7490234	-1.9521317
-30.213081	4.7587891	-2.9613461
-120.28519	4.7685547	-3.8939834
-44.011917	4.7783203	-4.7359252
-67.549339	4.7880859	-5.4628215
-18.97847	4.7978516	-6.0544796
-52.411926	4.8076172	-6.5049825
-4.4781017	4.8173828	-6.8100219
-1.9264873	4.8271484	-6.9760818
23.686199	4.8369141	-7.0037131
131.17157	4.8466797	-6.8774333
94.933273	4.8564453	-6.5598874
141.33545	4.8662109	-6.0776768
97.010391	4.8759766	-5.4416199
157.15318	4.8857422	-4.6683235
112.77098	4.8955078	-3.7879243
153.77635	4.9052734	-2.8122194
101.39995	4.9150391	-1.771387
114.23656	4.9248047	-0.70696241
107.44244	4.9345703	0.37818056
106.16169	4.9443359	1.4462658
90.323547	4.9541016	2.4815116
73.015411	4.9638672	3.4562666
62.822132	4.9736328	4.3461699
29.845833	4.9833984	5.1326275
2.225081	4.9931641	5.7830024
30.263956	5.0029297	6.2955456
0.88852829	5.0126953	6.6899052
-50.894962	5.0224609	6.9296007
-15.053596	5.0322266	7.0111732
-104.1812	5.0419922	6.9622169
-122.13852	5.0517578	6.7426319
-123.04018	5.0615234	6.3415346
-135.0139	5.0712891	5.7657456
-136.3985	5.0810547	5.0474505
-130.28725	5.0908203	4.2132106
-191.29219	5.1005859	3.2845726
-129.83623	5.1103516	2.2693157
-187.33638	5.1201172	1.2173622
-129.2355	5.1298828	0.13647097
-126.6031	5.1396484	-0.93937415
-120.13436	5.1494141	-1.9928026
-50.45771	5.1591797	-3.0003424
-96.575485	5.1689453	-3.9291065
-45.702793	5.1787109	-4.7670798
-58.397079	5.1884766	-5.4874187
-28.298494	5.1982422	-6.0759149
-46.880192	5.2080078	-6.5191698
-13.374305	5.2177734	-6.8174877
5.5200186	5.2275391	-6.9794259
20.378771	5.2373047	-7.0007057
142.81403	5.2470703	-6.8685651
86.034332	5.2568359	-6.5424075
144.79515	5.2666016	-6.0561032
97.44545	5.2763672	-5.414844
151.20665	5.2861328	-4.6351171
111.4042	5.2958984	-3.7497091
146.72559	5.3056641	-2.7697439
111.12496	5.3154297	-1.7305925
100.00913	5.3251953	-0.66166359
121.32547	5.3349609	0.4148798
92.948097	5.3447266	1.4896258
84.747993	5.3544922	2.5205681
69.289429	5.3642578	3.4950504
56.360767	5.3740234	4.3796391
23.211847	5.3837891	5.1608653
8.6845255	5.3935547	5.801352
29.56242	5.4033203	6.3147006
-11.326967	5.4130859	6.7021718
-32.076485	5.4228516	6.9334106
-30.578032	5.4326172	7.0124583
-99.440536	5.4423828	6.9568071
-122.22162	5.4521484	6.7302051
-125.2225	5.4619141	6.323257
-208.34967	5.4716797	5.7421508
-129.10948	5.4814453	5.0172539
-127.99093	5.4912109	4.1794796
-215.33388	5.5009766	3.2464139
-128.31177	5.5107422	2.2261679
-132.95418	5.5205078	1.1720675
-130.2879	5.5302734	0.093424782
-128.66174	5.5400391	-0.98485786
-120.52332	5.5498047	-2.0355637
-42.749104	5.5595703	-3.0391614
-117.23234	5.5693359	-3.9633851
-32.008312	5.5791016	-4.799602
-74.595001	5.5888672	-5.5127382
-16.101637	5.5986328	-6.0973606
-59.830212	5.6083984	-6.5323687
-0.92044938	5.6181641	-6.8276634
1.5673227	5.6279297	-6.9842429
27.544291	5.6376953	-6.9996171
136.3976	5.6474609	-6.8593545
97.376572	5.6572266	-6.5258713
141.36763	5.6669922	-6.0316381
101.11624	5.6767578	-5.3832507
147.78253	5.6865234	-4.6039214
109.38838	5.6962891	-3.7145886
138.89955	5.7060547	-2.728951
99.82016	5.7158203	-1.686469
114.29143	5.7255859	-0.6182977
104.35479	5.7353516	0.46402699
111.8153	5.7451172	1.5322787
79.964203	5.7548828	2.5619302
71.762695	5.7646484	3.5316408
48.167503	5.7744141	4.4140124
25.749451	5.7841797	5.1907268
3.058964	5.7939453	5.828455
35.347271	5.8037109	6.3360157
-9.2015247	5.8134766	6.715116
-35.823719	5.8232422	6.9409394
-25.564142	5.8330078	7.0112071
-101.82547	5.8427734	6.9508071
-122.01747	5.8525391	6.7158818
-126.43802	5.8623047	6.300849
-184.9229	5.8720703	5.7147732
-129.88797	5.8818359	4.9859571
-130.09612	5.8916016	4.1431389
-211.47122	5.9013672	3.208143
-127.67426	5.9111328	2.1859179
-184.93541	5.9208984	1.1318928
-128.50089	5.9306641	0.0508192
-126.70265	5.9404297	-1.0272449
-99.030312	5.9501953	-2.0783679
-89.367088	5.9599609	-3.07778
-65.775749	5.9697266	-4.0002732
-57.627388	5.9794922	-4.8281989
-48.499111	5.9892578	-5.5402203
-17.950054	5.9990234	-6.1172724
-45.70639	6.0087891	-6.547884
1.5162048	6.0185547	-6.8358002
0.70709503	6.0283203	-6.9866695
32.938854	6.0380859	-6.9977403
141.06219	6.0478516	-6.8502359
86.462059	6.0576172	-6.5091996
141.70425	6.0673828	-6.0084767
99.303734	6.0771484	-5.3536625
142.48929	6.0869141	-4.5679998
110.45081	6.0966797	-3.6769109
129.02782	6.1064453	-2.6882405
115.06558	6.1162109	-1.6447318
108.47672	6.1259766	-0.57389784
104.52387	6.1357422	0.50552309
104.65282	6.1455078	1.5742234
70.781296	6.1552734	2.6007848
78.28875	6.1650391	3.5658727
47.173252	6.1748047	4.4460182
29.837648	6.1845703	5.2185631
1.9476399	6.1943359	5.8480067
29.283762	6.2041016	6.3491468
-11.105602	6.2138672	6.7271161
-28.577389	6.2236328	6.9462161
-33.475552	6.2333984	7.0132957
-107.59268	6.2431641	6.9453125
-122.19375	6.2529297	6.7040453
-125.29458	6.2626953	6.2827449
-168.17125	6.2724609	5.6882663
-130.89442	6.2822266	4.9529734
-129.97627	6.2919922	4.1072388
-196.18924	6.3017578	3.1665199
-128.35152	6.3115234	2.1435578
-191.65013	6.3212891	1.0877556
-129.95718	6.3310547	0.0065854751
-126.95423	6.3408203	-1.0694067
-119.51054	6.3505859	-2.1190591
-48.564968	6.3603516	-3.1188312
-98.094757	6.3701172	-4.0343323
-42.124767	6.3798828	-4.8595896
-57.574665	6.3896484	-5.5629244
-26.896177	6.3994141	-6.1361566
-40.174587	6.4091797	-6.5619631
-0.63534826	6.4189453	-6.8445415
4.4965186	6.4287109	-6.9894662
35.59964	6.4384766	-6.9949803
140.18973	6.4482422	-6.8390703
88.034058	6.4580078	-6.493175
141.18231	6.4677734	-5.9860706
113.15907	6.4775391	-5.3263278
142.15042	6.4873047	-4.5354371
114.03993	6.4970703	-3.6372771
123.18752	6.5068359	-2.6468921
113.1426	6.5166016	-1.6002649
108.84918	6.5263672	-0.5308603
115.4554	6.5361328	0.54735208
88.127335	6.5458984	1.6193503
93.785103	6.5556641	2.642364
57.264931	6.5654297	3.6053393
62.969849	6.5751953	4.4781108
16.745663	6.5849609	5.2465129
2.608227	6.5947266	5.8736753
28.607435	6.6044922	6.3692274
-12.777803	6.6142578	6.7380304
-36.292686	6.6240234	6.9515734
-26.560062	6.6337891	7.0117092
-107.70942	6.6435547	6.9401407
-123.03201	6.6533203	6.6915684
-126.60645	6.6630859	6.258853
-212.84013	6.6728516	5.6624408
-129.56343	6.6826172	4.9212551
-129.82274	6.6923828	4.0713844
-215.85257	6.7021484	3.1279676
-126.32775	6.7119141	2.1017158
-166.06258	6.7216797	1.0438172
-129.89845	6.7314453	-0.037461333
-126.86184	6.7412109	-1.1130391
-116.33939	6.7509766	-2.1583486
-75.697525	6.7607422	-3.1556952
-89.98999	6.7705078	-4.0692129
-42.447529	6.7802734	-4.8907285
-65.010788	6.7900391	-5.5927501
-16.588636	6.7998047	-6.1567588
-52.19788	6.8095703	-6.5741816
1.9027153	6.8193359	-6.8532629
2.3676548	6.8291016	-6.9920406
39.469242	6.8388672	-6.9933043
145.24666	6.8486328	-6.8293519
94.905449	6.8583984	-6.4753137
138.78468	6.8681641	-5.9603295
110.46221	6.8779297	-5.2948136
125.73048	6.8876953	-4.4986911
129.03616	6.8974609	-3.6023123
108.27853	6.9072266	-2.6043992
119.26736	6.9169922	-1.5617459
107.03048	6.9267578	-0.49030435
93.056236	6.9365234	0.59148103
127.35616	6.9462891	1.6572876
52.53952	6.9560547	2.6821854
92.119781	6.9658203	3.6411872
36.496742	6.9755859	4.5133834
32.352161	6.9853516	5.2748709
0.21595043	6.9951172	5.8945651
35.185368	7.0048828	6.3862915
-13.089005	7.0146484	6.7501845
-29.722181	7.0244141	6.958128
-39.743492	7.0341797	7.0133119
-107.98375	7.0439453	6.9312215
-121.54575	7.0537109	6.6765184
-126.15842	7.0634766	6.2387037
-218.93712	7.0732422	5.6354294
-129.04222	7.0830078	4.8892674
-130.09663	7.0927734	4.0356174
-217.56868	7.1025391	3.0891461
-129.38367	7.1123047	2.0611913
-155.59258	7.1220703	1.0022355
-130.17448	7.1318359	-0.079767868
-127.37083	7.1416016	-1.1550556
-96.034714	7.1513672	-2.1995494
-95.507561	7.1611328	-3.1929593
-75.940308	7.1708984	-4.1038394
-44.769119	7.1806641	-4.9207282
-54.40733	7.1904297	-5.6167827
-18.881704	7.2001953	-6.1771741
-41.331516	7.2099609	-6.5900564
-1.4698948	7.2197266	-6.8618937
4.6995935	7.2294922	-6.9959588
45.750763	7.2392578	-6.9900942
141.45735	7.2490234	-6.8179951
86.271286	7.2587891	-6.4578443
136.36931	7.2685547	-5.9386215
108.72857	7.2783203	-5.2660775
127.78148	7.2880859	-4.4654732
130.04941	7.2978516	-3.5618751
104.03223	7.3076172	-2.5627854
121.75541	7.3173828	-1.5182749
97.681007	7.3271484	-0.44517639
111.82292	7.3369141	0.63546139
99.472336	7.3466797	1.7018558
70.69561	7.3564453	2.7240028
78.395668	7.3662109	3.6787758
38.898716	7.3759766	4.5450139
26.817858	7.3857422	5.3028474
-0.12342352	7.3955078	5.9167023
31.737808	7.4052734	6.4041266
-17.789181	7.4150391	6.763267
-22.410311	7.4248047	6.9618392
-40.131107	7.4345703	7.0117006
-104.70507	7.4443359	6.9258056
-122.05415	7.4541016	6.6638565
-127.17039	7.4638672	6.217176
-209.07297	7.4736328	5.606853
-129.44754	7.4833984	4.8562369
-129.36288	7.4931641	3.9984081
-219.9424	7.5029297	3.0460486
-127.32594	7.5126953	2.0174837
-147.24146	7.5224609	0.95870447
-130.74554	7.5322266	-0.12339698
-125.34743	7.5419922	-1.1973296
-36.716553	7.5517578	-2.2427771
-123.01389	7.5615234	-3.2297308
-41.697765	7.5712891	-4.1406255
-59.620934	7.5810547	-4.9498067
-37.697659	7.5908203	-5.6408305
-30.839931	7.6005859	-6.1949344
-31.269096	7.6103516	-6.6036277
-5.6757827	7.6201172	-6.8698378
3.0882075	7.6298828	-6.9969549
54.913223	7.6396484	-6.9867229
140.62595	7.6494141	-6.8072681
92.943802	7.6591797	-6.4397998
127.01305	7.6689453	-5.9149303
123.19607	7.6787109	-5.2367792
126.50691	7.6884766	-4.4337482
122.02536	7.6982422	-3.5247846
104.73711	7.7080078	-2.5212815
115.63991	7.7177734	-1.4745343
95.960335	7.7275391	-0.40171045
110.38963	7.7373047	0.67532659
93.715919	7.7470703	1.7424884
81.447411	7.7568359	2.7605317
62.301552	7.7666016	3.715781
42.72504	7.7763672	4.5782795
-96.584473	7.7861328	5.2926817
-123.79684	7.7958984	5.5788608
129.89967	7.8056641	5.6627469
-72.365585	7.8154297	5.7038836
3.1910837	7.8251953	5.7160401
-8.8827572	7.8349609	5.7212591
-11.211086	7.8447266	5.7216625
-9.9108438	7.8544922	5.7203627
-16.50094	7.8642578	5.7205462
-5.5660496	7.8740234	5.7194896
-14.472322	7.8837891	5.7184968
-14.572927	7.8935547	5.7167897
-10.695727	7.9033203	5.7160988
-13.965264	7.9130859	5.7156715
-15.897188	7.9228516	5.7152433
-11.868856	7.9326172	5.7147007
-16.62369	7.9423828	5.7142391
-15.605497	7.9521484	5.7128844
-14.66429	7.9619141	5.712625
-19.63335	7.9716797	5.7122021
-16.542606	7.9814453	5.7118635
-18.425648	7.9912109	5.7100258
-17.952232	8.0009766	5.7101412
-16.404886	8.0107422	5.7098575
-17.260841	8.0205078	5.7093706
-16.583782	8.0302734	5.7082014
-17.869089	8.0400391	5.708971
-19.548252	8.0498047	5.708097
-20.807259	8.0595703	5.7064209
-19.959465	8.0693359	5.7071633
-19.331835	8.0791016	5.7063155
-21.413212	8.0888672	5.7039495
-19.40024	8.0986328	5.7047896
-19.563154	8.1083984	5.7039337
-21.721842	8.1181641	5.7042241
-21.388346	8.1279297	5.7025285
-22.28117	8.1376953	5.7024407
-20.996538	8.1474609	5.7019119
-20.672939	8.1572266	5.7021031
-20.377396	8.1669922	5.7016163
-19.512407	8.1767578	5.7020321
-20.90044	8.1865234	5.7015834
-21.145969	8.1962891	5.7012806
-22.318703	8.2060547	5.7010317
-22.650452	8.2158203	5.7001052
-22.431137	8.2255859	5.6988883
-21.655228	8.2353516	5.6984286
-21.949619	8.2451172	5.6983848
-24.121731	8.2548828	5.698153
-22.422207	8.2646484	5.6973815
-22.491394	8.2744141	5.6965642
