MTS793|MPT|ENU|1|2|.|/|:|1|0|0|A

Data Acquisition						Time:	8.7626953	s	4/10/2018 12:15:26 PM
Axial Force	Running Time	Axial Displacement
N	s	mm
-3.2229466	0.012695313	4.9580798
-1.8907478	0.022460938	4.959394
-2.6677153	0.032226563	4.9590511
-2.3989239	0.041992188	4.9583597
-3.5433447	0.051757813	4.9585447
3.4898055	0.061523438	4.9605207
17.493341	0.071289063	4.9635367
21.473488	0.081054688	4.9705968
21.793152	0.090820313	4.9815311
22.498384	0.10058594	4.9974484
24.740398	0.11035156	5.016212
26.315073	0.12011719	5.0391393
44.715271	0.12988281	5.0654516
27.34955	0.13964844	5.0966368
19.169558	0.14941406	5.1298723
47.248516	0.15917969	5.166666
39.285515	0.16894531	5.2060289
25.115891	0.17871094	5.2502708
28.997217	0.18847656	5.294971
50.036163	0.19824219	5.3438411
38.262718	0.20800781	5.3951159
34.797318	0.21777344	5.448307
52.531292	0.22753906	5.5033312
51.89529	0.23730469	5.5603371
29.896683	0.24707031	5.6197481
55.398987	0.25683594	5.6791768
60.376884	0.26660156	5.7408886
33.553585	0.27636719	5.802949
61.062485	0.28613281	5.8661089
41.712418	0.29589844	5.9293642
40.843197	0.30566406	5.9935732
64.734642	0.31542969	6.0565934
32.786839	0.32519531	6.1197653
54.984001	0.33496094	6.183146
51.176208	0.34472656	6.2434688
31.018206	0.35449219	6.3057199
55.44873	0.36425781	6.3649788
40.309277	0.37402344	6.4249382
29.116264	0.38378906	6.4815598
53.837193	0.39355469	6.5362916
31.888828	0.40332031	6.5901475
18.750673	0.41308594	6.6407485
50.09626	0.42285156	6.6874995
29.043621	0.43261719	6.7329211
13.041647	0.44238281	6.7774162
34.226086	0.45214844	6.8161054
37.551163	0.46191406	6.8532066
24.906364	0.47167969	6.8863077
17.098042	0.48144531	6.916626
16.104326	0.49121094	6.9432335
21.073891	0.50097656	6.96664
26.175537	0.51074219	6.9859071
25.81238	0.52050781	7.0008593
25.187002	0.53027344	7.0135727
20.043396	0.54003906	7.0213571
15.967695	0.54980469	7.0263371
-4.2904286	0.55957031	7.0181026
-5.6004848	0.56933594	6.9904699
-10.417972	0.57910156	6.9372191
-25.46179	0.58886719	6.8578467
-165.45805	0.59863281	6.7533121
-55.347218	0.60839844	6.6115422
-98.555206	0.61816406	6.4491196
-137.74266	0.62792969	6.2604442
-113.09153	0.63769531	6.0483589
-118.4809	0.64746094	5.8158979
-150.7123	0.65722656	5.5667892
-117.23391	0.66699219	5.2907243
-123.26381	0.67675781	4.9978242
-140.17871	0.68652344	4.6806736
-109.18584	0.69628906	4.345222
-156.97728	0.70605469	3.9965525
-118.39091	0.71582031	3.6301866
-166.28741	0.72558594	3.252326
-126.38225	0.73535156	2.8584526
-142.31905	0.74511719	2.4548516
-155.36911	0.75488281	2.0434036
-141.5683	0.76464844	1.6218886
-143.1869	0.77441406	1.1955187
-173.3414	0.78417969	0.76570958
-144.82571	0.79394531	0.33172369
-166.18222	0.80371094	-0.10183305
-142.65891	0.81347656	-0.53562075
-140.1423	0.82324219	-0.96681863
-148.91562	0.83300781	-1.394321
-144.05333	0.84277344	-1.8162773
-154.28525	0.85253906	-2.2321656
-122.50191	0.86230469	-2.6385455
-134.00735	0.87207031	-3.0348868
-114.91012	0.88183594	-3.421721
-137.8325	0.89160156	-3.7937567
-135.06203	0.90136719	-4.1502953
-131.73178	0.91113281	-4.4937358
-99.139801	0.92089844	-4.8182397
-104.05402	0.93066406	-5.1251116
-82.289551	0.94042969	-5.4177418
-86.719749	0.95019531	-5.6836514
-91.661491	0.95996094	-5.9319139
-76.007622	0.96972656	-6.1612606
-77.138237	0.97949219	-6.3684659
-56.035278	0.98925781	-6.5479574
-64.855743	0.99902344	-6.7036076
-35.589489	1.0087891	-6.8337202
-40.719078	1.0185547	-6.9423394
-31.382114	1.0283203	-7.0233779
-23.452042	1.0380859	-7.0809216
-14.441658	1.0478516	-7.1148472
-15.858025	1.0576172	-7.1221099
4.2973666	1.0673828	-7.1040912
9.3255653	1.0771484	-7.0592256
16.234722	1.0869141	-6.9870667
42.020241	1.0966797	-6.8842649
173.49629	1.1064453	-6.7605391
30.331051	1.1162109	-6.5987902
82.778069	1.1259766	-6.4189701
127.31155	1.1357422	-6.2126203
79.799538	1.1455078	-5.978878
96.060181	1.1552734	-5.7252421
117.16816	1.1650391	-5.4505572
82.504471	1.1748047	-5.1517725
119.63287	1.1845703	-4.8362107
136.19279	1.1943359	-4.5024948
130.58101	1.2041016	-4.1518927
142.93604	1.2138672	-3.7861137
114.96888	1.2236328	-3.4062445
120.40151	1.2333984	-3.0146644
127.53113	1.2431641	-2.6130691
123.74251	1.2529297	-2.2005305
149.34515	1.2626953	-1.7822578
116.09937	1.2724609	-1.3559192
116.36149	1.2822266	-0.92468709
128.52032	1.2919922	-0.49220622
128.97075	1.3017578	-0.056375563
131.48357	1.3115234	0.37796199
112.7348	1.3212891	0.81221908
117.26843	1.3310547	1.2420609
125.9502	1.3408203	1.6648307
112.8446	1.3505859	2.0854785
114.29572	1.3603516	2.4954603
128.20583	1.3701172	2.895473
131.31787	1.3798828	3.2835557
99.435883	1.3896484	3.6607728
105.52626	1.3994141	4.0239053
107.44421	1.4091797	4.3694811
92.458481	1.4189453	4.7013206
78.441193	1.4287109	5.0129666
77.587997	1.4384766	5.3056226
85.57914	1.4482422	5.5780249
88.530899	1.4580078	5.830471
77.556519	1.4677734	6.0600953
68.315727	1.4775391	6.2670751
66.862091	1.4873047	6.4503655
42.174976	1.4970703	6.6099987
38.566074	1.5068359	6.7451997
25.633759	1.5166016	6.8571672
16.838715	1.5263672	6.9449501
12.159685	1.5361328	7.0074992
12.019241	1.5458984	7.0458994
-0.86122888	1.5556641	7.0576148
-2.7244213	1.5654297	7.0428925
-8.243928	1.5751953	7.0018544
-16.445667	1.5849609	6.9319768
-184.46234	1.5947266	6.8381801
-57.828438	1.6044922	6.7078156
-67.95974	1.6142578	6.5529032
-131.98376	1.6240234	6.3762083
-107.24335	1.6337891	6.1715231
-104.64548	1.6435547	5.9468851
-143.03336	1.6533203	5.7024941
-137.60767	1.6630859	5.4386511
-110.91875	1.6728516	5.1528559
-148.17929	1.6826172	4.8436446
-100.37394	1.6923828	4.5139179
-150.72839	1.7021484	4.171236
-125.22757	1.7119141	3.8095579
-148.98039	1.7216797	3.43294
-148.88043	1.7314453	3.0466571
-123.73761	1.7412109	2.6462927
-162.40399	1.7509766	2.2372887
-146.40677	1.7607422	1.8204675
-133.19785	1.7705078	1.3954923
-171.95679	1.7802734	0.96781403
-149.60941	1.7900391	0.53371042
-154.18282	1.7998047	0.099803507
-161.91983	1.8095703	-0.33500344
-131.34691	1.8193359	-0.77052414
-143.27943	1.8291016	-1.1984661
-146.78049	1.8388672	-1.6226873
-151.58755	1.8486328	-2.0424976
-144.04166	1.8583984	-2.4548099
-119.88605	1.8681641	-2.857338
-123.36911	1.8779297	-3.2477558
-121.781	1.8876953	-3.6255107
-140.55698	1.8974609	-3.9901302
-125.4939	1.9072266	-4.3396206
-106.77261	1.9169922	-4.6721892
-97.648987	1.9267578	-4.9862118
-96.541763	1.9365234	-5.2836537
-71.84481	1.9462891	-5.5582685
-96.238525	1.9560547	-5.8126745
-78.154587	1.9658203	-6.0523124
-77.524452	1.9755859	-6.2664347
-62.805855	1.9853516	-6.4575806
-48.118225	1.9951172	-6.6217127
-50.365799	2.0048828	-6.7639871
-32.6231	2.0146484	-6.8805842
-29.604172	2.0244141	-6.9701476
-34.936935	2.0341797	-7.0350604
-14.254544	2.0439453	-7.0777402
-2.3430097	2.0537109	-7.0973201
3.0454133	2.0634766	-7.0904942
8.7835131	2.0732422	-7.0552616
14.68219	2.0830078	-6.9932756
23.650175	2.0927734	-6.9045382
195.43781	2.1025391	-6.7927151
37.413185	2.1123047	-6.6415014
56.119564	2.1220703	-6.4717293
141.80257	2.1318359	-6.2776656
70.62516	2.1416016	-6.0543671
95.83828	2.1513672	-5.8086367
115.34379	2.1611328	-5.5416093
82.34005	2.1708984	-5.2511587
112.91809	2.1806641	-4.9443798
128.75581	2.1904297	-4.61694
130.06049	2.2001953	-4.273005
139.74152	2.2099609	-3.9140761
125.71204	2.2197266	-3.5398006
112.59512	2.2294922	-3.1528995
126.65733	2.2392578	-2.7567327
121.30331	2.2490234	-2.3483605
140.16537	2.2587891	-1.9327567
132.59885	2.2685547	-1.508312
107.94309	2.2783203	-1.0794296
124.76633	2.2880859	-0.64735115
128.32565	2.2978516	-0.2124697
129.49281	2.3076172	0.22276342
123.67233	2.3173828	0.65646917
113.41901	2.3271484	1.0859504
123.27147	2.3369141	1.5148594
121.99532	2.3466797	1.9346967
116.48498	2.3564453	2.349402
126.51813	2.3662109	2.7548745
140.50684	2.3759766	3.1466291
111.15134	2.3857422	3.5295532
98.69278	2.3955078	3.8988338
106.19633	2.4052734	4.2499857
109.28726	2.4150391	4.5869365
78.823311	2.4248047	4.9064593
75.180405	2.4345703	5.2078261
88.04985	2.4443359	5.4876552
81.434647	2.4541016	5.7468905
82.146164	2.4638672	5.9861317
68.236397	2.4736328	6.2028332
63.466995	2.4833984	6.3952012
48.455265	2.4931641	6.5647736
31.372261	2.5029297	6.7108765
28.741127	2.5126953	6.830956
24.537079	2.5224609	6.9275246
9.4324932	2.5322266	6.9994254
16.837708	2.5419922	7.0469961
0.13875543	2.5517578	7.0706024
-2.5935354	2.5615234	7.0664959
-6.7955813	2.5712891	7.035728
-12.880657	2.5810547	6.9785342
-119.69781	2.5908203	6.8937912
-119.05651	2.6005859	6.7770853
-30.387043	2.6103516	6.6298885
-126.8477	2.6201172	6.4630346
-99.003777	2.6298828	6.2687888
-104.08627	2.6396484	6.0521407
-123.65682	2.6494141	5.815454
-146.96922	2.6591797	5.5591927
-109.44526	2.6689453	5.2813606
-141.85446	2.6787109	4.9802704
-116.99647	2.6884766	4.6589212
-124.18516	2.6982422	4.3216004
-149.59793	2.7080078	3.9684758
-126.95989	2.7177734	3.5971329
-160.7986	2.7275391	3.2171323
-120.87962	2.7373047	2.8200731
-153.80623	2.7470703	2.4149075
-149.01616	2.7568359	1.9987748
-129.1468	2.7666016	1.5778854
-161.49237	2.7763672	1.1502728
-160.60405	2.7861328	0.71869045
-152.14153	2.7958984	0.28567612
-165.01328	2.8056641	-0.14899373
-146.95869	2.8154297	-0.58424324
-136.66522	2.8251953	-1.0181963
-151.7626	2.8349609	-1.4450073
-145.21297	2.8447266	-1.8675878
-153.49884	2.8544922	-2.2822976
-127.48431	2.8642578	-2.6888385
-124.51936	2.8740234	-3.0849159
-120.94989	2.8837891	-3.467618
-135.74704	2.8935547	-3.8363636
-140.61414	2.9033203	-4.1912737
-122.94888	2.9130859	-4.5314746
-101.1674	2.9228516	-4.8518343
-111.18601	2.9326172	-5.1555858
-72.476418	2.9423828	-5.4410009
-90.163223	2.9521484	-5.7033434
-87.603996	2.9619141	-5.9491816
-70.398315	2.9716797	-6.1747746
-74.294525	2.9814453	-6.3763828
-55.879074	2.9912109	-6.5492063
-57.467548	3.0009766	-6.6977158
-35.310165	3.0107422	-6.8266721
-33.217037	3.0205078	-6.926878
-31.015205	3.0302734	-7.0040836
-28.018259	3.0400391	-7.0557194
-2.1527987	3.0498047	-7.0836291
0.34888509	3.0595703	-7.0859461
7.6882544	3.0693359	-7.062839
12.820529	3.0791016	-7.0122914
20.073914	3.0888672	-6.9334106
164.4463	3.0986328	-6.8307729
79.697693	3.1083984	-6.6950889
23.822859	3.1181641	-6.5338521
135.78426	3.1279297	-6.3508673
81.152687	3.1376953	-6.1377363
89.199966	3.1474609	-5.9017019
110.90238	3.1572266	-5.6430101
94.763222	3.1669922	-5.3627954
102.13026	3.1767578	-5.0620975
121.44461	3.1865234	-4.7425494
136.33337	3.1962891	-4.4043584
135.30563	3.2060547	-4.051414
137.26767	3.2158203	-3.6836357
109.93905	3.2255859	-3.3012538
121.56495	3.2353516	-2.9093413
126.48539	3.2451172	-2.5045128
125.79921	3.2548828	-2.0918622
153.32961	3.2646484	-1.6724601
109.61284	3.2744141	-1.2437985
118.10325	3.2841797	-0.81371069
128.0784	3.2939453	-0.37977248
129.60071	3.3037109	0.055523217
146.38211	3.3134766	0.4908219
101.25157	3.3232422	0.92459172
126.47876	3.3330078	1.3525531
129.14291	3.3427734	1.7757311
109.32588	3.3525391	2.1922872
120.27855	3.3623047	2.6009037
134.62283	3.3720703	2.999197
131.24594	3.3818359	3.3845649
101.14836	3.3916016	3.7599816
100.21611	3.4013672	4.1194663
111.03577	3.4111328	4.460053
84.179726	3.4208984	4.789175
79.477097	3.4306641	5.0963836
83.204674	3.4404297	5.3850098
87.085495	3.4501953	5.6530938
86.072815	3.4599609	5.9004889
77.537338	3.4697266	6.1258807
65.210609	3.4794922	6.3278956
50.886208	3.4892578	6.505476
38.571156	3.4990234	6.6615148
33.925701	3.5087891	6.7914052
32.162582	3.5185547	6.8963275
11.698948	3.5283203	6.9789395
18.535576	3.5380859	7.0380464
0.78118175	3.5478516	7.0700927
-1.9432045	3.5576172	7.0786729
-4.6846108	3.5673828	7.0594115
-9.7388287	3.5771484	7.0109024
-26.301783	3.5869141	6.935905
-176.66418	3.5966797	6.8350658
-40.133099	3.6064453	6.6968007
-98.448059	3.6162109	6.5397964
-136.20154	3.6259766	6.3567147
-108.70277	3.6357422	6.1479492
-106.65616	3.6455078	5.9185581
-154.7341	3.6552734	5.6714101
-122.4707	3.6650391	5.3998575
-120.987	3.6748047	5.1082625
-145.35536	3.6845703	4.7944503
-100.71542	3.6943359	4.4633193
-165.46701	3.7041016	4.1178746
-116.08894	3.7138672	3.7512467
-159.73235	3.7236328	3.3740089
-143.45409	3.7333984	2.9843225
-128.75244	3.7431641	2.5811241
-170.33438	3.7529297	2.1713004
-135.38921	3.7626953	1.7531946
-139.98929	3.7724609	1.3268485
-176.05611	3.7822266	0.89765042
-151.18275	3.7919922	0.4637748
-163.54758	3.8017578	0.028081238
-156.29057	3.8115234	-0.40843934
-143.00429	3.8212891	-0.84146559
-149.80598	3.8310547	-1.2705833
-145.84073	3.8408203	-1.694931
-156.0092	3.8505859	-2.1132588
-145.05174	3.8603516	-2.5238662
-127.79422	3.8701172	-2.9229612
-121.18835	3.8798828	-3.3115282
-134.29984	3.8896484	-3.6857815
-141.60294	3.8994141	-4.046689
-123.3272	3.9091797	-4.3918295
-115.89734	3.9189453	-4.722518
-98.748016	3.9287109	-5.0337806
-84.65799	3.9384766	-5.3259106
-89.528481	3.9482422	-5.5960984
-88.251381	3.9580078	-5.8491974
-72.989944	3.9677734	-6.0817943
-81.164162	3.9775391	-6.2940822
-61.157532	3.9873047	-6.4789505
-48.371101	3.9970703	-6.6385775
-52.028194	4.0068359	-6.7753153
-33.811352	4.0166016	-6.8865628
-26.882605	4.0263672	-6.9715233
-36.706917	4.0361328	-7.0330009
-9.9196796	4.0458984	-7.0709662
-0.47875801	4.0556641	-7.084343
6.449409	4.0654297	-7.0717902
10.309159	4.0751953	-7.0310888
16.848318	4.0849609	-6.9648757
66.366302	4.0947266	-6.8705363
148.66226	4.1044922	-6.750278
18.94409	4.1142578	-6.5967574
105.1058	4.1240234	-6.4228578
111.33789	4.1337891	-6.2209902
77.970627	4.1435547	-5.99335
103.71703	4.1533203	-5.7447925
113.01453	4.1630859	-5.4740472
84.493828	4.1728516	-5.1800327
118.93869	4.1826172	-4.8696098
133.92479	4.1923828	-4.5387983
130.54503	4.2021484	-4.1924043
142.65161	4.2119141	-3.8293183
111.18914	4.2216797	-3.4522846
118.88533	4.2314453	-3.0641899
130.57021	4.2412109	-2.6639581
121.58892	4.2509766	-2.2555323
154.10083	4.2607422	-1.838304
121.73435	4.2705078	-1.41325
114.36793	4.2802734	-0.98243356
126.39089	4.2900391	-0.55026263
126.82174	4.2998047	-0.11543483
131.19394	4.3095703	0.31905025
115.69203	4.3193359	0.75473636
120.39687	4.3291016	1.1845245
117.81438	4.3388672	1.6111419
118.58567	4.3486328	2.0294175
116.40687	4.3583984	2.4413691
111.52084	4.3681641	2.8439806
120.38297	4.3779297	3.2355502
105.61881	4.3876953	3.6143973
96.192238	4.3974609	3.9806292
107.06061	4.4072266	4.3281569
101.67893	4.4169922	4.661797
69.098412	4.4267578	4.9779162
80.449295	4.4365234	5.2751884
87.528709	4.4462891	5.5508895
81.46434	4.4560547	5.8063464
81.636604	4.4658203	6.0401158
70.253288	4.4755859	6.2518997
58.307457	4.4853516	6.4405365
45.364716	4.4951172	6.6045537
36.191299	4.5048828	6.7454205
28.871693	4.5146484	6.8617477
17.517986	4.5244141	6.9528713
14.1465	4.5341797	7.0196257
9.3830862	4.5439453	7.0632114
-2.2977824	4.5537109	7.0805564
-3.5163248	4.5634766	7.0715413
-8.5304375	4.5732422	7.0346966
-16.226212	4.5830078	6.9720192
-174.78128	4.5927734	6.8835602
-72.026917	4.6025391	6.75769
-44.948257	4.6123047	6.6058202
-132.04329	4.6220703	6.4354019
-99.756172	4.6318359	6.2344389
-100.13058	4.6416016	6.0135112
-136.82689	4.6513672	5.7739334
-141.42317	4.6611328	5.5137978
-108.64285	4.6708984	5.229394
-154.55666	4.6806641	4.9255385
-104.70475	4.6904297	4.5992002
-142.07098	4.7001953	4.258059
-130.22379	4.7099609	3.9007411
-133.85664	4.7197266	3.5285547
-162.22508	4.7294922	3.1439199
-120.39439	4.7392578	2.7451859
-163.63268	4.7490234	2.3386791
-150.55748	4.7587891	1.9213214
-131.02838	4.7685547	1.4989839
-168.66418	4.7783203	1.0718122
-162.93245	4.7880859	0.63949674
-148.84398	4.7978516	0.20378977
-172.6338	4.8076172	-0.23216456
-140.0744	4.8173828	-0.66660941
-145.17229	4.8271484	-1.0977477
-151.17804	4.8369141	-1.5230328
-152.09938	4.8466797	-1.9444495
-149.31865	4.8564453	-2.3578241
-123.04601	4.8662109	-2.762495
-129.37068	4.8759766	-3.1546607
-122.52594	4.8857422	-3.5364091
-135.97142	4.8955078	-3.9034381
-137.62354	4.9052734	-4.2554393
-116.43718	4.9150391	-4.5920477
-101.35478	4.9248047	-4.90835
-94.066208	4.9345703	-5.2090588
-77.277588	4.9443359	-5.4890423
-92.907318	4.9541016	-5.7479815
-78.02446	4.9638672	-5.990252
-79.484726	4.9736328	-6.2103286
-66.319542	4.9833984	-6.4067736
-56.946011	4.9931641	-6.5763369
-62.198982	5.0029297	-6.7199841
-32.340248	5.0126953	-6.8435788
-29.153179	5.0224609	-6.9378495
-38.302807	5.0322266	-7.0100741
-20.024227	5.0419922	-7.0579948
-0.53329861	5.0517578	-7.0799918
2.8496726	5.0615234	-7.0783539
8.328166	5.0712891	-7.0505753
14.497888	5.0810547	-6.9931269
22.657257	5.0908203	-6.9099383
190.44208	5.1005859	-6.8022251
44.533085	5.1103516	-6.6589608
54.504482	5.1201172	-6.4933777
140.12321	5.1298828	-6.3044457
71.526604	5.1396484	-6.0863285
96.749252	5.1494141	-5.8455853
115.02488	5.1591797	-5.5836306
83.261238	5.1689453	-5.2985849
112.51878	5.1787109	-4.993309
126.14684	5.1884766	-4.671803
135.37566	5.1982422	-4.3311315
139.16119	5.2080078	-3.9758921
130.67836	5.2177734	-3.6037252
111.6255	5.2275391	-3.2197073
125.21356	5.2373047	-2.8245971
125.7756	5.2470703	-2.4180532
132.29025	5.2568359	-2.0035415
149.26784	5.2666016	-1.5826955
102.88323	5.2763672	-1.1529714
125.42337	5.2861328	-0.72239488
132.42345	5.2958984	-0.28823763
120.96836	5.3056641	0.14699399
136.56743	5.3154297	0.58190376
110.62811	5.3251953	1.0133252
121.13384	5.3349609	1.4414833
122.1219	5.3447266	1.8638148
112.77749	5.3544922	2.2792532
115.22546	5.3642578	2.6854084
119.72159	5.3740234	3.0806317
111.09853	5.3837891	3.4643128
103.62369	5.3935547	3.8367584
102.40961	5.4033203	4.1915817
110.81788	5.4130859	4.5308037
83.259422	5.4228516	4.8552856
71.739479	5.4326172	5.1597462
89.499268	5.4423828	5.443521
76.705757	5.4521484	5.7071371
85.056129	5.4619141	5.9493856
76.549141	5.4716797	6.169416
60.348167	5.4814453	6.3674822
46.588791	5.4912109	6.5417724
35.456932	5.5009766	6.6928549
31.763617	5.5107422	6.8186598
22.529991	5.5205078	6.9195018
11.685712	5.5302734	6.9978518
17.216633	5.5400391	7.0493684
-0.27259812	5.5498047	7.0782347
-2.1086075	5.5595703	7.079567
-6.0551453	5.5693359	7.0535645
-12.996177	5.5791016	7.0000453
-71.598404	5.5888672	6.9199934
-141.39723	5.5986328	6.8121357
-35.919292	5.6083984	6.6697345
-121.82767	5.6181641	6.5082355
-112.31924	5.6279297	6.3187375
-116.19756	5.6376953	6.1057343
-111.80486	5.6474609	5.8726864
-149.72505	5.6572266	5.6213961
-112.49864	5.6669922	5.3463326
-127.90308	5.6767578	5.0503416
-136.09123	5.6865234	4.7329798
-114.36161	5.6962891	4.397337
-153.63121	5.7060547	4.0486293
-113.61318	5.7158203	3.6801443
-165.12064	5.7255859	3.3007755
-130.75363	5.7353516	2.9076681
-140.26111	5.7451172	2.5019898
-158.67157	5.7548828	2.0919993
-137.18272	5.7646484	1.669173
-148.64836	5.7744141	1.2426422
-168.11292	5.7841797	0.81339926
-149.02563	5.7939453	0.37698001
-153.86935	5.8037109	-0.057594478
-152.90366	5.8134766	-0.49213022
-132.20734	5.8232422	-0.92609823
-146.99304	5.8330078	-1.3549894
-140.7878	5.8427734	-1.7774954
-151.36595	5.8525391	-2.1935449
-123.47861	5.8623047	-2.6030779
-134.77739	5.8720703	-2.9996963
-115.23596	5.8818359	-3.3860161
-134.80637	5.8916016	-3.7575529
-138.08124	5.9013672	-4.1155295
-121.46859	5.9111328	-4.4578209
-113.12051	5.9208984	-4.7844796
-93.235512	5.9306641	-5.0900936
-84.388397	5.9404297	-5.3798957
-82.082603	5.9501953	-5.6460915
-86.72287	5.9599609	-5.894208
-70.971748	5.9697266	-6.1232672
-78.257133	5.9794922	-6.3314319
-46.822987	5.9892578	-6.511435
-59.098026	5.9990234	-6.6647725
-36.246529	6.0087891	-6.797503
-38.312168	6.0185547	-6.9029212
-25.589148	6.0283203	-6.9839659
-33.381859	6.0380859	-7.0414767
-5.3249764	6.0478516	-7.0731134
0.50453234	6.0576172	-7.0811048
7.714797	6.0673828	-7.0634422
10.961713	6.0771484	-7.0172577
18.536486	6.0869141	-6.9458542
131.70399	6.0966797	-6.8473606
105.57883	6.1064453	-6.7192779
18.491148	6.1162109	-6.5612407
127.10207	6.1259766	-6.3827605
93.24231	6.1357422	-6.1756077
87.119484	6.1455078	-5.944787
106.86372	6.1552734	-5.6903019
102.0347	6.1650391	-5.4149375
95.476097	6.1748047	-5.1173434
117.94207	6.1845703	-4.8029871
134.79344	6.1943359	-4.4694633
135.59373	6.2041016	-4.11724
139.75215	6.2138672	-3.7525744
112.4818	6.2236328	-3.3735812
117.50246	6.2333984	-2.9822469
128.01971	6.2431641	-2.5804491
123.33652	6.2529297	-2.1691217
155.61784	6.2626953	-1.7518342
114.19392	6.2724609	-1.3246298
119.14603	6.2822266	-0.89387298
132.50609	6.2919922	-0.46132654
126.96563	6.3017578	-0.026036799
141.14902	6.3115234	0.40800422
110.48378	6.3212891	0.842233
121.45236	6.3310547	1.2717769
128.19339	6.3408203	1.6965613
110.16653	6.3505859	2.1139696
117.80076	6.3603516	2.5253549
128.56706	6.3701172	2.9248133
131.30449	6.3798828	3.3138916
107.78884	6.3896484	3.6900744
98.246658	6.3994141	4.0533199
112.35139	6.4091797	4.3982759
96.191925	6.4189453	4.7276692
75.141472	6.4287109	5.0403399
80.987457	6.4384766	5.3328261
85.662468	6.4482422	5.6052847
79.183014	6.4580078	5.8569984
83.039665	6.4677734	6.0856209
68.244568	6.4775391	6.2932
53.815945	6.4873047	6.4757929
41.214996	6.4970703	6.6366568
36.833412	6.5068359	6.7710238
27.423399	6.5166016	6.8843141
14.56706	6.5263672	6.969039
18.358597	6.5361328	7.0312662
3.57026	6.5458984	7.0705519
-2.653594	6.5556641	7.0829587
-3.9926729	6.5654297	7.0686116
-9.2926083	6.5751953	7.0260687
-20.268921	6.5849609	6.9567785
-178.85156	6.5947266	6.8628507
-44.946465	6.6044922	6.7304296
-69.018791	6.6142578	6.575285
-129.40657	6.6240234	6.397234
-106.88735	6.6337891	6.1936126
-104.35465	6.6435547	5.9678392
-140.66837	6.6533203	5.7251649
-133.07784	6.6630859	5.4580612
-111.61429	6.6728516	5.171804
-145.91034	6.6826172	4.8637586
-102.08744	6.6923828	4.5329494
-152.45625	6.7021484	4.1911287
-124.39352	6.7119141	3.8282409
-139.53333	6.7216797	3.4525559
-154.20699	6.7314453	3.0666544
-125.12417	6.7412109	2.6654825
-164.81879	6.7509766	2.2562668
-138.62157	6.7607422	1.8380954
-141.71959	6.7705078	1.4142766
-170.7269	6.7802734	0.9859696
-157.68086	6.7900391	0.55043548
-144.592	6.7998047	0.11502653
-166.0751	6.8095703	-0.31850189
-131.8701	6.8193359	-0.75427145
-143.18347	6.8291016	-1.182966
-148.61652	6.8388672	-1.6085356
-147.00601	6.8486328	-2.0282314
-144.89078	6.8583984	-2.4397299
-124.14896	6.8681641	-2.8426423
-123.78017	6.8779297	-3.2336459
-122.80552	6.8876953	-3.6107154
-138.95485	6.8974609	-3.9730444
-128.487	6.9072266	-4.3218241
-114.87759	6.9169922	-4.6549201
-101.92027	6.9267578	-4.969974
-85.637695	6.9365234	-5.2675247
-82.337891	6.9462891	-5.5405231
-94.597977	6.9560547	-5.7966261
-75.747971	6.9658203	-6.0363903
-82.680092	6.9755859	-6.2517047
-57.737881	6.9853516	-6.443244
-57.186302	6.9951172	-6.6063495
-50.956455	7.0048828	-6.746511
-38.024166	7.0146484	-6.8629103
-28.139389	7.0244141	-6.9542289
-31.864292	7.0341797	-7.0205302
-21.275051	7.0439453	-7.0634217
-0.45216876	7.0537109	-7.0811214
5.9278216	7.0634766	-7.0737214
9.6402712	7.0732422	-7.0401177
16.086061	7.0830078	-6.9784374
29.44058	7.0927734	-6.8888502
180.1687	7.1025391	-6.7757277
31.91008	7.1123047	-6.6267343
79.065765	7.1220703	-6.4574537
131.0625	7.1318359	-6.2608538
71.494827	7.1416016	-6.0391636
103.0075	7.1513672	-5.794652
114.50446	7.1611328	-5.5270329
84.010597	7.1708984	-5.2374721
115.13042	7.1806641	-4.9315543
128.79076	7.1904297	-4.6048284
132.8324	7.2001953	-4.2602301
142.60245	7.2099609	-3.9001837
117.66692	7.2197266	-3.5271616
117.30886	7.2294922	-3.1397746
126.9701	7.2392578	-2.7429552
120.99639	7.2490234	-2.3349061
141.38193	7.2587891	-1.9188061
133.04301	7.2685547	-1.4949322
117.57144	7.2783203	-1.0676056
128.00697	7.2880859	-0.63469261
129.69704	7.2978516	-0.20031333
137.63728	7.3076172	0.23470819
122.268	7.3173828	0.66925138
116.18604	7.3271484	1.1006818
132.17653	7.3369141	1.5273764
126.29967	7.3466797	1.9475772
114.21774	7.3564453	2.3622408
121.81878	7.3662109	2.7667775
126.6987	7.3759766	3.1592236
110.58241	7.3857422	3.5402999
104.99609	7.3955078	3.9096937
113.97547	7.4052734	4.2621984
101.16906	7.4150391	4.5983987
81.779556	7.4248047	4.9187584
80.95826	7.4345703	5.2185669
85.770546	7.4443359	5.4991231
84.671768	7.4541016	5.7587996
80.739998	7.4638672	5.996944
72.942528	7.4736328	6.2136278
59.320778	7.4833984	6.4048843
44.496502	7.4931641	6.5746889
36.884937	7.5029297	6.7209048
26.493898	7.5126953	6.8415775
22.167753	7.5224609	6.9379168
12.407115	7.5322266	7.0104375
9.0102777	7.5419922	7.0589738
-1.2404635	7.5517578	7.0803657
-2.5963643	7.5615234	7.0766792
-6.9501462	7.5712891	7.0473418
-14.032098	7.5810547	6.9881721
-132.36859	7.5908203	6.9041686
-112.86156	7.6005859	6.7867084
-31.76038	7.6103516	6.6401258
-127.65838	7.6201172	6.4734383
-96.561966	7.6298828	6.2773781
-99.299477	7.6396484	6.0611444
-125.80466	7.6494141	5.8242931
-145.12993	7.6591797	5.5679097
-105.28797	7.6689453	5.2885756
-143.91304	7.6787109	4.9894109
-119.62845	7.6884766	4.6657457
-128.18349	7.6982422	4.3294206
-148.47328	7.7080078	3.9755211
-125.64331	7.7177734	3.603302
-165.60385	7.7275391	3.2212005
-118.83816	7.7373047	2.8259649
-155.19887	7.7470703	2.421926
-153.43947	7.7568359	2.0071194
-129.74532	7.7666016	1.582916
-165.76418	7.7763672	1.1575713
-163.58429	7.7861328	0.72539896
-150.14861	7.7958984	0.28961301
-172.96565	7.8056641	-0.14473051
-140.06796	7.8154297	-0.57794303
-143.78636	7.8251953	-1.0103896
-152.36035	7.8349609	-1.4397635
-143.09779	7.8447266	-1.8616631
-156.94038	7.8544922	-2.2759466
-126.60735	7.8642578	-2.6832507
-126.81461	7.8740234	-3.07917
-117.91969	7.8837891	-3.4597068
-142.0065	7.8935547	-3.8302169
-128.95319	7.9033203	-4.1860161
-123.27218	7.9130859	-4.5240207
-108.58963	7.9228516	-4.8474493
-96.875427	7.9326172	-5.1499424
-81.760002	7.9423828	-5.4350734
-91.821579	7.9521484	-5.6966248
-81.587105	7.9619141	-5.9418159
-76.956009	7.9716797	-6.1686902
-70.488945	7.9814453	-6.3693404
-53.87558	7.9912109	-6.5444155
-57.449936	8.0009766	-6.6914215
-37.813	8.0107422	-6.8194094
-31.184196	8.0205078	-6.920445
-36.420158	8.0302734	-6.9951267
-28.093962	8.0400391	-7.0485144
-4.9006777	8.0498047	-7.0763588
0.44681364	8.0595703	-7.0797815
8.0063705	8.0693359	-7.0559816
13.222126	8.0791016	-7.0056496
22.434408	8.0888672	-6.9273381
183.6441	8.0986328	-6.825119
76.205223	8.1083984	-6.6895037
36.753498	8.1181641	-6.5270991
133.75867	8.1279297	-6.3425107
79.415215	8.1376953	-6.1307654
95.418739	8.1474609	-5.8951216
115.63548	8.1572266	-5.6372614
89.537178	8.1669922	-5.3557115
106.97264	8.1767578	-5.0553842
123.34528	8.1865234	-4.7364907
133.69495	8.1962891	-4.3995695
136.46764	8.2060547	-4.0458736
133.50769	8.2158203	-3.6780505
-3.0039227	8.2255859	-3.3718929
-29.663906	8.2353516	-3.2540336
-59.797382	8.2451172	-3.204906
7.4941316	8.2548828	-3.1877339
-1.2754463	8.2646484	-3.1770899
6.0041203	8.2744141	-3.1727479
-17.270002	8.2841797	-3.1718745
6.4774652	8.2939453	-3.1728938
-15.836209	8.3037109	-3.173408
-4.6193485	8.3134766	-3.1746416
-2.9393356	8.3232422	-3.1750724
-15.541189	8.3330078	-3.1750693
-1.5109311	8.3427734	-3.175658
-9.6702251	8.3525391	-3.1750872
-8.3465824	8.3623047	-3.1763105
-4.0250015	8.3720703	-3.1758978
-6.506103	8.3818359	-3.1760798
-2.8945041	8.3916016	-3.1754076
-6.2211533	8.4013672	-3.1750679
-7.525692	8.4111328	-3.1752751
-7.2742696	8.4208984	-3.1748624
-5.3098774	8.4306641	-3.1752303
-4.3455744	8.4404297	-3.1750336
-5.4752803	8.4501953	-3.1752183
-4.2647591	8.4599609	-3.1741114
-3.8039987	8.4697266	-3.1742306
-2.4352107	8.4794922	-3.1726673
-3.9512641	8.4892578	-3.1734958
-5.585968	8.4990234	-3.1733766
-4.9078488	8.5087891	-3.1747713
-4.2772036	8.5185547	-3.1733348
-1.8782797	8.5283203	-3.1749697
-1.4259247	8.5380859	-3.1731277
-2.5458169	8.5478516	-3.173162
-4.6431322	8.5576172	-3.1732962
-2.1658022	8.5673828	-3.171751
-1.2165169	8.5771484	-3.173007
-0.83640915	8.5869141	-3.1722441
-1.2853881	8.5966797	-3.1721756
-1.1199969	8.6064453	-3.1718149
-2.0371284	8.6162109	-3.1720505
-0.802055	8.6259766	-3.1714187
-0.4644855	8.6357422	-3.1718717
-0.84165949	8.6455078	-3.1717823
-0.87181103	8.6552734	-3.170912
-0.29434448	8.6650391	-3.1713977
1.5296391	8.6748047	-3.1701908
1.3340614	8.6845703	-3.1701744
-0.015378464	8.6943359	-3.1702652
-2.6550841	8.7041016	-3.169848
-1.2719538	8.7138672	-3.170228
1.7526792	8.7236328	-3.1696095
