MTS793|MPT|ENU|1|2|.|/|:|1|0|0|A

Data Acquisition						Time:	18.229492	s	4/10/2018 10:22:47 AM
Axial Force	Running Time	Axial Displacement
N	s	mm
3.4412253	0.012695313	-1.8328681
3.4515047	0.022460938	-1.8336222
4.0934305	0.032226563	-1.8335416
4.0167708	0.041992188	-1.83402
3.7896447	0.051757813	-1.8330425
5.0146947	0.061523438	-1.8337131
8.9871588	0.071289063	-1.8312544
9.2124796	0.081054688	-1.8262849
10.523526	0.090820313	-1.8172517
20.809866	0.10058594	-1.8046647
50.127167	0.11035156	-1.7896652
65.155548	0.12011719	-1.7704532
54.950081	0.12988281	-1.7469972
59.209888	0.13964844	-1.7214507
56.162861	0.14941406	-1.6909673
35.976833	0.15917969	-1.659198
49.151405	0.16894531	-1.623173
60.157684	0.17871094	-1.5847192
63.605511	0.18847656	-1.5432701
45.730465	0.19824219	-1.4987558
41.123486	0.20800781	-1.4505908
65.078651	0.21777344	-1.4008641
60.16914	0.22753906	-1.3483152
37.103394	0.23730469	-1.2913988
60.574036	0.24707031	-1.2326032
63.949772	0.25683594	-1.1708424
40.012753	0.26660156	-1.1059016
66.784172	0.27636719	-1.0395124
56.968513	0.28613281	-0.96854717
48.446732	0.29589844	-0.89787245
69.85759	0.30566406	-0.82423836
49.360615	0.31542969	-0.74731559
70.278252	0.32519531	-0.66745132
51.560883	0.33496094	-0.58628917
74.019806	0.34472656	-0.5036965
54.901394	0.35449219	-0.41828156
81.277168	0.36425781	-0.33245236
57.729065	0.37402344	-0.24286509
77.50428	0.38378906	-0.15188158
65.539856	0.39355469	-0.059869885
75.180046	0.40332031	0.033004582
66.787094	0.41308594	0.128901
73.374702	0.42285156	0.22535473
72.832367	0.43261719	0.32372475
59.987022	0.44238281	0.42412281
73.763206	0.45214844	0.52243769
59.376556	0.46191406	0.6246686
64.273827	0.47167969	0.72640926
66.785393	0.48144531	0.82952827
59.440983	0.49121094	0.93325973
68.816391	0.50097656	1.037842
61.39267	0.51074219	1.142472
63.467743	0.52050781	1.2475252
74.019569	0.53027344	1.3519883
65.213989	0.54003906	1.4593989
69.470314	0.54980469	1.5658512
73.60553	0.55957031	1.6726389
66.78981	0.56933594	1.7789111
72.59481	0.57910156	1.8839568
72.800552	0.58886719	1.9898921
63.769543	0.59863281	2.0947769
74.81823	0.60839844	2.1982222
62.983879	0.61816406	2.3037882
64.5327	0.62792969	2.4076939
69.088821	0.63769531	2.5090933
52.533062	0.64746094	2.6116252
68.990868	0.65722656	2.7131767
54.80854	0.66699219	2.8139248
55.725426	0.67675781	2.9127865
63.088654	0.68652344	3.0096948
47.047031	0.69628906	3.1065135
64.465523	0.70605469	3.2011583
48.972656	0.71582031	3.2946677
60.777531	0.72558594	3.3865511
56.100956	0.73535156	3.4769609
52.782986	0.74511719	3.5657599
61.750961	0.75488281	3.6522269
57.899078	0.76464844	3.7364721
57.333923	0.77441406	3.8200169
60.518639	0.78417969	3.9000332
55.704353	0.79394531	3.9795353
60.697063	0.80371094	4.0542231
48.483704	0.81347656	4.1299877
65.101463	0.82324219	4.2004304
37.149162	0.83300781	4.2699604
72.854584	0.84277344	4.3364868
34.32703	0.85253906	4.4012084
59.413868	0.86230469	4.4615345
53.847561	0.87207031	4.5206294
34.763519	0.88183594	4.5774446
62.174877	0.89160156	4.6295061
63.741581	0.90136719	4.6802177
32.218689	0.91113281	4.7295289
50.494087	0.92089844	4.7732906
71.234657	0.93066406	4.8145041
36.065338	0.94042969	4.8545523
41.936035	0.95019531	4.8908873
47.861912	0.95996094	4.9230113
54.089283	0.96972656	4.9526496
57.609348	0.97949219	4.9791203
46.966297	0.98925781	5.0038919
43.240833	0.99902344	5.0237374
36.374367	1.0087891	5.0418096
35.312038	1.0185547	5.0569134
33.203896	1.0283203	5.0669565
35.387402	1.0380859	5.0740404
33.288067	1.0478516	5.0786095
31.38117	1.0576172	5.0797658
18.337265	1.0673828	5.0772147
4.3099513	1.0771484	5.0682263
-9.7685261	1.0869141	5.0577388
-9.6292934	1.0966797	5.0402298
-11.476491	1.1064453	5.01862
-13.396365	1.1162109	4.9915805
-29.101084	1.1259766	4.9599752
-40.618877	1.1357422	4.9256787
-5.3831029	1.1455078	4.8842654
-24.37965	1.1552734	4.8390584
-45.141533	1.1650391	4.7894521
-22.488611	1.1748047	4.7349648
-23.808725	1.1845703	4.675786
-46.002655	1.1943359	4.6117382
-25.000061	1.2041016	4.5440836
-32.897038	1.2138672	4.4718547
-51.423782	1.2236328	4.3966727
-20.860043	1.2333984	4.31457
-58.946049	1.2431641	4.2310162
-35.07093	1.2529297	4.1404514
-60.935936	1.2626953	4.0469079
-58.596756	1.2724609	3.9514124
-68.995239	1.2822266	3.8508728
-64.185486	1.2919922	3.7455513
-50.174641	1.3017578	3.6374106
-41.505367	1.3115234	3.5263226
-56.656136	1.3212891	3.4119561
-38.474052	1.3310547	3.2936244
-45.239834	1.3408203	3.1732633
-64.141243	1.3505859	3.0490577
-57.490761	1.3603516	2.9224083
-66.858154	1.3701172	2.7929082
-68.919151	1.3798828	2.6602716
-75.667374	1.3896484	2.5264621
-83.955498	1.3994141	2.3904607
-55.322796	1.4091797	2.2501543
-66.240623	1.4189453	2.1082072
-59.649418	1.4287109	1.9664154
-63.390495	1.4384766	1.8206328
-61.555546	1.4482422	1.6740143
-65.58316	1.4580078	1.5264541
-68.181152	1.4677734	1.3755143
-61.467113	1.4775391	1.2270182
-66.279785	1.4873047	1.0728836
-68.699898	1.4970703	0.92098713
-39.903191	1.5068359	0.76664239
-46.709808	1.5166016	0.61182082
-55.734406	1.5263672	0.45796782
-52.811825	1.5361328	0.30334145
-69.699249	1.5458984	0.14693737
-64.323265	1.5556641	-0.0078186393
-73.829994	1.5654297	-0.1639545
-66.939766	1.5751953	-0.31912178
-65.738754	1.5849609	-0.47451556
-62.462173	1.5947266	-0.62988251
-62.732479	1.6044922	-0.7841602
-47.731224	1.6142578	-0.93723387
-46.378269	1.6240234	-1.0892779
-45.474174	1.6337891	-1.2409478
-59.500244	1.6435547	-1.3906896
-44.334526	1.6533203	-1.5409515
-51.506981	1.6630859	-1.6867906
-52.185452	1.6728516	-1.8325001
-54.407284	1.6826172	-1.9772365
-47.939529	1.6923828	-2.1197348
-40.056812	1.7021484	-2.2609577
-45.001495	1.7119141	-2.3980901
-39.791698	1.7216797	-2.5341125
-49.75655	1.7314453	-2.6682348
-46.640064	1.7412109	-2.7985005
-33.392872	1.7509766	-2.927217
-35.809273	1.7607422	-3.0526206
-42.349545	1.7705078	-3.1745508
-37.794281	1.7802734	-3.2952533
-31.465418	1.7900391	-3.4116089
-33.546051	1.7998047	-3.5248563
-35.954952	1.8095703	-3.6337228
-24.161617	1.8193359	-3.7419109
-32.244705	1.8291016	-3.8440182
-32.181435	1.8388672	-3.9433956
-26.503904	1.8486328	-4.0385842
-37.1273	1.8583984	-4.1307983
-18.67445	1.8681641	-4.2189555
-34.25806	1.8779297	-4.3033376
-18.505043	1.8876953	-4.3842821
-29.664185	1.8974609	-4.4591427
-12.801831	1.9072266	-4.5297918
-29.590691	1.9169922	-4.5988126
-24.272549	1.9267578	-4.6619148
-6.573566	1.9365234	-4.7205238
-34.79612	1.9462891	-4.7743025
-11.138804	1.9560547	-4.8255281
-4.9181981	1.9658203	-4.8728614
-21.968258	1.9755859	-4.9128966
-23.324472	1.9853516	-4.9502835
-2.6944094	1.9951172	-4.9833388
-2.9307556	2.0048828	-5.0114498
-7.5398946	2.0146484	-5.0342364
-12.381991	2.0244141	-5.0527692
-13.686507	2.0341797	-5.0667911
-11.843163	2.0439453	-5.0748005
-8.7886114	2.0537109	-5.0789685
-1.6675564	2.0634766	-5.077724
0.032875687	2.0732422	-5.0731435
2.0723093	2.0830078	-5.062355
4.3187175	2.0927734	-5.04705
11.680939	2.1025391	-5.0270262
36.184406	2.1123047	-5.0024214
33.891617	2.1220703	-4.972218
40.215416	2.1318359	-4.9383759
58.300945	2.1416016	-4.8969612
47.842937	2.1513672	-4.8528509
35.566353	2.1611328	-4.8027067
61.216751	2.1708984	-4.7503262
57.15514	2.1806641	-4.6924429
37.899734	2.1904297	-4.6293111
69.269638	2.2001953	-4.5628934
50.430466	2.2099609	-4.4905305
48.174423	2.2197266	-4.4154825
75.200607	2.2294922	-4.3360739
38.326656	2.2392578	-4.2520361
72.635597	2.2490234	-4.1650429
49.784233	2.2587891	-4.0723963
65.122322	2.2685547	-3.9774985
59.961056	2.2783203	-3.8769126
56.220619	2.2880859	-3.7734151
65.509857	2.2978516	-3.6669269
60.725277	2.3076172	-3.556159
57.511921	2.3173828	-3.443332
71.537331	2.3271484	-3.326112
63.577972	2.3369141	-3.2058864
61.071819	2.3466797	-3.0832529
71.354706	2.3564453	-2.9583321
68.323517	2.3662109	-2.8290212
71.834152	2.3759766	-2.6978433
66.011536	2.3857422	-2.5644526
67.968254	2.3955078	-2.4283454
78.038979	2.4052734	-2.2915869
76.200035	2.4150391	-2.150625
76.129967	2.4248047	-2.0077438
74.307533	2.4345703	-1.8646584
71.019753	2.4443359	-1.7182992
71.930832	2.4541016	-1.571539
66.780586	2.4638672	-1.4217868
69.772392	2.4736328	-1.2721896
70.621246	2.4833984	-1.1219099
70.466187	2.4931641	-0.96938163
71.867172	2.5029297	-0.816001
78.472	2.5126953	-0.66218078
79.896896	2.5224609	-0.50642341
78.016235	2.5322266	-0.3509745
83.636345	2.5419922	-0.19584894
76.872658	2.5517578	-0.040563941
84.229187	2.5615234	0.11588037
77.055511	2.5712891	0.26993006
76.152954	2.5810547	0.42506009
76.327957	2.5908203	0.58040619
76.414848	2.6005859	0.73394626
76.349869	2.6103516	0.88748336
74.603798	2.6201172	1.0402129
81.933228	2.6298828	1.1922643
77.238411	2.6396484	1.3415947
80.428658	2.6494141	1.4913871
78.745865	2.6591797	1.6399682
80.733986	2.6689453	1.7864227
80.996536	2.6787109	1.9302115
77.470528	2.6884766	2.0735934
76.102737	2.6982422	2.2137852
76.576897	2.7080078	2.3534372
70.736137	2.7177734	2.4899707
65.115669	2.7275391	2.6232765
68.577431	2.7373047	2.7554021
62.976761	2.7470703	2.885443
65.872574	2.7568359	3.0107439
53.995533	2.7666016	3.1351895
57.671291	2.7763672	3.2550633
66.010078	2.7861328	3.3714757
56.154011	2.7958984	3.4855099
56.526894	2.8056641	3.5958722
69.677299	2.8154297	3.7033663
56.465015	2.8251953	3.8082347
64.758995	2.8349609	3.9083943
65.838158	2.8447266	4.0056601
50.694145	2.8544922	4.0985065
70.407074	2.8642578	4.1875496
45.422272	2.8740234	4.272738
64.717422	2.8837891	4.353766
44.110046	2.8935547	4.4321404
62.875828	2.9033203	4.5045538
40.759094	2.9130859	4.5740085
49.724098	2.9228516	4.6379194
62.20644	2.9326172	4.698278
31.648436	2.9423828	4.7541814
51.862923	2.9521484	4.8050804
53.755997	2.9619141	4.8532443
30.439672	2.9716797	4.895021
34.711998	2.9814453	4.9322829
58.686798	2.9912109	4.9669161
44.633987	3.0009766	4.9949303
34.128628	3.0107422	5.0202236
29.927202	3.0205078	5.0389514
23.186451	3.0302734	5.0535812
27.955067	3.0400391	5.0633445
22.529324	3.0498047	5.0695343
22.648764	3.0595703	5.0707536
10.732096	3.0693359	5.0680413
-4.1828723	3.0791016	5.060287
-12.094749	3.0888672	5.0476685
-12.054248	3.0986328	5.0290213
-12.933043	3.1083984	5.0066218
-14.772638	3.1181641	4.9793229
-15.499547	3.1279297	4.9479766
-16.457972	3.1376953	4.911016
-16.948744	3.1474609	4.8701749
-27.851154	3.1572266	4.8233643
-41.57077	3.1669922	4.7736988
-20.320202	3.1767578	4.7188625
-29.286671	3.1865234	4.6592073
-43.80875	3.1962891	4.5957522
-19.310694	3.2060547	4.5259876
-47.57589	3.2158203	4.4539733
-36.586647	3.2255859	4.3766303
-29.133469	3.2353516	4.2934537
-49.385822	3.2451172	4.2097554
-36.858429	3.2548828	4.1185288
-45.220367	3.2646484	4.0255013
-44.575451	3.2744141	3.9265394
-39.988441	3.2841797	3.8259373
-49.280178	3.2939453	3.7203014
-40.889366	3.3037109	3.6124125
-38.93351	3.3134766	3.5003498
-52.835224	3.3232422	3.3847003
-34.282169	3.3330078	3.2660782
-41.974987	3.3427734	3.1452389
-43.72073	3.3525391	3.0203164
-47.568802	3.3623047	2.8929234
-45.888454	3.3720703	2.7621179
-44.280128	3.3818359	2.6298583
-47.130394	3.3916016	2.4945498
-54.513393	3.4013672	2.3584888
-55.357395	3.4111328	2.21875
-57.618683	3.4208984	2.0768955
-53.036366	3.4306641	1.9345164
-50.749012	3.4404297	1.7888024
-51.702766	3.4501953	1.6407683
-47.35043	3.4599609	1.4925792
-50.228867	3.4697266	1.342386
-46.897247	3.4794922	1.191999
-49.620739	3.4892578	1.0406926
-48.32188	3.4990234	0.88716447
-48.550301	3.5087891	0.73273331
-50.573341	3.5185547	0.57925433
-52.615513	3.5283203	0.42395741
-50.453251	3.5380859	0.26807487
-56.748524	3.5478516	0.11233389
-50.603912	3.5576172	-0.043945014
-54.927872	3.5673828	-0.19974709
-56.14357	3.5771484	-0.3542915
-50.997059	3.5869141	-0.50963759
-51.744724	3.5966797	-0.66502988
-47.147842	3.6064453	-0.81936866
-42.600487	3.6162109	-0.97393692
-44.594551	3.6259766	-1.1249453
-42.179962	3.6357422	-1.2767911
-41.817001	3.6455078	-1.4266028
-38.477139	3.6552734	-1.5749111
-44.737396	3.6650391	-1.7215073
-47.046585	3.6748047	-1.8667728
-51.631695	3.6845703	-2.0103798
-48.356945	3.6943359	-2.1512971
-42.260708	3.7041016	-2.2920623
-41.08419	3.7138672	-2.4301722
-31.132751	3.7236328	-2.5654569
-40.972572	3.7333984	-2.6974707
-36.113804	3.7431641	-2.8276339
-35.472073	3.7529297	-2.9544711
-27.886744	3.7626953	-3.0797198
-35.983498	3.7724609	-3.2015471
-37.842945	3.7822266	-3.3200889
-31.188887	3.7919922	-3.4360185
-28.560347	3.8017578	-3.5473301
-38.434719	3.8115234	-3.6563158
-27.727383	3.8212891	-3.7621365
-25.278097	3.8310547	-3.864965
-37.597225	3.8408203	-3.9632871
-18.60232	3.8505859	-4.0579023
-36.015736	3.8603516	-4.1474776
-20.416872	3.8701172	-4.2360039
-33.027832	3.8798828	-4.3195562
-17.642439	3.8896484	-4.3979273
-32.211861	3.8994141	-4.4726162
-9.0101967	3.9091797	-4.5445414
-36.765415	3.9189453	-4.6115932
-16.445738	3.9287109	-4.6734557
-8.4073639	3.9384766	-4.7330456
-38.177124	3.9482422	-4.7864513
-4.5324211	3.9580078	-4.8371344
-9.6835661	3.9677734	-4.8818154
-30.024048	3.9775391	-4.9215555
-16.9373	3.9873047	-4.9574375
-2.4596345	3.9970703	-4.9906611
-1.7575221	4.0068359	-5.0173955
-11.738692	4.0166016	-5.0393372
-14.689321	4.0263672	-5.0570817
-14.788006	4.0361328	-5.0697269
-12.8204	4.0458984	-5.07866
-9.2781382	4.0556641	-5.0809264
-1.1307653	4.0654297	-5.0802574
1.0012532	4.0751953	-5.0733166
3.2139709	4.0849609	-5.0624385
5.6662478	4.0947266	-5.0455837
17.357151	4.1044922	-5.0255208
37.377026	4.1142578	-4.9997611
33.423473	4.1240234	-4.9689174
41.688812	4.1337891	-4.9327092
64.773964	4.1435547	-4.8920913
42.902039	4.1533203	-4.8457861
36.363323	4.1630859	-4.796967
64.500595	4.1728516	-4.7422113
53.235329	4.1826172	-4.6831923
40.024845	4.1923828	-4.6202526
75.371422	4.2021484	-4.5522676
44.106277	4.2119141	-4.4788094
56.677105	4.2216797	-4.4017091
68.978455	4.2314453	-4.3223023
41.507725	4.2412109	-4.2368369
71.195976	4.2509766	-4.1479917
52.015049	4.2607422	-4.0565
62.422436	4.2705078	-3.9590538
63.403763	4.2802734	-3.859283
56.474052	4.2900391	-3.7551866
67.304428	4.2998047	-3.6462486
64.567825	4.3095703	-3.5363839
57.024811	4.3193359	-3.4216955
69.948151	4.3291016	-3.304337
67.08139	4.3388672	-3.184341
62.892838	4.3486328	-3.0620484
66.904907	4.3583984	-2.9357686
67.650261	4.3681641	-2.8065488
70.797462	4.3779297	-2.6751413
68.422562	4.3876953	-2.54163
65.861015	4.3974609	-2.4041266
76.439667	4.4072266	-2.2670598
74.236427	4.4169922	-2.1251783
77.213097	4.4267578	-1.9841657
71.680199	4.4365234	-1.8383741
72.218575	4.4462891	-1.6939268
72.614876	4.4560547	-1.5455067
62.584393	4.4658203	-1.3955146
68.142189	4.4755859	-1.2468547
67.946556	4.4853516	-1.0959476
68.748367	4.4951172	-0.9429127
74.873444	4.5048828	-0.78958422
78.846466	4.5146484	-0.63559413
79.047256	4.5244141	-0.48014671
80.641098	4.5341797	-0.3231585
83.380051	4.5439453	-0.16826838
81.978088	4.5537109	-0.013449788
81.330132	4.5634766	0.14286339
82.200722	4.5732422	0.29766709
73.696991	4.5830078	0.45445114
70.221176	4.5927734	0.6073311
78.819351	4.6025391	0.76045543
71.223061	4.6123047	0.91523528
73.84314	4.6220703	1.0674387
76.165321	4.6318359	1.2196794
76.071815	4.6416016	1.3695836
79.468002	4.6513672	1.5194461
81.240845	4.6611328	1.6672164
82.35984	4.6708984	1.812759
76.189308	4.6806641	1.958014
73.489372	4.6904297	2.100718
74.45903	4.7001953	2.2401869
73.843887	4.7099609	2.3801506
70.373528	4.7197266	2.5149465
64.831398	4.7294922	2.649188
64.284859	4.7392578	2.7805016
63.110882	4.7490234	2.9086084
64.208237	4.7587891	3.0341177
57.056919	4.7685547	3.1562419
57.335983	4.7783203	3.2771497
62.716885	4.7880859	3.393811
63.051506	4.7978516	3.5071537
54.87516	4.8076172	3.6175756
68.467583	4.8173828	3.7229731
59.825268	4.8271484	3.8271918
60.243881	4.8369141	3.9264963
70.834953	4.8466797	4.0242491
49.044979	4.8564453	4.1166453
68.923447	4.8662109	4.2051849
46.695972	4.8759766	4.2893424
61.555573	4.8857422	4.3705955
42.0923	4.8955078	4.446332
65.620499	4.9052734	4.5185609
35.771023	4.9150391	4.5873747
56.680386	4.9248047	4.6502218
53.218159	4.9345703	4.7089086
35.500385	4.9443359	4.7637596
54.446411	4.9541016	4.815443
48.954006	4.9638672	4.8604026
31.212194	4.9736328	4.9029007
36.230801	4.9833984	4.9394383
55.349743	4.9931641	4.9721198
41.520554	5.0029297	4.9997287
34.899429	5.0126953	5.0218716
28.57498	5.0224609	5.0415797
21.779745	5.0322266	5.0549135
25.113321	5.0419922	5.0645247
22.12528	5.0517578	5.0688701
19.857613	5.0615234	5.0686226
9.0648069	5.0712891	5.0647602
-7.5900345	5.0810547	5.056788
-12.69402	5.0908203	5.0422864
-13.432512	5.1005859	5.0240622
-14.205614	5.1103516	5.0003395
-15.54027	5.1201172	4.9729571
-16.014313	5.1298828	4.9400644
-23.866026	5.1396484	4.902379
-18.013723	5.1494141	4.8599439
-29.150629	5.1591797	4.8145218
-43.342171	5.1689453	4.7620788
-17.930439	5.1787109	4.7056808
-33.299046	5.1884766	4.6450481
-40.928043	5.1982422	4.5806246
-17.412682	5.2080078	4.5104818
-53.306599	5.2177734	4.4371767
-27.285122	5.2275391	4.3579593
-39.67617	5.2373047	4.2761354
-41.612621	5.2470703	4.1901884
-41.032677	5.2568359	4.0990171
-36.920349	5.2666016	4.0043459
-50.110172	5.2763672	3.9059401
-39.085312	5.2861328	3.8021908
-50.394466	5.2958984	3.6973774
-42.989185	5.3056641	3.5893588
-40.230247	5.3154297	3.4762561
-43.651894	5.3251953	3.3605232
-44.525333	5.3349609	3.2419279
-39.874226	5.3447266	3.1190753
-40.138012	5.3544922	2.9944806
-48.512665	5.3642578	2.8657482
-46.55706	5.3740234	2.7345328
-49.972607	5.3837891	2.6018529
-43.645618	5.3935547	2.4682059
-55.232903	5.4033203	2.3291423
-55.856956	5.4130859	2.1894231
-57.565025	5.4228516	2.0475075
-58.499237	5.4326172	1.9040301
-52.750145	5.4423828	1.758574
-52.025345	5.4521484	1.6108125
-49.120304	5.4619141	1.4618204
-47.150127	5.4716797	1.3103783
-47.381966	5.4814453	1.1597395
-48.371872	5.4912109	1.0081619
-51.506351	5.5009766	0.85459799
-50.736404	5.5107422	0.70097893
-52.405743	5.5205078	0.54572672
-54.914284	5.5302734	0.39035678
-57.775051	5.5400391	0.23502409
-50.351383	5.5498047	0.079090893
-56.985332	5.5595703	-0.077064335
-52.969986	5.5693359	-0.23195893
-53.078495	5.5791016	-0.38701594
-52.240421	5.5888672	-0.54188818
-57.078941	5.5986328	-0.69724321
-57.586468	5.6083984	-0.84927976
-56.210938	5.6181641	-1.0034293
-49.044823	5.6279297	-1.155503
-49.286686	5.6376953	-1.3057961
-49.279598	5.6474609	-1.4565438
-42.832447	5.6572266	-1.6047508
-44.275284	5.6669922	-1.7511084
-55.105843	5.6767578	-1.8973126
-46.017464	5.6865234	-2.0413427
-56.394459	5.6962891	-2.1809266
-50.609177	5.7060547	-2.3206518
-49.335159	5.7158203	-2.456984
-39.707123	5.7255859	-2.5926204
-33.202011	5.7353516	-2.7250276
-39.539917	5.7451172	-2.8540015
-41.173759	5.7548828	-2.981086
-36.517563	5.7646484	-3.1041548
-39.452801	5.7744141	-3.2271953
-42.057178	5.7841797	-3.3447518
-35.700584	5.7939453	-3.4587712
-27.782772	5.8037109	-3.5722404
-38.523743	5.8134766	-3.6796496
-33.022533	5.8232422	-3.7852242
-29.538862	5.8330078	-3.8860321
-36.825146	5.8427734	-3.98387
-21.447893	5.8525391	-4.0785356
-29.664301	5.8623047	-4.1685953
-20.725664	5.8720703	-4.2553129
-28.982374	5.8818359	-4.3363867
-16.686249	5.8916016	-4.4151516
-32.424263	5.9013672	-4.4888692
-7.2188907	5.9111328	-4.5596166
-40.372894	5.9208984	-4.6251612
-9.1217108	5.9306641	-4.6871481
-17.013121	5.9404297	-4.7445445
-36.156189	5.9501953	-4.7961788
-2.3827772	5.9599609	-4.845655
-12.739014	5.9697266	-4.8892794
-34.944901	5.9794922	-4.9285517
-11.321634	5.9892578	-4.965219
-1.6017933	5.9990234	-4.995461
-3.4251134	6.0087891	-5.0220771
-13.628137	6.0185547	-5.043541
-15.632518	6.0283203	-5.0611792
-12.870878	6.0380859	-5.0718946
-13.197598	6.0478516	-5.0801263
-9.0203714	6.0576172	-5.0821838
-0.5766167	6.0673828	-5.0792532
1.690269	6.0771484	-5.0724716
3.6165583	6.0869141	-5.059433
7.0165143	6.0966797	-5.0424829
25.201122	6.1064453	-5.0203028
38.018002	6.1162109	-4.9934773
34.524902	6.1259766	-4.9608545
44.783031	6.1357422	-4.9249945
67.073044	6.1455078	-4.8828182
37.656742	6.1552734	-4.8360305
41.007259	6.1650391	-4.7851281
69.121178	6.1748047	-4.7304573
46.593094	6.1845703	-4.670094
45.522575	6.1943359	-4.606451
77.770973	6.2041016	-4.5377865
36.462456	6.2138672	-4.4645042
71.464951	6.2236328	-4.3875666
53.781208	6.2333984	-4.30616
53.313034	6.2431641	-4.2194052
63.188129	6.2529297	-4.1304903
58.187515	6.2626953	-4.0372715
57.605003	6.2724609	-3.9397941
66.384598	6.2822266	-3.83849
57.540535	6.2919922	-3.7340343
66.370956	6.3017578	-3.6263018
68.151207	6.3115234	-3.5154328
57.429707	6.3212891	-3.4004331
69.401382	6.3310547	-3.2820642
69.449692	6.3408203	-3.1608686
67.18438	6.3505859	-3.0361845
62.747097	6.3603516	-2.9096484
69.618416	6.3701172	-2.7804732
72.290283	6.3798828	-2.6499569
71.711693	6.3896484	-2.5150447
70.970764	6.3994141	-2.3776577
77.825424	6.4091797	-2.2401571
72.667099	6.4189453	-2.0976753
75.198936	6.4287109	-1.9550965
76.024292	6.4384766	-1.8097684
73.035446	6.4482422	-1.6643316
73.076744	6.4580078	-1.5157789
66.952873	6.4677734	-1.3669119
69.788208	6.4775391	-1.2159274
69.227379	6.4873047	-1.0647923
73.181427	6.4970703	-0.91129243
72.738937	6.5068359	-0.75771213
75.092087	6.5166016	-0.60297847
80.171623	6.5263672	-0.44920295
80.675827	6.5361328	-0.29196143
82.656311	6.5458984	-0.13779402
84.629387	6.5556641	0.017601252
79.264503	6.5654297	0.1738742
82.092758	6.5751953	0.32886118
72.597145	6.5849609	0.48388094
70.902939	6.5947266	0.63880235
70.002647	6.6044922	0.79326481
67.472214	6.6142578	0.94684958
69.16655	6.6240234	1.0978043
67.660332	6.6337891	1.2504861
71.244095	6.6435547	1.4007614
75.956528	6.6533203	1.5502095
75.303551	6.6630859	1.6963139
77.03817	6.6728516	1.8415763
74.885826	6.6826172	1.9864128
73.102783	6.6923828	2.1280036
71.52832	6.7021484	2.2677495
73.907776	6.7119141	2.4058177
74.636261	6.7216797	2.5416346
68.596786	6.7314453	2.6742697
64.84877	6.7412109	2.8066754
62.680496	6.7509766	2.9354274
68.348366	6.7607422	3.059402
66.601784	6.7705078	3.1811669
59.367283	6.7802734	3.2997668
63.576118	6.7900391	3.4148111
68.429718	6.7998047	3.5289793
56.627399	6.8095703	3.6392257
69.924461	6.8193359	3.7446783
61.575958	6.8291016	3.8476453
60.934158	6.8388672	3.9467306
69.974373	6.8486328	4.041697
50.958611	6.8583984	4.133472
63.620991	6.8681641	4.2210474
49.395695	6.8779297	4.3056054
58.33215	6.8876953	4.3846769
43.080353	6.8974609	4.4607205
60.911205	6.9072266	4.5312958
35.25111	6.9169922	4.5994358
58.381214	6.9267578	4.6605749
47.705708	6.9365234	4.7195272
33.898716	6.9462891	4.7749
56.550682	6.9560547	4.8236208
46.082359	6.9658203	4.8682346
30.424854	6.9755859	4.9106493
39.780697	6.9853516	4.9453511
53.678909	6.9951172	4.9760208
42.859795	7.0048828	5.0034866
31.255684	7.0146484	5.0261216
25.592615	7.0244141	5.0441189
23.15836	7.0341797	5.0561652
27.05102	7.0439453	5.0643816
23.469538	7.0537109	5.0680799
18.742331	7.0634766	5.0681367
2.8784852	7.0732422	5.0624208
-10.033208	7.0830078	5.0530329
-12.746489	7.0927734	5.0381646
-13.586495	7.1025391	5.0177917
-15.778793	7.1123047	4.994987
-15.595823	7.1220703	4.965703
-16.608147	7.1318359	4.9316449
-29.529455	7.1416016	4.89323
-15.265738	7.1513672	4.8504128
-36.598206	7.1611328	4.8014774
-35.942791	7.1708984	4.7510133
-16.562103	7.1806641	4.6926813
-42.014442	7.1904297	4.6317534
-31.113392	7.2001953	4.5652614
-19.501686	7.2099609	4.4949455
-56.059319	7.2197266	4.4210896
-21.632574	7.2294922	4.3406739
-45.184582	7.2392578	4.2580352
-33.159378	7.2490234	4.1702418
-47.066654	7.2587891	4.0800972
-36.494026	7.2685547	3.9840863
-49.44323	7.2783203	3.8853109
-41.998955	7.2880859	3.7819505
-44.682415	7.2978516	3.6751971
-47.075169	7.3076172	3.5658135
-42.183708	7.3173828	3.4525797
-39.334255	7.3271484	3.3353105
-41.970566	7.3369141	3.2168136
-49.307209	7.3466797	3.0931294
-36.792374	7.3564453	2.9676886
-50.474178	7.3662109	2.8391614
-49.203541	7.3759766	2.7083187
-53.112736	7.3857422	2.5752039
-53.825485	7.3955078	2.4390488
-51.666679	7.4052734	2.3000672
-63.227676	7.4150391	2.1613464
-62.819427	7.4248047	2.0171463
-64.359009	7.4345703	1.8726125
-60.999985	7.4443359	1.7270997
-56.986034	7.4541016	1.5798777
-47.22179	7.4638672	1.4300718
-49.637455	7.4736328	1.2798891
-44.956944	7.4833984	1.1280954
-47.428814	7.4931641	0.97675622
-51.5084	7.5029297	0.82190037
-59.700165	7.5126953	0.66851825
-66.049278	7.5224609	0.51348954
-54.994026	7.5322266	0.35785437
-70.618156	7.5419922	0.20335764
-61.260525	7.5517578	0.047393143
-64.253288	7.5615234	-0.10763854
-58.982395	7.5712891	-0.26372671
-49.964279	7.5810547	-0.41920394
-56.337555	7.5908203	-0.57325065
-53.703018	7.6005859	-0.72826445
-52.219814	7.6103516	-0.88164955
-56.779083	7.6201172	-1.0337427
-60.290878	7.6298828	-1.185894
-54.400208	7.6396484	-1.3369024
-62.669502	7.6494141	-1.4870495
-52.958832	7.6591797	-1.6343445
-46.74939	7.6689453	-1.7812862
-54.481964	7.6787109	-1.9246325
-57.444317	7.6884766	-2.0678282
-56.465519	7.6982422	-2.209501
-54.520741	7.7080078	-2.3477645
-50.540745	7.7177734	-2.4858966
-44.521351	7.7275391	-2.6204646
-40.700825	7.7373047	-2.7511656
-33.83815	7.7470703	-2.8803065
-37.498692	7.7568359	-3.0059144
-42.488766	7.7666016	-3.1285496
-29.137253	7.7763672	-3.2496631
-46.271065	7.7861328	-3.3660622
-44.016388	7.7958984	-3.4812183
-36.429943	7.8056641	-3.5931559
-40.106731	7.8154297	-3.7003829
-34.29089	7.8251953	-3.8041308
-23.32127	7.8349609	-3.9046063
-38.046265	7.8447266	-4.0013986
-26.088964	7.8544922	-4.0940361
-25.086395	7.8642578	-4.1852012
-24.426706	7.8740234	-4.269527
-23.97229	7.8837891	-4.3510451
-19.625818	7.8935547	-4.4302135
-26.530132	7.9033203	-4.5030713
-11.624652	7.9130859	-4.573421
-38.440411	7.9228516	-4.6362834
-4.0594721	7.9326172	-4.6978354
-24.502539	7.9423828	-4.7549276
-29.274019	7.9521484	-4.8069911
-2.7669826	7.9619141	-4.8560529
-17.844967	7.9716797	-4.8988714
-31.06488	7.9814453	-4.9378676
-6.4661379	7.9912109	-4.9729509
-4.1111374	8.0009766	-5.0032525
-8.388073	8.0107422	-5.0276356
-17.056684	8.0205078	-5.0483794
-16.384863	8.0302734	-5.0639167
-16.318588	8.0400391	-5.075182
-16.279089	8.0498047	-5.0812063
-7.2587748	8.0595703	-5.0819263
-0.077940062	8.0693359	-5.0789161
1.5235856	8.0791016	-5.0694466
3.9584587	8.0888672	-5.0578461
8.1981535	8.0986328	-5.0390048
30.643772	8.1083984	-5.0165443
38.786545	8.1181641	-4.9872055
33.997681	8.1279297	-4.955019
51.924072	8.1376953	-4.9174027
60.381077	8.1474609	-4.8748717
37.058594	8.1572266	-4.8266888
47.166271	8.1669922	-4.7756238
68.33358	8.1767578	-4.7205238
39.651142	8.1865234	-4.658371
53.01207	8.1962891	-4.5938506
70.490334	8.2060547	-4.523912
32.99675	8.2158203	-4.4481544
79.780777	8.2255859	-4.3704538
41.611408	8.2353516	-4.2881637
63.379787	8.2451172	-4.2020082
55.642365	8.2548828	-4.1118517
63.252911	8.2646484	-4.0180712
55.576412	8.2744141	-3.9192052
64.569954	8.2841797	-3.8184552
58.848949	8.2939453	-3.7125945
58.789738	8.3037109	-3.603898
69.645355	8.3134766	-3.4921155
58.998558	8.3232422	-3.3760965
63.558815	8.3330078	-3.2576249
65.674774	8.3427734	-3.1358376
70.057449	8.3525391	-3.0112953
62.929966	8.3623047	-2.8846636
66.315697	8.3720703	-2.7547941
69.738388	8.3818359	-2.6228533
73.132355	8.3916016	-2.4870663
74.464165	8.4013672	-2.3502455
73.959053	8.4111328	-2.2100165
69.851196	8.4208984	-2.0687401
74.398354	8.4306641	-1.9256308
71.781509	8.4404297	-1.7805338
72.693886	8.4501953	-1.6338676
71.104927	8.4599609	-1.4862285
70.912399	8.4697266	-1.3364732
71.087265	8.4794922	-1.1857182
72.27578	8.4892578	-1.03378
67.50013	8.4990234	-0.88009536
71.41391	8.5087891	-0.72648823
75.328331	8.5185547	-0.57251602
73.170601	8.5283203	-0.41745603
82.744926	8.5380859	-0.26171803
79.643478	8.5478516	-0.10608584
82.259224	8.5576172	0.050401688
78.378105	8.5673828	0.20499229
78.447113	8.5771484	0.35972148
74.030998	8.5869141	0.51561147
74.690865	8.5966797	0.66951215
70.069695	8.6064453	0.82412958
69.100388	8.6162109	0.97707212
66.682816	8.6259766	1.1283129
66.518188	8.6357422	1.2799516
70.166885	8.6455078	1.4305979
71.061523	8.6552734	1.578781
76.396332	8.6650391	1.7257452
75.17469	8.6748047	1.8693581
78.317513	8.6845703	2.01371
71.924004	8.6943359	2.1560266
69.602554	8.7041016	2.2957072
68.780937	8.7138672	2.4336205
66.184837	8.7236328	2.5682404
67.153976	8.7333984	2.7012796
62.498295	8.7431641	2.8318672
57.537212	8.7529297	2.959317
61.454147	8.7626953	3.083919
62.690453	8.7724609	3.2048106
57.503304	8.7822266	3.3225253
58.735992	8.7919922	3.4383371
66.090393	8.8017578	3.5504177
62.867245	8.8115234	3.6588283
61.197598	8.8212891	3.7646399
69.17881	8.8310547	3.8668976
56.830387	8.8408203	3.9648442
68.752213	8.8505859	4.0593133
58.892887	8.8603516	4.1503205
64.32811	8.8701172	4.2362928
62.056175	8.8798828	4.3206468
63.683323	8.8896484	4.3991194
56.197723	8.8994141	4.47471
64.61657	8.9091797	4.5444145
42.124805	8.9189453	4.6123223
73.852829	8.9287109	4.6723647
41.72142	8.9384766	4.7303634
43.622753	8.9482422	4.7840133
69.244324	8.9580078	4.831882
43.496323	8.9677734	4.8772173
32.996964	8.9775391	4.9161034
50.089169	8.9873047	4.9522681
62.056458	8.9970703	4.9817548
46.566532	9.0068359	5.007668
38.576675	9.0166016	5.0295515
28.714922	9.0263672	5.0468817
25.332113	9.0361328	5.0584836
26.60919	9.0458984	5.0658331
25.766447	9.0556641	5.0688014
18.802761	9.0654297	5.0661163
1.2737117	9.0751953	5.0609813
-12.196717	9.0849609	5.0506158
-13.14833	9.0947266	5.0336165
-14.481822	9.1044922	5.0135655
-15.573658	9.1142578	4.98838
-15.557825	9.1240234	4.957922
-36.758442	9.1337891	4.9239593
-21.788828	9.1435547	4.8837199
-12.244424	9.1533203	4.8397822
-50.87352	9.1630859	4.7912078
-21.563599	9.1728516	4.7382193
-19.448727	9.1826172	4.680656
-47.397766	9.1923828	4.618959
-22.517725	9.2021484	4.5499787
-29.015541	9.2119141	4.4801788
-52.384773	9.2216797	4.4051843
-17.337128	9.2314453	4.3230815
-53.759571	9.2412109	4.2398243
-27.059671	9.2509766	4.1515512
-51.870106	9.2607422	4.0612621
-36.398941	9.2705078	3.9635434
-45.137936	9.2802734	3.8628354
-45.594479	9.2900391	3.7595243
-42.143196	9.2998047	3.653486
-45.423397	9.3095703	3.5428748
-45.414051	9.3193359	3.4288242
-37.67527	9.3291016	3.310895
-43.583267	9.3388672	3.1911209
-45.12096	9.3486328	3.0694499
-39.168945	9.3583984	2.9421778
-46.502182	9.3681641	2.8130741
-47.515205	9.3779297	2.6807933
-53.258842	9.3876953	2.5464818
-53.025803	9.3974609	2.4118707
-57.020142	9.4072266	2.2725239
-55.279945	9.4169922	2.1312044
-62.959061	9.4267578	1.9887418
-60.128563	9.4365234	1.8428564
-58.692413	9.4462891	1.6975954
-58.923733	9.4560547	1.5500202
-52.296371	9.4658203	1.3993905
-46.978714	9.4755859	1.2500733
-47.020313	9.4853516	1.0979369
-45.134811	9.4951172	0.94620883
-46.878834	9.5048828	0.79220533
-57.353195	9.5146484	0.63788891
-65.180412	9.5244141	0.48279166
-67.063858	9.5341797	0.32727718
-71.495354	9.5439453	0.1726687
-64.90464	9.5537109	0.016498566
-64.453995	9.5634766	-0.13878196
-55.206589	9.5732422	-0.29357374
-62.651844	9.5830078	-0.45060068
-39.713783	9.5927734	-0.60575753
-58.50877	9.6025391	-0.75828582
-49.927818	9.6123047	-0.91199726
-52.080677	9.6220703	-1.0655552
-49.328617	9.6318359	-1.2158155
-51.032124	9.6416016	-1.3665348
-51.761677	9.6513672	-1.5162661
-42.615158	9.6611328	-1.6645968
-53.56303	9.6708984	-1.8097506
-55.477081	9.6806641	-1.9542247
-52.550331	9.6904297	-2.0966649
-62.87986	9.7001953	-2.2365303
-47.943138	9.7099609	-2.3760571
-52.275093	9.7197266	-2.5124164
-52.133121	9.7294922	-2.6458278
-42.605816	9.7392578	-2.7765512
-38.321388	9.7490234	-2.9050663
-34.029305	9.7587891	-3.0328512
-35.338032	9.7685547	-3.1555355
-39.854111	9.7783203	-3.2746389
-33.201931	9.7880859	-3.3905134
-45.067341	9.7978516	-3.5048783
-40.128651	9.8076172	-3.6145926
-29.181353	9.8173828	-3.7213922
-35.292736	9.8271484	-3.8254037
-33.863716	9.8369141	-3.92413
-28.738997	9.8466797	-4.0216341
-35.021442	9.8564453	-4.1146698
-23.630762	9.8662109	-4.2021303
-31.270367	9.8759766	-4.2888136
-22.111275	9.8857422	-4.3684154
-25.898985	9.8955078	-4.4461236
-16.533863	9.9052734	-4.5184255
-21.337181	9.9150391	-4.5871482
-31.659521	9.9248047	-4.6511412
-3.7639287	9.9345703	-4.710947
-34.396198	9.9443359	-4.7667727
-17.496	9.9541016	-4.8187895
-3.630214	9.9638672	-4.8655748
-26.135124	9.9736328	-4.908493
-22.881395	9.9833984	-4.9464521
-5.0485716	9.9931641	-4.9797921
-5.400763	10.00293	-5.0084724
-9.4372549	10.012695	-5.0326915
-16.964705	10.022461	-5.0512629
-17.741798	10.032227	-5.0667005
-16.013369	10.041992	-5.0767841
-12.938469	10.051758	-5.0815163
-8.2649183	10.061523	-5.081965
0.90679389	10.071289	-5.078712
2.1445215	10.081055	-5.0681071
5.1551499	10.09082	-5.05511
8.4509144	10.100586	-5.0354929
31.662979	10.110352	-5.011548
38.722488	10.120117	-4.9820795
35.872849	10.129883	-4.9477339
53.47683	10.139648	-4.9099355
55.820515	10.149414	-4.8660474
35.710384	10.15918	-4.8178968
52.276028	10.168945	-4.7645512
64.257515	10.178711	-4.7076674
36.801037	10.188477	-4.6457767
60.641747	10.198242	-4.5798345
61.987282	10.208008	-4.5094671
37.572472	10.217773	-4.4339952
79.589111	10.227539	-4.3558779
36.598515	10.237305	-4.2705817
70.386368	10.24707	-4.1844368
49.940571	10.256836	-4.0922241
67.539635	10.266602	-3.9984732
56.237625	10.276367	-3.8993835
61.498314	10.286133	-3.7965088
63.228355	10.295898	-3.6916108
59.660465	10.305664	-3.5808742
60.891983	10.31543	-3.4681544
65.609756	10.325195	-3.3534243
60.440483	10.334961	-3.2332048
60.996483	10.344727	-3.1108379
71.545914	10.354492	-2.98561
63.906506	10.364258	-2.8578923
65.064468	10.374023	-2.7283833
68.22847	10.383789	-2.5951161
70.448448	10.393555	-2.4594247
74.568581	10.40332	-2.3202195
75.107964	10.413086	-2.1822274
73.277306	10.422852	-2.0387962
70.046951	10.432617	-1.8960059
72.253891	10.442383	-1.7504408
71.987617	10.452148	-1.6045004
72.161697	10.461914	-1.4548182
72.29586	10.47168	-1.304476
73.485886	10.481445	-1.1554182
71.486893	10.491211	-1.0024756
69.509224	10.500977	-0.84872395
76.429535	10.510742	-0.69532394
73.142197	10.520508	-0.54069608
72.965523	10.530273	-0.38554668
81.159271	10.540039	-0.23079813
77.854271	10.549805	-0.074872375
80.739098	10.55957	0.080725551
78.887497	10.569336	0.23628175
72.766479	10.579102	0.39066672
74.372375	10.588867	0.54656863
74.19883	10.598633	0.70108473
69.565475	10.608398	0.8562237
70.692032	10.618164	1.0079801
68.651894	10.62793	1.1593416
67.556213	10.637695	1.31004
70.195068	10.647461	1.458864
71.209183	10.657227	1.6087725
75.636284	10.666992	1.7542392
74.603531	10.676758	1.8987328
79.62764	10.686523	2.0438075
72.90316	10.696289	2.1845326
71.752983	10.706055	2.3219228
68.035698	10.71582	2.4599373
64.53949	10.725586	2.594404
67.093849	10.735352	2.7274504
63.745544	10.745117	2.8577237
58.682873	10.754883	2.9847279
57.653545	10.764648	3.1077087
60.866173	10.774414	3.2287626
59.26347	10.78418	3.3467875
57.748978	10.793945	3.4610674
58.048817	10.803711	3.5728395
64.152077	10.813477	3.680572
54.8493	10.823242	3.7854538
63.884346	10.833008	3.8873882
60.509197	10.842773	3.9850326
55.734421	10.852539	4.0786042
65.989708	10.862305	4.1688724
51.106613	10.87207	4.2544975
63.586788	10.881836	4.3371453
49.811661	10.891602	4.4154363
56.841763	10.901367	4.4896288
50.06992	10.911133	4.5588689
43.479958	10.920898	4.624279
66.609734	10.930664	4.684423
37.543354	10.94043	4.7420068
42.703594	10.950195	4.7939196
57.063126	10.959961	4.8414125
38.449577	10.969727	4.8845305
29.090874	10.979492	4.924129
51.214775	10.989258	4.9581184
50.183659	10.999023	4.9874082
41.671623	11.008789	5.0135837
32.38559	11.018555	5.033143
22.09366	11.02832	5.0489888
25.341753	11.038086	5.060883
23.953875	11.047852	5.0663934
23.673393	11.057617	5.0683036
13.846601	11.067383	5.067493
-4.3553066	11.077148	5.0586596
-12.445868	11.086914	5.046989
-12.906885	11.09668	5.0302849
-14.623906	11.106445	5.0083532
-16.316563	11.116211	4.9826221
-16.912352	11.125977	4.951139
-23.437162	11.135742	4.9163475
-23.389235	11.145508	4.8760428
-19.346027	11.155273	4.8304543
-44.776978	11.165039	4.7822161
-22.106001	11.174805	4.7269626
-24.108145	11.18457	4.667552
-47.47192	11.194336	4.6055751
-19.012659	11.204102	4.5375152
-39.299637	11.213867	4.4655843
-45.437611	11.223633	4.3891115
-19.11854	11.233398	4.3084307
-56.232758	11.243164	4.2230144
-28.428633	11.25293	4.1334181
-47.498951	11.262695	4.0412993
-42.780663	11.272461	3.9441302
-40.672543	11.282227	3.8442464
-49.061234	11.291992	3.7386582
-38.185486	11.301758	3.6304936
-43.39558	11.311523	3.5204024
-49.568352	11.321289	3.4044266
-35.493904	11.331055	3.2866478
-45.567589	11.34082	3.1670525
-47.010918	11.350586	3.0436144
-39.298679	11.360352	2.9163465
-43.506477	11.370117	2.7868211
-43.967819	11.379883	2.6555941
-50.968513	11.389648	2.5210619
-56.735741	11.399414	2.3845627
-54.766586	11.40918	2.2434785
-54.757824	11.418945	2.1032691
-54.611614	11.428711	1.9589529
-52.027893	11.438477	1.8135786
-56.32513	11.448242	1.6679511
-51.16301	11.458008	1.5201598
-50.140766	11.467773	1.3708069
-47.240139	11.477539	1.21997
-48.742302	11.487305	1.0670722
-48.811932	11.49707	0.9147346
-41.885883	11.506836	0.75986832
-51.689903	11.516602	0.60539097
-50.673611	11.526367	0.45133978
-63.633614	11.536133	0.29596239
-67.459213	11.545898	0.13981313
-61.52821	11.555664	-0.015842915
-61.327801	11.56543	-0.17091185
-58.035984	11.575195	-0.32629222
-49.963139	11.584961	-0.48251003
-59.019981	11.594727	-0.63530207
-41.222351	11.604492	-0.79067498
-57.227013	11.614258	-0.94345361
-52.661716	11.624023	-1.0958805
-53.20269	11.633789	-1.2468576
-57.733398	11.643555	-1.3977065
-47.979618	11.65332	-1.5473173
-59.310566	11.663086	-1.6944752
-50.745861	11.672852	-1.8390431
-59.243301	11.682617	-1.9839182
-42.85717	11.692383	-2.1255941
-51.220352	11.702148	-2.2659926
-54.681267	11.711914	-2.4049416
-42.136604	11.72168	-2.5391831
-57.299191	11.731445	-2.6715665
-41.348568	11.741211	-2.8031185
-39.933144	11.750977	-2.9308796
-36.930573	11.760742	-3.0551047
-38.426617	11.770508	-3.1783164
-37.406979	11.780273	-3.2980471
-30.661224	11.790039	-3.4133658
-31.191147	11.799805	-3.5270348
-42.807789	11.80957	-3.6363051
-28.158817	11.819336	-3.7421494
-37.472115	11.829102	-3.8445144
-35.867176	11.838867	-3.9436011
-25.989559	11.848633	-4.03966
-43.329388	11.858398	-4.1299939
-19.191893	11.868164	-4.2194366
-33.549744	11.87793	-4.3029041
-18.881716	11.887695	-4.3839679
-31.781651	11.897461	-4.4593019
-12.314692	11.907227	-4.5319886
-26.406649	11.916992	-4.5992227
-25.360544	11.926758	-4.6626449
-5.0216565	11.936523	-4.721828
-36.311939	11.946289	-4.7757521
-10.17116	11.956055	-4.8275084
-4.8282442	11.96582	-4.8737721
-30.330988	11.975586	-4.914546
-20.870148	11.985352	-4.9518809
-3.9573526	11.995117	-4.9847975
-7.1417422	12.004883	-5.0124364
-12.376148	12.014648	-5.0356641
-18.045656	12.024414	-5.0551295
-17.86796	12.03418	-5.0677271
-18.981636	12.043945	-5.0764427
-13.789058	12.053711	-5.0812812
-7.0287848	12.063477	-5.0818605
0.8260715	12.073242	-5.0761728
3.1597795	12.083008	-5.0647526
5.376688	12.092773	-5.0500078
9.0008717	12.102539	-5.0290899
33.49427	12.112305	-5.0045729
38.101742	12.12207	-4.9747868
38.742775	12.131836	-4.9401031
57.149895	12.141602	-4.8996925
49.547047	12.151367	-4.854949
33.816563	12.161133	-4.8058243
58.537823	12.170898	-4.753469
58.371544	12.180664	-4.6948867
35.180328	12.19043	-4.6305685
72.058861	12.200195	-4.5653567
49.931774	12.209961	-4.4936461
47.56155	12.219727	-4.4176354
78.617592	12.229492	-4.3380737
36.0858	12.239258	-4.2534647
73.536545	12.249023	-4.1672378
48.67403	12.258789	-4.0744452
66.879768	12.268555	-3.979239
55.978104	12.27832	-3.8787947
60.517517	12.288086	-3.775713
63.595192	12.297852	-3.6702826
60.276779	12.307617	-3.5592005
56.186497	12.317383	-3.4454479
68.974487	12.327148	-3.3294215
60.567894	12.336914	-3.2091589
58.528152	12.34668	-3.0864849
73.019371	12.356445	-2.960211
64.08773	12.366211	-2.8316453
69.630592	12.375977	-2.7017906
66.122131	12.385742	-2.5673761
66.277107	12.395508	-2.4317055
76.910408	12.405273	-2.2932291
73.122375	12.415039	-2.1533861
75.211021	12.424805	-2.0113156
73.130203	12.43457	-1.8671125
71.728783	12.444336	-1.7226651
70.775581	12.454102	-1.5742868
66.493256	12.463867	-1.4255509
70.301506	12.473633	-1.2760878
69.376938	12.483398	-1.124537
71.707748	12.493164	-0.97313225
72.756348	12.50293	-0.81938058
75.538719	12.512695	-0.66378564
78.009888	12.522461	-0.50961524
75.096001	12.532227	-0.35412759
81.021942	12.541992	-0.19881874
79.502945	12.551758	-0.043700635
79.023773	12.561523	0.11188537
78.670135	12.571289	0.26657283
71.279716	12.581055	0.42231977
71.667023	12.59082	0.57773143
72.574066	12.600586	0.73190778
71.874023	12.610352	0.88679641
69.82489	12.620117	1.0377452
68.581039	12.629883	1.1891544
73.274078	12.639648	1.3396814
71.685219	12.649414	1.4894664
72.909874	12.65918	1.6369939
74.476486	12.668945	1.7841578
73.461433	12.678711	1.9279003
77.124641	12.688477	2.0698488
73.305756	12.698242	2.2112398
71.780579	12.708008	2.3505688
68.883293	12.717773	2.4867342
62.630245	12.727539	2.6207895
66.388229	12.737305	2.7536244
66.290115	12.74707	2.8823779
63.28352	12.756836	3.0086026
59.608326	12.766602	3.1321764
61.853275	12.776367	3.2516167
66.413933	12.786133	3.3696935
61.036057	12.795898	3.4836993
59.139843	12.805664	3.595011
69.313782	12.81543	3.7019088
58.191879	12.825195	3.8061097
61.512627	12.834961	3.9075329
67.152489	12.844727	4.0033817
50.600082	12.854492	4.0967941
68.700714	12.864258	4.1850314
49.185432	12.874023	4.2710752
64.203094	12.883789	4.3521328
47.560909	12.893555	4.4292493
65.205338	12.90332	4.5023756
42.862194	12.913086	4.5717969
49.670261	12.922852	4.6365485
65.867432	12.932617	4.6964364
36.697887	12.942383	4.7530398
47.125225	12.952148	4.8029499
57.663563	12.961914	4.8504872
36.916241	12.97168	4.8934741
30.076027	12.981445	4.9322171
53.652302	12.991211	4.9649105
47.343296	13.000977	4.9930735
37.615433	13.010742	5.0172224
28.83639	13.020508	5.0366001
23.501516	13.030273	5.0515757
25.008339	13.040039	5.0621824
23.663137	13.049805	5.0669208
21.966454	13.05957	5.0689178
10.691676	13.069336	5.0649838
-6.5158935	13.079102	5.0568686
-12.417149	13.088867	5.0435438
-12.914837	13.098633	5.0263448
-14.30763	13.108398	5.0046163
-15.639409	13.118164	4.976727
-17.631763	13.12793	4.9450412
-16.428112	13.137695	4.9091115
-22.476307	13.147461	4.8679547
-27.579081	13.157227	4.8208609
-40.988834	13.166992	4.7710195
-20.790146	13.176758	4.7146573
-27.661083	13.186523	4.6569095
-45.844936	13.196289	4.5918984
-15.499513	13.206055	4.5229688
-47.150791	13.21582	4.450254
-34.51202	13.225586	4.3735728
-28.694712	13.235352	4.2910962
-49.10297	13.245117	4.2065754
-34.868858	13.254883	4.1149588
-41.422878	13.264648	4.0215983
-47.52837	13.274414	3.9241819
-37.763535	13.28418	3.8231134
-52.589817	13.293945	3.7182927
-36.885834	13.303711	3.6082819
-38.904812	13.313477	3.4971862
-52.551666	13.323242	3.3825829
-35.453983	13.333008	3.2638981
-43.06057	13.342773	3.1420021
-45.103519	13.352539	3.0183048
-47.899796	13.362305	2.8905125
-43.689667	13.37207	2.7602613
-43.405396	13.381836	2.6278825
-48.517426	13.391602	2.4924934
-55.199932	13.401367	2.3571014
-56.86211	13.411133	2.2157192
-54.570171	13.420898	2.0749702
-55.037937	13.430664	1.9309416
-49.432575	13.44043	1.7838895
-53.544857	13.450195	1.6380057
-51.343315	13.459961	1.4886439
-52.87196	13.469727	1.3388917
-58.435589	13.479492	1.1876061
-54.145756	13.489258	1.0364234
-47.515881	13.499023	0.88336021
-47.909142	13.508789	0.72957873
-55.863625	13.518555	0.5759269
-53.891281	13.52832	0.42140484
-67.758026	13.538086	0.26497692
-66.011147	13.547852	0.10901839
-68.789604	13.557617	-0.047244132
-66.392662	13.567383	-0.20300746
-51.426174	13.577148	-0.3581658
-55.035473	13.586914	-0.5139634
-48.466274	13.59668	-0.66826344
-53.678276	13.606445	-0.82168877
-48.879162	13.616211	-0.97381622
-57.940777	13.625977	-1.1262999
-57.468132	13.635742	-1.2773186
-53.095238	13.645508	-1.4276832
-60.225288	13.655273	-1.5756309
-60.483543	13.665039	-1.7227843
-52.069199	13.674805	-1.868315
-45.862236	13.68457	-2.0118878
-49.841625	13.694336	-2.1540582
-56.546413	13.704102	-2.2934451
-55.418236	13.713867	-2.4321184
-50.272907	13.723633	-2.5657921
-42.902538	13.733398	-2.699028
-46.596161	13.743164	-2.8292046
-44.332981	13.75293	-2.9565349
-38.696381	13.762695	-3.0804009
-38.067951	13.772461	-3.2027647
-43.392017	13.782227	-3.3217773
-28.314278	13.791992	-3.4362421
-32.239697	13.801758	-3.5470724
-46.475407	13.811523	-3.6565423
-25.388041	13.821289	-3.7626119
-37.661495	13.831055	-3.864558
-44.348	13.84082	-3.9631202
-24.632015	13.850586	-4.0583611
-40.848053	13.860352	-4.1482434
-20.563917	13.870117	-4.2371931
-33.162151	13.879883	-4.3190703
-17.76059	13.889648	-4.3995633
-36.641254	13.899414	-4.4745536
-9.0655756	13.90918	-4.5461836
-36.773876	13.918945	-4.6128168
-16.143196	13.928711	-4.6742215
-10.801933	13.938477	-4.7331018
-36.69178	13.948242	-4.7861395
-3.4790835	13.958008	-4.8371716
-11.215091	13.967773	-4.8823686
-33.084663	13.977539	-4.9219427
-12.387464	13.987305	-4.959105
-3.395998	13.99707	-4.9904017
-4.854845	14.006836	-5.0185337
-11.63797	14.016602	-5.0406203
-16.041494	14.026367	-5.0583272
-14.450867	14.036133	-5.070117
-16.214535	14.045898	-5.0791397
-10.271673	14.055664	-5.0819068
-0.83097255	14.06543	-5.0804257
1.048122	14.075195	-5.0743089
3.7302263	14.084961	-5.0626202
6.2619338	14.094727	-5.0459414
16.192684	14.104492	-5.0247536
35.886868	14.114258	-4.9993067
37.758404	14.124023	-4.9693766
40.055458	14.133789	-4.9326448
60.187805	14.143555	-4.8915
44.522923	14.15332	-4.8466935
37.186436	14.163086	-4.7960773
65.82621	14.172852	-4.7423124
53.945084	14.182617	-4.6825724
39.919937	14.192383	-4.6185536
75.035927	14.202148	-4.5520945
41.165634	14.211914	-4.478219
62.238361	14.22168	-4.4023113
69.515274	14.231445	-4.321547
45.892521	14.241211	-4.2359738
73.621117	14.250977	-4.1480598
51.27681	14.260742	-4.0543823
63.737839	14.270508	-3.9589822
61.645103	14.280273	-3.8585334
55.294888	14.290039	-3.7541687
65.333145	14.299805	-3.6474838
63.434334	14.30957	-3.5363867
55.422707	14.319336	-3.4214272
66.098694	14.329102	-3.3042357
66.254402	14.338867	-3.1837077
63.097195	14.348633	-3.0595615
68.966698	14.358398	-2.9350326
69.249763	14.368164	-2.8072014
69.584129	14.37793	-2.6747391
68.922409	14.387695	-2.5410399
67.928215	14.397461	-2.4044394
73.911606	14.407227	-2.2655175
72.607407	14.416992	-2.1248312
75.976349	14.426758	-1.9820259
74.993828	14.436523	-1.8382802
74.182571	14.446289	-1.6922951
72.059517	14.456055	-1.5438348
65.469879	14.46582	-1.3947666
67.407761	14.475586	-1.2448862
71.037476	14.485352	-1.0951831
68.832016	14.495117	-0.94162822
74.464577	14.504883	-0.78813732
77.161026	14.514648	-0.63388795
78.785233	14.524414	-0.47862232
81.601341	14.53418	-0.32304972
83.636131	14.543945	-0.16801357
83.385239	14.553711	-0.013023615
77.582031	14.563477	0.14380217
79.187172	14.573242	0.29834062
70.782562	14.583008	0.45407265
71.609261	14.592773	0.6081298
69.655624	14.602539	0.76176226
67.589363	14.612305	0.9151265
71.390518	14.62207	1.0682926
70.046638	14.631836	1.220426
71.968018	14.641602	1.3691157
75.947777	14.651367	1.519309
72.8908	14.661133	1.6648664
77.961395	14.670898	1.8120959
72.767151	14.680664	1.9569278
72.653221	14.69043	2.098979
75.27729	14.700195	2.2384419
71.659576	14.709961	2.3769782
68.52652	14.719727	2.5137126
64.129974	14.729492	2.6475997
62.722088	14.739258	2.779299
62.913307	14.749023	2.9082835
67.798271	14.758789	3.032963
57.821785	14.768555	3.1569555
57.686546	14.77832	3.2760262
64.282761	14.788086	3.3921151
61.669811	14.797852	3.5065069
54.504269	14.807617	3.6160946
67.585373	14.817383	3.7234485
55.621647	14.827148	3.8267806
55.625977	14.836914	3.9260387
66.463646	14.84668	4.0223556
44.699829	14.856445	4.1148958
62.884151	14.866211	4.2027922
45.089069	14.875977	4.2879462
58.137638	14.885742	4.3683095
41.828712	14.895508	4.4450121
58.814697	14.905273	4.5170264
37.515755	14.915039	4.5863018
50.43536	14.924805	4.6489639
53.659855	14.93457	4.7077103
35.480534	14.944336	4.7623768
50.696568	14.954102	4.813458
49.661564	14.963867	4.859467
33.725315	14.973633	4.901485
34.185665	14.983398	4.9380345
54.387409	14.993164	4.9706059
44.734386	15.00293	4.9989028
32.617432	15.012695	5.0222263
25.664572	15.022461	5.0398426
23.098511	15.032227	5.053906
26.011757	15.041992	5.0625548
25.301729	15.051758	5.0682025
20.986179	15.061523	5.0689178
5.2760353	15.071289	5.0632224
-8.0950556	15.081055	5.054863
-12.931798	15.09082	5.0406561
-13.206317	15.100586	5.0221696
-15.332689	15.110352	4.9995704
-15.769468	15.120117	4.9702926
-16.4508	15.129883	4.9378438
-14.783105	15.139648	4.901175
-16.876486	15.149414	4.8583612
-17.418596	15.15918	4.8111038
-50.845337	15.168945	4.7605648
-22.220274	15.178711	4.7044053
-25.388889	15.188477	4.6437783
-47.735146	15.198242	4.5784636
-15.074795	15.208008	4.5079308
-50.320187	15.217773	4.436882
-27.576193	15.227539	4.355617
-33.360451	15.237305	4.2743402
-43.151329	15.24707	4.1883321
-40.203926	15.256836	4.0964947
-36.376015	15.266602	4.0021286
-49.842266	15.276367	3.9033918
-36.456146	15.286133	3.8015187
-51.060669	15.295898	3.6975474
-41.518837	15.305664	3.5875945
-37.227978	15.31543	3.474407
-47.785954	15.325195	3.3576562
-39.146656	15.334961	3.2390804
-44.467663	15.344727	3.1185911
-40.101818	15.354492	2.9933259
-48.573906	15.364258	2.8658688
-49.022434	15.374023	2.7352676
-46.775738	15.383789	2.600889
-47.534912	15.393555	2.4661467
-54.856682	15.40332	2.3289323
-58.446697	15.413086	2.1879807
-59.662048	15.422852	2.0463169
-58.109905	15.432617	1.9005775
-53.351349	15.442383	1.7546654
-52.779819	15.452148	1.6069725
-47.678478	15.461914	1.4567196
-48.321171	15.47168	1.3064951
-49.609283	15.481445	1.1567547
-49.699055	15.491211	1.0034978
-46.238281	15.500977	0.8489415
-52.198734	15.510742	0.69621652
-51.246235	15.520508	0.54107606
-54.306278	15.530273	0.38706809
-52.287758	15.540039	0.23146123
-55.082947	15.549805	0.076277554
-61.289406	15.55957	-0.079530478
-53.148403	15.569336	-0.23533106
-54.977066	15.579102	-0.39130747
-48.205009	15.588867	-0.54455996
-47.011719	15.598633	-0.70005655
-46.77877	15.608398	-0.85361749
-44.664776	15.618164	-1.0064886
-44.999737	15.62793	-1.1574298
-47.475471	15.637695	-1.3088584
-44.897987	15.647461	-1.4590532
-47.141033	15.657227	-1.6071141
-55.418991	15.666992	-1.752846
-51.97369	15.676758	-1.8980622
-50.846302	15.686523	-2.0412579
-52.480072	15.696289	-2.1826611
-59.141731	15.706055	-2.3208559
-38.740608	15.71582	-2.4583564
-47.883518	15.725586	-2.592963
-46.298828	15.735352	-2.7249112
-33.674751	15.745117	-2.8541327
-53.294468	15.754883	-2.9797137
-32.520016	15.764648	-3.1052663
-35.852951	15.774414	-3.2249808
-45.066422	15.78418	-3.3437893
-34.84734	15.793945	-3.4587636
-25.875576	15.803711	-3.5702796
-41.179451	15.813477	-3.6780729
-31.392403	15.823242	-3.7824228
-33.636379	15.833008	-3.8834572
-46.771824	15.842773	-3.9825888
-25.774677	15.852539	-4.0766582
-46.378666	15.862305	-4.1652427
-25.480043	15.87207	-4.2528586
-38.016121	15.881836	-4.3350773
-23.692638	15.891602	-4.4163184
-33.688885	15.901367	-4.4892626
-15.297626	15.911133	-4.5581861
-41.965801	15.920898	-4.6236262
-5.4633827	15.930664	-4.6859117
-15.881669	15.94043	-4.7442718
-35.834232	15.950195	-4.7958536
-2.523139	15.959961	-4.8462672
-12.221793	15.969727	-4.8904271
-34.60009	15.979492	-4.9292965
-10.576064	15.989258	-4.9663887
-1.8782797	15.999023	-4.99682
-6.0264368	16.008789	-5.0229564
-12.530969	16.018555	-5.0437541
-16.570335	16.02832	-5.0606265
-13.214152	16.038086	-5.0717888
-13.582083	16.047852	-5.0798879
-9.1454716	16.057617	-5.0816073
0.72129768	16.067383	-5.0797434
1.217099	16.077148	-5.0703154
4.2221627	16.086914	-5.0599322
7.8397336	16.09668	-5.0426526
20.969402	16.106445	-5.0208225
37.402515	16.116211	-4.9930229
38.137939	16.125977	-4.9615159
44.85677	16.135742	-4.9238977
61.501198	16.145508	-4.8821659
39.375885	16.155273	-4.8358006
43.246803	16.165039	-4.7837124
68.228455	16.174805	-4.7299223
46.683247	16.18457	-4.6685071
45.811832	16.194336	-4.6051264
77.415932	16.204102	-4.5378075
36.960682	16.213867	-4.4626923
70.457176	16.223633	-4.3859019
56.325771	16.233398	-4.3048577
53.38097	16.243164	-4.21907
62.2164	16.25293	-4.1293173
60.692078	16.262695	-4.0354805
55.499428	16.272461	-3.9382114
65.806343	16.282227	-3.8385272
55.584656	16.291992	-3.7322297
61.416626	16.301758	-3.6246047
68.151978	16.311523	-3.5144181
55.172596	16.321289	-3.3990159
67.032654	16.331055	-3.2811165
66.040977	16.34082	-3.1607137
64.536438	16.350586	-3.0348465
64.005692	16.360352	-2.9095888
68.517845	16.370117	-2.7800336
69.985909	16.379883	-2.6478291
73.12439	16.389648	-2.5131016
66.64209	16.399414	-2.3753271
71.625198	16.40918	-2.2369533
70.702301	16.418945	-2.0959854
74.002792	16.428711	-1.9530714
74.821831	16.438477	-1.8094391
74.019592	16.448242	-1.6628132
74.229362	16.458008	-1.515612
66.325516	16.467773	-1.3657182
69.505966	16.477539	-1.2144923
68.552406	16.487305	-1.0633409
68.132957	16.49707	-0.90992898
72.906487	16.506836	-0.75539798
76.060829	16.516602	-0.60203969
75.365402	16.526367	-0.44759214
84.048477	16.536133	-0.2920121
79.681816	16.545898	-0.13750941
84.95871	16.555664	0.019170344
77.769417	16.56543	0.17524064
79.347939	16.575195	0.32972097
69.43631	16.584961	0.48507303
71.348503	16.594727	0.63891411
66.791588	16.604492	0.79238862
70.017242	16.614258	0.94575286
69.482132	16.624023	1.0978132
68.631012	16.633789	1.2497292
72.926643	16.643555	1.3996885
73.86956	16.65332	1.5485897
77.880394	16.663086	1.6951904
74.702026	16.672852	1.8404171
76.311363	16.682617	1.9840047
70.241028	16.692383	2.1267681
71.091377	16.702148	2.2663281
70.326347	16.711914	2.4051189
68.563805	16.72168	2.5400372
65.805923	16.731445	2.6741967
59.523281	16.741211	2.805552
58.251778	16.750977	2.9330611
65.155762	16.760742	3.0580893
60.850426	16.770508	3.1816244
55.24971	16.780273	3.2999322
61.221367	16.790039	3.4154222
61.303089	16.799805	3.5283537
54.436287	16.80957	3.6375954
63.301579	16.819336	3.7441759
60.341675	16.829102	3.8471177
54.331303	16.838867	3.9457588
66.335396	16.848633	4.040031
48.920029	16.858398	4.1330976
62.831989	16.868164	4.2200475
48.730381	16.87793	4.3047562
58.585239	16.887695	4.3845162
45.955532	16.897461	4.4598594
64.716049	16.907227	4.5307117
38.078503	16.916992	4.5984731
59.625839	16.926758	4.6606169
47.704239	16.936523	4.7190652
38.075035	16.946289	4.7734065
56.256947	16.956055	4.822691
44.864891	16.96582	4.8676891
31.920851	16.975586	4.909791
42.900455	16.985352	4.9449458
54.944511	16.995117	4.9768014
44.455917	17.004883	5.0036387
34.157467	17.014648	5.0265865
24.333668	17.024414	5.0433025
24.131907	17.03418	5.0568686
25.858906	17.043945	5.0643339
24.06625	17.053711	5.0678864
19.798975	17.063477	5.0675077
0.95760918	17.073242	5.0625696
-11.998997	17.083008	5.0519152
-13.44952	17.092773	5.0371423
-13.60618	17.102539	5.0170288
-16.498856	17.112305	4.993896
-16.480556	17.12207	4.9636526
-16.765913	17.131836	4.9304023
-17.025146	17.141602	4.8922644
-17.259911	17.151367	4.8494892
-31.762104	17.161133	4.8014627
-42.157104	17.170898	4.7504501
-11.888286	17.180664	4.691978
-43.306767	17.19043	4.6303377
-29.475407	17.200195	4.5654135
-22.48711	17.209961	4.4946117
-53.36676	17.219727	4.4202166
-17.653954	17.229492	4.3406444
-48.305386	17.239258	4.2577848
-28.227619	17.249023	4.1692348
-49.138142	17.258789	4.0787964
-35.122852	17.268555	3.9831474
-47.49234	17.27832	3.8843961
-43.250725	17.288086	3.7813232
-43.99675	17.297852	3.6747322
-45.556038	17.307617	3.5651951
-41.775055	17.317383	3.4520612
-38.3395	17.327148	3.3350081
-44.520653	17.336914	3.215693
-45.09441	17.34668	3.092356
-35.488678	17.356445	2.9673741
-46.974361	17.366211	2.8376877
-50.041115	17.375977	2.7078345
-53.457977	17.385742	2.5745585
-52.663311	17.395508	2.4386554
-56.03117	17.405273	2.3002653
-60.15424	17.415039	2.1606803
-60.614071	17.424805	2.0175412
-60.431683	17.43457	1.8734322
-61.203842	17.444336	1.7261773
-55.198929	17.454102	1.5772715
-46.647373	17.463867	1.4266536
-51.987499	17.473633	1.2761474
-46.015553	17.483398	1.1254563
-45.520184	17.493164	0.9738341
-44.043991	17.50293	0.81825107
-50.630173	17.512695	0.66556334
-53.988842	17.522461	0.51220208
-58.043167	17.532227	0.35610199
-56.439545	17.541992	0.2006337
-58.252144	17.551758	0.045403838
-61.930519	17.561523	-0.10887086
-59.457787	17.571289	-0.26466846
-60.662209	17.581055	-0.42015016
-54.906948	17.59082	-0.57321042
-55.661858	17.600586	-0.72779953
-48.575375	17.610352	-0.88213533
-53.633518	17.620117	-1.0341272
-41.291306	17.629883	-1.1862963
-60.415653	17.639648	-1.3372689
-61.788803	17.649414	-1.4869497
-57.949799	17.65918	-1.6347647
-64.342865	17.668945	-1.7805457
-53.625984	17.678711	-1.9260778
-43.478565	17.688477	-2.0680161
1.731771	17.698242	-2.1581039
5.4058619	17.708008	-2.2001936
-8.6825228	17.717773	-2.2190988
-10.780036	17.727539	-2.228941
-11.746922	17.737305	-2.2347972
-11.900533	17.74707	-2.2372081
-11.554989	17.756836	-2.2381797
-10.435702	17.766602	-2.2382021
-10.548811	17.776367	-2.2380397
-6.6103997	17.786133	-2.2371411
-3.4692931	17.795898	-2.2370667
-1.0382966	17.805664	-2.2378385
2.3199477	17.81543	-2.2368863
4.7914219	17.825195	-2.2359862
4.3611627	17.834961	-2.2345498
5.0932751	17.844727	-2.2343769
4.4591494	17.854492	-2.2337346
4.5549474	17.864258	-2.2334428
4.9247522	17.874023	-2.2335558
5.0858479	17.883789	-2.2342935
5.1265349	17.893555	-2.2326634
5.5268173	17.90332	-2.2328212
5.186058	17.913086	-2.2316992
5.1509242	17.922852	-2.2318647
6.135879	17.932617	-2.2305698
5.1298528	17.942383	-2.2309005
6.3180342	17.952148	-2.2299066
6.4515042	17.961914	-2.2302895
5.6521735	17.97168	-2.2290633
6.2269273	17.981445	-2.2290707
6.2242618	17.991211	-2.2274911
6.575254	18.000977	-2.2270753
6.0341086	18.010742	-2.2265763
6.8025665	18.020508	-2.225265
6.3666377	18.030273	-2.225189
6.7126241	18.040039	-2.2240446
7.538311	18.049805	-2.2248909
6.5890255	18.05957	-2.2251935
7.0127077	18.069336	-2.2237911
7.2650146	18.079102	-2.2234991
7.2441998	18.088867	-2.2240982
7.3278322	18.098633	-2.2226677
7.1057234	18.108398	-2.2222936
7.1136279	18.118164	-2.2223518
7.238821	18.12793	-2.2215619
7.0095758	18.137695	-2.2212296
6.9664326	18.147461	-2.2214084
7.7154603	18.157227	-2.2213578
7.193419	18.166992	-2.2196321
6.6492705	18.176758	-2.2204757
7.4869838	18.186523	-2.2198663
7.1810908	18.196289	-2.2194371
