MTS793|MPT|ENU|1|2|.|/|:|1|0|0|A

Data Acquisition						Time:	10.523438	s	4/12/2018 4:55:55 PM
Axial Force	Running Time	Axial Displacement
N	s	mm
-4.293653	0.012695313	2.7781775
-4.608964	0.022460938	2.7773628
-3.406359	0.032226563	2.7772071
4.3958311	0.041992188	2.7875378
6.065145	0.051757813	2.8447769
8.8626633	0.061523438	2.9733665
11.370098	0.071289063	3.1853983
11.684279	0.081054688	3.4783456
13.332977	0.090820313	3.8485343
15.145587	0.10058594	4.2813401
13.297459	0.11035156	4.7649765
16.91198	0.12011719	5.2860427
17.581566	0.12988281	5.8320985
16.864132	0.13964844	6.3902941
27.948914	0.14941406	6.9453154
23.197405	0.15917969	7.4876528
21.010881	0.16894531	8.0041904
21.541986	0.17871094	8.4813557
19.720692	0.18847656	8.9109163
18.284527	0.19824219	9.279665
16.298574	0.20800781	9.5812693
13.86134	0.21777344	9.8088284
13.52866	0.22753906	9.9570045
9.0181475	0.23730469	10.027346
-14.426617	0.24707031	9.9711342
-21.86941	0.25683594	9.7000351
-22.757135	0.26660156	9.1641703
-22.301601	0.27636719	8.3850603
-19.584316	0.28613281	7.4103446
-20.508224	0.29589844	6.2688518
-17.466059	0.30566406	4.9749651
-47.397346	0.31542969	3.5708501
-44.916676	0.32519531	2.0792677
-27.061405	0.33496094	0.5490669
-23.650635	0.34472656	-0.99089301
-26.039454	0.35449219	-2.5080185
-32.30928	0.36425781	-3.9640539
-26.192656	0.37402344	-5.3216538
-23.469072	0.38378906	-6.5534201
-19.071705	0.39355469	-7.6288004
-19.177422	0.40332031	-8.5271368
-13.045211	0.41308594	-9.2226553
-11.231948	0.42285156	-9.6961031
-3.9365258	0.43261719	-9.9613314
0.21879095	0.44238281	-10.036404
16.140739	0.45214844	-9.9077349
9.2352972	0.46191406	-9.5102816
18.978235	0.47167969	-8.866991
13.581698	0.48144531	-7.9914036
15.237346	0.49121094	-6.9311857
15.084167	0.50097656	-5.710433
41.393085	0.51074219	-4.3507261
-10.182394	0.52050781	-2.8902526
12.281246	0.53027344	-1.3756667
31.938776	0.54003906	0.16627377
22.613659	0.54980469	1.7027764
19.130617	0.55957031	3.1921422
20.997622	0.56933594	4.6038866
27.931866	0.57910156	5.9087605
27.524185	0.58886719	7.0715275
17.478678	0.59863281	8.0687857
13.304665	0.60839844	8.8712683
21.3043	0.61816406	9.447629
8.6044779	0.62792969	9.8268909
2.802629	0.63769531	9.9943562
-16.919699	0.64746094	9.9691601
-22.03706	0.65722656	9.7088184
-25.243137	0.66699219	9.1753645
-25.87299	0.67675781	8.3935995
-19.994646	0.68652344	7.4202046
-21.357161	0.69628906	6.2704716
-17.508352	0.70605469	4.9697709
-38.289825	0.71582031	3.5401556
-21.018682	0.72558594	2.0456328
-18.758047	0.73535156	0.51139414
-32.59771	0.74511719	-1.0359874
-31.315453	0.75488281	-2.5485258
-25.008852	0.76464844	-4.0025153
-20.377466	0.77441406	-5.3556828
-19.169518	0.78417969	-6.5812688
-20.983908	0.79394531	-7.6516514
-14.273729	0.80371094	-8.5425653
-6.7738233	0.81347656	-9.2324371
-0.56513816	0.82324219	-9.6995583
-5.9105687	0.83300781	-9.9556532
1.5989295	0.84277344	-10.024855
13.002671	0.85253906	-9.8809929
18.787949	0.86230469	-9.4722271
12.826012	0.87207031	-8.8225317
14.263124	0.88183594	-7.9476728
11.347595	0.89160156	-6.8803172
16.48704	0.90136719	-5.6516256
-21.384621	0.91113281	-4.2867799
32.842415	0.92089844	-2.8291945
25.054987	0.93066406	-1.3104807
15.03554	0.94042969	0.23118863
17.488758	0.95019531	1.7641857
16.308039	0.95996094	3.2526488
21.578947	0.96972656	4.6627574
26.343018	0.97949219	5.9611087
24.643686	0.98925781	7.1199694
14.20232	0.99902344	8.1137047
17.334684	1.0087891	8.9057074
12.64757	1.0185547	9.4752035
5.3155003	1.0283203	9.8450108
4.4637594	1.0380859	10.005089
-19.163069	1.0478516	9.9716997
-27.176842	1.0576172	9.7005701
-20.042061	1.0673828	9.1561432
-23.623032	1.0771484	8.3657026
-22.50037	1.0869141	7.3838835
-19.234068	1.0966797	6.2291298
-21.10066	1.1064453	4.9235773
-14.301808	1.1162109	3.4945304
-19.140997	1.1259766	1.9950094
-30.465134	1.1357422	0.45541105
-39.052509	1.1455078	-1.0873073
-32.646149	1.1552734	-2.6000082
-22.914469	1.1650391	-4.0476265
-21.504446	1.1748047	-5.3979955
-22.547029	1.1845703	-6.6166453
-20.068626	1.1943359	-7.6813598
-19.240507	1.2041016	-8.5655365
-7.2477036	1.2138672	-9.2468519
-4.2775064	1.2236328	-9.7078257
-5.2170362	1.2333984	-9.956831
0.33922261	1.2431641	-10.017728
13.622094	1.2529297	-9.8644438
15.255633	1.2626953	-9.4442949
15.368348	1.2724609	-8.7840652
14.639238	1.2822266	-7.9012198
12.566533	1.2919922	-6.8269277
16.600872	1.3017578	-5.5965486
-12.360583	1.3115234	-4.226243
15.291001	1.3212891	-2.7632592
10.236586	1.3310547	-1.2419343
15.224144	1.3408203	0.30014896
23.667112	1.3505859	1.8298793
18.570868	1.3603516	3.3156316
25.665638	1.3701172	4.7223396
25.241787	1.3798828	6.016818
23.119053	1.3896484	7.1670237
13.717893	1.3994141	8.1540556
15.825172	1.4091797	8.9369526
9.5543222	1.4189453	9.5002174
7.3466682	1.4287109	9.8639994
3.8612168	1.4384766	10.012851
-16.961456	1.4482422	9.9694319
-24.887955	1.4580078	9.6884413
-20.343601	1.4677734	9.1325626
-25.395281	1.4775391	8.3352089
-21.826372	1.4873047	7.3454599
-18.231606	1.4970703	6.1829147
-19.049494	1.5068359	4.8726873
-15.935767	1.5166016	3.4454956
-30.156389	1.5263672	1.9395064
-34.743618	1.5361328	0.40170726
-36.62418	1.5458984	-1.1430538
-22.002123	1.5556641	-2.6540995
-24.466961	1.5654297	-4.1042194
-21.675997	1.5751953	-5.447176
-23.967064	1.5849609	-6.6605425
-16.533316	1.5947266	-7.7175465
-20.014343	1.6044922	-8.5944996
-7.7413044	1.6142578	-9.2678003
-7.4979267	1.6240234	-9.7184439
-4.571816	1.6337891	-9.9578791
1.9940082	1.6435547	-10.010976
13.473827	1.6533203	-9.8482084
13.895856	1.6630859	-9.4192142
15.988072	1.6728516	-8.7493105
15.080173	1.6826172	-7.8549294
13.011624	1.6923828	-6.7761049
15.860725	1.7021484	-5.5386248
-19.702	1.7119141	-4.1660371
20.69585	1.7216797	-2.7014313
12.768665	1.7314453	-1.1788346
11.939777	1.7412109	0.36532366
23.837046	1.7509766	1.8945444
18.111052	1.7607422	3.3783128
21.3489	1.7705078	4.7802744
18.675259	1.7802734	6.0709629
22.52949	1.7900391	7.2130637
15.14823	1.7998047	8.1937523
14.547176	1.8095703	8.9678984
11.226314	1.8193359	9.5224705
8.2976761	1.8291016	9.8762846
3.3758347	1.8388672	10.017696
-15.599863	1.8486328	9.9672785
-26.034016	1.8583984	9.6748142
-22.107992	1.8681641	9.1068621
-25.06324	1.8779297	8.3007813
-23.872068	1.8876953	7.3037128
-18.428312	1.8974609	6.1329098
-20.428061	1.9072266	4.8176956
-48.993526	1.9169922	3.3779647
-19.827194	1.9267578	1.8758892
-16.523758	1.9365234	0.33677304
-34.352776	1.9462891	-1.2014831
-35.737755	1.9560547	-2.713099
-23.866072	1.9658203	-4.1529875
-18.485006	1.9755859	-5.4942431
-16.234035	1.9853516	-6.707448
-21.214272	1.9951172	-7.7563257
-15.068148	2.0048828	-8.6239338
-9.6999931	2.0146484	-9.2869797
-1.312315	2.0244141	-9.7278786
-2.0159757	2.0341797	-9.961339
2.217025	2.0439453	-10.008327
13.799954	2.0537109	-9.8339739
17.109234	2.0634766	-9.3935833
16.40271	2.0732422	-8.713603
12.783811	2.0830078	-7.8149333
11.774676	2.0927734	-6.725472
14.570099	2.1025391	-5.4805346
-19.862761	2.1123047	-4.1034746
17.432611	2.1220703	-2.6372147
18.401857	2.1318359	-1.1137758
14.537491	2.1416016	0.42865676
16.638428	2.1513672	1.9572402
13.01706	2.1611328	3.4382291
17.627247	2.1708984	4.8401136
27.957657	2.1806641	6.1210127
27.791946	2.1904297	7.2592492
11.937483	2.2001953	8.2305975
11.707294	2.2099609	8.9966192
7.6781144	2.2197266	9.5443211
8.9852028	2.2294922	9.890028
0.81467444	2.2392578	10.023744
-20.704466	2.2490234	9.9621801
-26.812601	2.2587891	9.6599474
-20.98349	2.2685547	9.0819855
-25.997765	2.2783203	8.2669821
-23.624651	2.2880859	7.2627091
-19.186899	2.2978516	6.08424
-20.771019	2.3076172	4.7647376
-16.031916	2.3173828	3.3262467
-36.446121	2.3271484	1.8196127
-35.275345	2.3369141	0.28012908
-32.892242	2.3466797	-1.2611507
-22.528996	2.3564453	-2.7712872
-24.519873	2.3662109	-4.2095785
-16.901421	2.3759766	-5.5443192
-19.615294	2.3857422	-6.7473006
-15.261257	2.3955078	-7.7940578
-18.061569	2.4052734	-8.653718
-8.5685291	2.4150391	-9.308672
-7.0992274	2.4248047	-9.7394562
-4.2789731	2.4345703	-9.966135
3.1699078	2.4443359	-10.00362
12.876931	2.4541016	-9.8185835
14.280005	2.4638672	-9.3701067
16.282837	2.4736328	-8.6819496
15.455775	2.4833984	-7.7714596
12.605114	2.4931641	-6.6763201
16.104918	2.5029297	-5.4260178
-19.094917	2.5126953	-4.0428782
25.810068	2.5224609	-2.574676
15.061546	2.5322266	-1.0502697
13.171509	2.5419922	0.49245629
23.548935	2.5517578	2.0202439
18.61212	2.5615234	3.4982007
20.662113	2.5712891	4.8937473
14.110107	2.5810547	6.1732788
27.476513	2.5908203	7.3027143
14.469307	2.6005859	8.2665167
14.853804	2.6103516	9.023962
3.5166042	2.6201172	9.5628452
6.7517977	2.6298828	9.8998756
1.2406963	2.6396484	10.028064
-13.33534	2.6494141	9.957139
-25.143486	2.6591797	9.6434612
-22.07246	2.6689453	9.0553646
-23.875385	2.6787109	8.2303858
-23.377384	2.6884766	7.2212148
-19.616308	2.6982422	6.0361247
-21.507799	2.7080078	4.7075248
15.514401	2.7177734	3.2603211
-53.39122	2.7275391	1.7553906
-28.803923	2.7373047	0.21482156
-21.916664	2.7470703	-1.3218
-33.509617	2.7568359	-2.8253813
-29.378559	2.7666016	-4.2624736
-30.286669	2.7763672	-5.5942345
-11.973723	2.7861328	-6.7917542
-13.88765	2.7958984	-7.8268428
-17.058254	2.8056641	-8.6803846
-14.31735	2.8154297	-9.3282652
-4.6273928	2.8251953	-9.7512007
-4.3478212	2.8349609	-9.9691315
6.5448112	2.8447266	-10.000484
11.999265	2.8544922	-9.804986
16.689022	2.8642578	-9.3448639
17.998705	2.8740234	-8.6494551
14.449295	2.8837891	-7.732152
14.212599	2.8935547	-6.6279254
14.815433	2.9033203	-5.3719416
-6.8769207	2.9130859	-3.984565
-1.1810335	2.9228516	-2.5106409
13.402302	2.9326172	-0.98789519
32.114464	2.9423828	0.55559289
28.848932	2.9521484	2.081244
18.416323	2.9619141	3.5561552
21.830336	2.9716797	4.9465389
28.989342	2.9814453	6.2200861
24.696388	2.9912109	7.346457
12.589013	3.0009766	8.3030624
3.3969293	3.0107422	9.0555859
2.9280083	3.0205078	9.5783033
7.0678887	3.0302734	9.9069014
2.9154122	3.0400391	10.026949
-16.65646	3.0498047	9.9489317
-27.41497	3.0595703	9.6249342
-25.18302	3.0693359	9.026556
-24.126097	3.0791016	8.1969166
-21.498184	3.0888672	7.1783223
-22.210217	3.0986328	5.9853916
-18.889225	3.1083984	4.6503158
-54.996334	3.1181641	3.2126348
-22.319681	3.1279297	1.6980699
-18.803299	3.1376953	0.15602326
-29.255905	3.1474609	-1.3804262
-40.313801	3.1572266	-2.8850486
-34.504055	3.1669922	-4.3177085
-20.266685	3.1767578	-5.6465054
-12.514519	3.1865234	-6.8396521
-15.622715	3.1962891	-7.8655887
-21.760015	3.2060547	-8.7127151
-10.197784	3.2158203	-9.347043
-2.8290787	3.2255859	-9.7632761
-1.2430478	3.2353516	-9.9731483
6.0632243	3.2451172	-9.9984932
13.345351	3.2548828	-9.7904606
14.100247	3.2646484	-9.3195515
16.861244	3.2744141	-8.6147652
15.162315	3.2841797	-7.6916218
13.818429	3.2939453	-6.580689
15.196251	3.3037109	-5.3163562
6.5414119	3.3134766	-3.9270682
-4.3431997	3.3232422	-2.4479666
16.175304	3.3330078	-0.92560267
33.593079	3.3427734	0.61883897
23.928972	3.3525391	2.1440423
16.08642	3.3623047	3.6163952
27.811539	3.3720703	5.0019698
31.22962	3.3818359	6.2704768
15.296926	3.3916016	7.3898258
6.8438473	3.4013672	8.3370142
1.1861441	3.4111328	9.0766029
5.7826982	3.4208984	9.5986652
8.4310188	3.4306641	9.9195433
1.7084181	3.4404297	10.029989
-16.770151	3.4501953	9.9415541
-28.066338	3.4599609	9.6062632
-21.335087	3.4697266	8.9978456
-27.441326	3.4794922	8.1586142
-22.608995	3.4892578	7.1320529
-23.300365	3.4990234	5.9337654
-20.9062	3.5087891	4.5964499
-82.779839	3.5185547	3.1473193
-19.831991	3.5283203	1.6370046
-20.830286	3.5380859	0.096714586
-28.513128	3.5478516	-1.4417596
-24.461653	3.5576172	-2.9458375
-15.483832	3.5673828	-4.3729439
-16.53413	3.5771484	-5.6954489
-15.932054	3.5869141	-6.8791137
-22.08572	3.5966797	-7.903347
-12.435682	3.6064453	-8.7397633
-5.9235959	3.6162109	-9.3665361
-3.2470329	3.6259766	-9.773077
-4.6844945	3.6357422	-9.977582
0.81709588	3.6455078	-9.9930649
14.461658	3.6552734	-9.7758846
18.040773	3.6650391	-9.2956848
16.861652	3.6748047	-8.5795965
14.068069	3.6845703	-7.6498117
17.56848	3.6943359	-6.5334129
13.292744	3.7041016	-5.2653375
86.628899	3.7138672	-3.8736017
0.10298099	3.7236328	-2.3880255
21.586649	3.7333984	-0.86287355
35.735367	3.7431641	0.67991477
22.967775	3.7529297	2.2051096
26.702642	3.7626953	3.6734614
32.852409	3.7724609	5.0555425
18.042362	3.7822266	6.3182478
9.6880722	3.7919922	7.4317427
9.4853697	3.8017578	8.3732605
8.1886072	3.8115234	9.1032906
16.887196	3.8212891	9.6164389
5.1438227	3.8310547	9.9295368
-1.7508748	3.8408203	10.031129
-25.533373	3.8505859	9.9335089
-19.311987	3.8603516	9.5876932
-23.372343	3.8701172	8.9692945
-26.389141	3.8798828	8.1211681
-22.682175	3.8896484	7.0882645
-24.88658	3.8994141	5.88271
-21.018238	3.9091797	4.5404439
-115.17592	3.9189453	3.0867672
-17.422531	3.9287109	1.5754383
-22.723665	3.9384766	0.034226105
-33.687954	3.9482422	-1.5017251
-25.710173	3.9580078	-3.0011845
-9.249814	3.9677734	-4.4309397
-15.973253	3.9775391	-5.7443671
-19.422163	3.9873047	-6.924777
-21.3722	3.9970703	-7.9406176
-13.596482	4.0068359	-8.7676258
-3.950973	4.0166016	-9.3889189
-5.5034761	4.0263672	-9.7849169
-4.8237271	4.0361328	-9.981904
2.7770059	4.0458984	-9.9902058
14.771253	4.0556641	-9.7613297
17.674849	4.0654297	-9.274725
18.436007	4.0751953	-8.5458317
13.899907	4.0849609	-7.6042671
16.736099	4.0947266	-6.4828382
14.322169	4.1044922	-5.2092633
59.186367	4.1142578	-3.8150983
-0.12445962	4.1240234	-2.3275249
14.877972	4.1337891	-0.80138963
29.084488	4.1435547	0.74141634
22.191984	4.1533203	2.263345
27.388178	4.1630859	3.7326753
32.419205	4.1728516	5.1101503
25.11511	4.1826172	6.3658881
12.557744	4.1923828	7.4727502
11.602312	4.2021484	8.4064484
6.864697	4.2119141	9.1284819
15.686825	4.2216797	9.6307554
5.1907845	4.2314453	9.9352798
-2.603291	4.2412109	10.030576
-24.427649	4.2509766	9.9255772
-22.014313	4.2607422	9.5682096
-20.389095	4.2705078	8.9397907
-27.159065	4.2802734	8.0832615
-22.089354	4.2900391	7.042295
-24.711714	4.2998047	5.8330793
-22.143661	4.3095703	4.483602
-23.99789	4.3193359	3.02756
-1.8870225	4.3291016	1.5119647
-27.633888	4.3388672	-0.025868136
-36.323933	4.3486328	-1.5634005
-16.315351	4.3583984	-3.0637143
-11.369609	4.3681641	-4.4849424
-18.306961	4.3779297	-5.7969232
-25.427259	4.3876953	-6.9682064
-17.217651	4.3974609	-7.976964
-9.0099764	4.4072266	-8.797143
-4.753191	4.4169922	-9.4084024
-7.7916427	4.4267578	-9.7965975
-4.6924105	4.4365234	-9.9848185
10.402803	4.4462891	-9.9851732
14.199142	4.4560547	-9.7452993
18.40769	4.4658203	-9.2479858
17.755495	4.4755859	-8.514349
16.998045	4.4853516	-7.5668316
16.314478	4.4951172	-6.4357181
15.585148	4.5048828	-5.1557579
172.25528	4.5146484	-3.7533348
16.984135	4.5244141	-2.266324
42.020935	4.5341797	-0.73714817
34.423569	4.5439453	0.80370915
28.409313	4.5537109	2.3244841
32.88652	4.5634766	3.7881978
28.477655	4.5732422	5.1631708
13.775239	4.5830078	6.4143586
10.17279	4.5927734	7.5162525
11.924945	4.6025391	8.4403658
17.03616	4.6123047	9.151247
10.451814	4.6220703	9.6479816
4.9658585	4.6318359	9.9428749
-4.042778	4.6416016	10.030589
-22.468168	4.6513672	9.9162245
-17.172436	4.6611328	9.5491886
-23.002213	4.6708984	8.9096079
-25.310972	4.6806641	8.0457487
-24.2686	4.6904297	6.9970284
-23.75124	4.7001953	5.7813625
-25.34053	4.7099609	4.4286184
-21.890446	4.7197266	2.9684591
-24.255714	4.7294922	1.4532697
-43.957287	4.7392578	-0.089170128
-29.150396	4.7490234	-1.6269449
-21.58708	4.7587891	-3.1215634
-27.033535	4.7685547	-4.535799
-28.115568	4.7783203	-5.8434157
-25.318527	4.7880859	-7.0107117
-13.730313	4.7978516	-8.0115976
-11.32585	4.8076172	-8.8269558
-10.946335	4.8173828	-9.4274311
-9.8402147	4.8271484	-9.8068027
-4.2922912	4.8369141	-9.9877224
13.12429	4.8466797	-9.9810667
16.114197	4.8564453	-9.7307796
15.152176	4.8662109	-9.2204781
18.265785	4.8759766	-8.4797935
17.188547	4.8857422	-7.5227275
17.219118	4.8955078	-6.3859186
14.979009	4.9052734	-5.1023288
134.05351	4.9150391	-3.6929591
34.862	4.9248047	-2.2051075
47.404598	4.9345703	-0.67411631
36.475941	4.9443359	0.86570281
30.917545	4.9541016	2.3834682
27.425837	4.9638672	3.8467376
22.835361	4.9736328	5.2172985
8.0417147	4.9833984	6.4631805
13.691071	4.9931641	7.5569654
14.294906	5.0029297	8.4729805
16.050495	5.0126953	9.1763868
7.0282955	5.0224609	9.6682024
3.4651604	5.0322266	9.951438
-4.7432375	5.0419922	10.030695
-17.403833	5.0517578	9.9066582
-18.923113	5.0615234	9.5274315
-24.208927	5.0712891	8.8781958
-23.359863	5.0810547	8.0060873
-24.953613	5.0908203	6.9527345
-23.001711	5.1005859	5.7289267
-24.754669	5.1103516	4.3706803
-129.94218	5.1201172	2.9088936
-28.805191	5.1298828	1.3937899
-34.862011	5.1396484	-0.14885469
-34.674198	5.1494141	-1.6905063
-32.095497	5.1591797	-3.1790648
-21.555717	5.1689453	-4.5933814
-23.059256	5.1787109	-5.8933969
-22.765678	5.1884766	-7.0560904
-17.997948	5.1982422	-8.0500584
-12.123096	5.2080078	-8.8554039
-7.9574881	5.2177734	-9.4463882
-3.4930766	5.2275391	-9.8187895
-0.97053123	5.2373047	-9.9917278
12.280443	5.2470703	-9.9756346
11.218536	5.2568359	-9.7141237
17.584627	5.2666016	-9.1946154
19.105927	5.2763672	-8.4451084
15.847722	5.2861328	-7.481163
18.712273	5.2958984	-6.3390141
13.673795	5.3056641	-5.0497909
156.73309	5.3154297	-3.6397381
5.5526385	5.3251953	-2.144784
14.143985	5.3349609	-0.61430621
33.247726	5.3447266	0.9278686
22.83856	5.3544922	2.4447858
28.252777	5.3642578	3.9044063
30.840317	5.3740234	5.2705626
21.128321	5.3837891	6.5100269
15.758548	5.3935547	7.5974607
12.77848	5.4033203	8.5064268
7.4265757	5.4130859	9.2017946
12.605927	5.4228516	9.6820288
6.230967	5.4326172	9.9594831
-4.7862644	5.4423828	10.030108
-27.538021	5.4521484	9.8984613
-23.247452	5.4619141	9.5074873
-23.79401	5.4716797	8.8475485
-25.942921	5.4814453	7.9680839
-23.602077	5.4912109	6.9034624
-23.860018	5.5009766	5.6774092
-22.569031	5.5107422	4.3153591
22.685703	5.5205078	2.844521
-18.712505	5.5302734	1.3304914
-34.809814	5.5400391	-0.21449104
-30.715345	5.5498047	-1.7473526
-20.187557	5.5595703	-3.2359929
-19.406878	5.5693359	-4.645319
-22.87397	5.5791016	-5.9442396
-20.534079	5.5888672	-7.0981541
-9.6675472	5.5986328	-8.0867834
-8.1230888	5.6083984	-8.8832464
-13.024547	5.6181641	-9.4662285
-9.1506634	5.6279297	-9.8289671
-2.5336864	5.6376953	-9.9949331
11.975202	5.6474609	-9.9709044
15.270384	5.6572266	-9.6974478
16.159296	5.6669922	-9.1739731
18.64452	5.6767578	-8.4104643
16.402288	5.6865234	-7.4369602
16.738173	5.6962891	-6.2878895
14.048629	5.7060547	-4.9949083
16.157909	5.7158203	-3.5804586
3.7139513	5.7255859	-2.0849011
11.294009	5.7353516	-0.552284
26.585306	5.7451172	0.9892295
32.537067	5.7548828	2.5036669
24.88423	5.7646484	3.9593029
19.860151	5.7744141	5.3213778
14.173717	5.7841797	6.5552602
23.238716	5.7939453	7.6357269
20.498892	5.8037109	8.5366621
10.045292	5.8134766	9.2239676
8.5926847	5.8232422	9.6961823
2.5253975	5.8330078	9.9654312
-6.8391557	5.8427734	10.029415
-21.119251	5.8525391	9.8869591
-23.106848	5.8623047	9.4860792
-23.351179	5.8720703	8.815505
-26.149174	5.8818359	7.9277096
-22.805983	5.8916016	6.8598862
-24.379463	5.9013672	5.6248159
-20.961277	5.9111328	4.258914
21.33674	5.9208984	2.7852824
-19.339949	5.9306641	1.2692447
-34.706512	5.9404297	-0.27507982
-19.306492	5.9501953	-1.8101193
-8.4472589	5.9599609	-3.296176
-17.236847	5.9697266	-4.702733
-26.77364	5.9794922	-5.9938307
-17.440237	5.9892578	-7.1424308
-11.780614	5.9990234	-8.1235104
-11.925632	6.0087891	-8.9102612
-16.560488	6.0185547	-9.4846325
-6.7260933	6.0283203	-9.839818
-3.4392228	6.0380859	-9.9972124
12.834603	6.0478516	-9.9657011
15.31851	6.0576172	-9.6811228
16.35817	6.0673828	-9.1437874
17.327396	6.0771484	-8.3742609
17.526711	6.0869141	-7.3934193
16.691513	6.0966797	-6.2391591
13.844844	6.1064453	-4.9385195
-15.880203	6.1162109	-3.5144172
47.610245	6.1259766	-2.0232646
30.839426	6.1357422	-0.4909941
23.415783	6.1455078	1.0533808
27.21838	6.1552734	2.5652952
25.068079	6.1650391	4.0181284
14.18388	6.1748047	5.3740535
12.494461	6.1845703	6.6038537
22.778666	6.1943359	7.6762066
19.803736	6.2041016	8.5689573
12.186553	6.2138672	9.247097
6.0442138	6.2236328	9.7118473
1.3482175	6.2333984	9.9715862
-5.0336471	6.2431641	10.0273
-21.493353	6.2529297	9.875617
-22.358225	6.2626953	9.4645205
-24.313759	6.2724609	8.7836227
-22.192196	6.2822266	7.8870983
-24.452175	6.2919922	6.8151031
-22.716494	6.3017578	5.5720086
-25.889256	6.3115234	4.2029362
8.6185522	6.3212891	2.7321353
-10.236177	6.3310547	1.2065758
-32.560795	6.3408203	-0.3396363
-16.128853	6.3505859	-1.870244
-7.1096468	6.3603516	-3.3543952
-13.408903	6.3701172	-4.7563705
-23.852987	6.3798828	-6.0416064
-23.18821	6.3896484	-7.1835499
-14.623778	6.3994141	-8.1559896
-8.6286573	6.4091797	-8.9386492
-9.4530525	6.4189453	-9.5029669
-7.681211	6.4287109	-9.8476667
-1.2359698	6.4384766	-10.0007
12.639375	6.4482422	-9.9593201
16.85206	6.4580078	-9.664237
17.503347	6.4677734	-9.1176014
18.447042	6.4775391	-8.3382988
14.912	6.4873047	-7.3523154
17.064415	6.4970703	-6.1903353
12.592216	6.5068359	-4.8827648
7.5847607	6.5166016	-3.4594908
29.243591	6.5263672	-1.9623165
28.875889	6.5361328	-0.42630863
25.491982	6.5458984	1.1129546
21.251419	6.5556641	2.6239529
21.911459	6.5654297	4.0736651
15.357114	6.5751953	5.4269109
14.903897	6.5849609	6.6498795
13.422803	6.5947266	7.7153478
17.759478	6.6044922	8.6022472
11.420332	6.6142578	9.2692709
10.597636	6.6240234	9.7252121
0.6230548	6.6337891	9.9767036
-9.4552059	6.6435547	10.025837
-23.013248	6.6533203	9.8640089
-18.378347	6.6630859	9.4410496
-22.456842	6.6728516	8.7525072
-27.604877	6.6826172	7.8481512
-20.351145	6.6923828	6.7668991
-24.405622	6.7021484	5.5211182
-24.678221	6.7119141	4.1441793
-25.510473	6.7216797	2.6711299
-31.588644	6.7314453	1.1463611
-31.299551	6.7412109	-0.39794213
-31.87085	6.7509766	-1.9291899
-18.443354	6.7607422	-3.414432
-16.601244	6.7705078	-4.8108759
-15.885406	6.7802734	-6.0907564
-29.022921	6.7900391	-7.2248802
-20.085217	6.7998047	-8.1912851
-10.704844	6.8095703	-8.9633703
-2.7158647	6.8193359	-9.5230227
-5.6082382	6.8291016	-9.8582773
-2.5344431	6.8388672	-10.001085
14.102424	6.8486328	-9.9534788
16.398285	6.8583984	-9.646656
19.84934	6.8681641	-9.0894947
15.211199	6.8779297	-8.304122
17.170946	6.8876953	-7.3084936
14.867622	6.8974609	-6.1402845
14.360156	6.9072266	-4.8270864
24.9932	6.9169922	-3.3975372
13.004977	6.9267578	-1.9001726
14.264963	6.9365234	-0.36661673
20.961149	6.9462891	1.1750501
23.153255	6.9560547	2.6836259
20.665106	6.9658203	4.1322894
23.706327	6.9755859	5.4768357
16.182335	6.9853516	6.6946921
11.508761	6.9951172	7.7568369
6.5570812	7.0048828	8.632946
13.142208	7.0146484	9.2916088
7.7089763	7.0244141	9.7410955
3.7551973	7.0341797	9.983017
-7.7752862	7.0439453	10.023976
-20.097952	7.0537109	9.8528223
-21.315552	7.0634766	9.4172716
-19.745192	7.0732422	8.7197552
-25.646238	7.0830078	7.8098927
-24.259254	7.0927734	6.720921
-23.578293	7.1025391	5.4656544
-23.113041	7.1123047	4.084322
-9.2783365	7.1220703	2.6121433
-21.437311	7.1318359	1.0820827
-34.995026	7.1416016	-0.46214917
-35.835278	7.1513672	-1.9881649
-22.62697	7.1611328	-3.4683595
-16.443048	7.1708984	-4.8627014
-24.222281	7.1806641	-6.1388569
-24.972437	7.1904297	-7.2690406
-20.406931	7.2001953	-8.2234268
-7.6305938	7.2099609	-8.9914942
-1.5222584	7.2197266	-9.5400257
-5.8340025	7.2294922	-9.8678923
-2.5216258	7.2392578	-10.004285
13.614016	7.2490234	-9.9459076
15.49304	7.2587891	-9.6292839
20.181196	7.2685547	-9.0620356
18.134598	7.2783203	-8.2668858
13.996836	7.2880859	-7.2640233
16.847521	7.2978516	-6.0894518
13.299297	7.3076172	-4.7739854
18.588289	7.3173828	-3.3385267
18.614141	7.3271484	-1.8375549
21.087502	7.3369141	-0.30514458
23.258757	7.3466797	1.2361382
23.24087	7.3564453	2.7448635
24.382387	7.3662109	4.1883488
23.816263	7.3759766	5.5286942
16.5986	7.3857422	6.7420039
13.009563	7.3955078	7.7947636
12.326835	7.4052734	8.6606913
13.840234	7.4150391	9.3132076
10.51235	7.4248047	9.7569418
3.4139142	7.4345703	9.9894438
-11.513161	7.4443359	10.021844
-23.580507	7.4541016	9.8413811
-19.697519	7.4638672	9.3951406
-20.107649	7.4736328	8.687458
-26.63699	7.4833984	7.7677655
-23.29842	7.4931641	6.6719871
-23.367966	7.5029297	5.4136629
-20.798273	7.5126953	4.0280509
-72.907982	7.5224609	2.548269
-41.36935	7.5322266	1.0231397
-31.812605	7.5419922	-0.51947087
-31.381905	7.5517578	-2.0511281
-26.685232	7.5615234	-3.5297105
-20.071783	7.5712891	-4.9178991
-18.324167	7.5810547	-6.1867967
-20.530901	7.5908203	-7.3116403
-24.053909	7.6005859	-8.2624207
-9.9432192	7.6103516	-9.0190306
-4.3818145	7.6201172	-9.5578537
-0.74073905	7.6298828	-9.8778048
-0.99834287	7.6396484	-10.005956
12.540236	7.6494141	-9.9398184
14.103147	7.6591797	-9.6105719
20.725296	7.6689453	-9.0368729
15.522051	7.6787109	-8.2301779
16.762398	7.6884766	-7.2195005
13.79454	7.6982422	-6.0384998
15.997271	7.7080078	-4.7188649
47.509228	7.7177734	-3.2813983
9.489933	7.7275391	-1.7780731
12.941449	7.7373047	-0.24195024
20.143757	7.7470703	1.2978668
24.956842	7.7568359	2.8023529
22.778143	7.7666016	4.2415857
24.615808	7.7763672	5.5798483
16.618439	7.7861328	6.7864237
15.017647	7.7958984	7.8345594
0.75489515	7.8056641	8.6934423
7.8457408	7.8154297	9.3352175
7.9308281	7.8251953	9.7695313
7.3538046	7.8349609	9.9942818
-10.517542	7.8447266	10.01909
-22.793633	7.8544922	9.8290405
-25.503502	7.8642578	9.3705206
-19.92695	7.8740234	8.6538687
-25.098782	7.8837891	7.7286401
-26.035379	7.8935547	6.6257396
-23.731009	7.9033203	5.3613539
-22.033613	7.9130859	3.9681358
-42.878777	7.9228516	2.4899278
-26.95747	7.9326172	0.95861769
-25.331602	7.9423828	-0.58508635
-31.389587	7.9521484	-2.1121819
-27.524658	7.9619141	-3.5856726
-15.791203	7.9716797	-4.9727445
-15.895929	7.9814453	-6.2382736
-20.938822	7.9912109	-7.3507919
-20.421297	8.0009766	-8.2942467
-10.815006	8.0107422	-9.0412655
-3.5604112	8.0205078	-9.5723085
-2.5646062	8.0302734	-9.8848658
-0.46077186	8.0400391	-10.00736
12.409349	8.0498047	-9.9307919
13.947475	8.0595703	-9.5930138
19.73884	8.0693359	-9.0068541
17.747149	8.0791016	-8.1925449
15.968073	8.0888672	-7.175221
15.734487	8.0986328	-5.989397
14.849856	8.1083984	-4.6630721
56.013378	8.1181641	-3.2224584
11.352729	8.1279297	-1.7174001
11.73959	8.1376953	-0.17846227
19.992033	8.1474609	1.3598738
22.705902	8.1572266	2.8616087
24.105701	8.1669922	4.2992511
29.88847	8.1767578	5.6314435
17.807518	8.1865234	6.8318815
18.126314	8.1962891	7.8734589
4.5904074	8.2060547	8.7243624
11.452788	8.2158203	9.3576355
6.193295	8.2255859	9.7831955
5.5955725	8.2353516	10.000446
-15.595591	8.2451172	10.016543
-20.336872	8.2548828	9.8159781
-24.096121	8.2646484	9.3481951
-21.356157	8.2744141	8.6199856
-25.519857	8.2841797	7.68782
-25.840057	8.2939453	6.5769668
-24.683435	8.3037109	5.3071747
-25.45257	8.3134766	3.9128549
-7.7919803	8.3232422	2.4288306
-7.2034774	8.3330078	0.89800668
-24.455297	8.3427734	-0.6431495
-28.406958	8.3525391	-2.1683106
-20.454708	8.3623047	-3.6423769
-12.745673	8.3720703	-5.0275102
-17.159479	8.3818359	-6.2847137
-23.751532	8.3916016	-7.3953576
-17.830532	8.4013672	-8.3328409
-7.1281333	8.4111328	-9.0707254
-1.7225044	8.4208984	-9.591279
-5.8906736	8.4306641	-9.8949203
-1.5720608	8.4404297	-10.008341
9.2288475	8.4501953	-9.9219198
14.602859	8.4599609	-9.5745554
19.474026	8.4697266	-8.9794111
18.126621	8.4794922	-8.1569948
16.130249	8.4892578	-7.1311941
16.532791	8.4990234	-5.9379783
14.126498	8.5087891	-4.6065254
65.207382	8.5185547	-3.1662216
17.385361	8.5283203	-1.6582121
5.9452724	8.5380859	-0.11670151
16.869186	8.5478516	1.4214385
23.421982	8.5576172	2.921072
24.914259	8.5673828	4.3552775
20.522223	8.5771484	5.6829438
19.8428	8.5869141	6.876709
13.542047	8.5966797	7.9100289
9.7911921	8.6064453	8.752224
10.827137	8.6162109	9.3774233
3.4346244	8.6259766	9.7927885
3.6792946	8.6357422	10.002275
-20.41366	8.6455078	10.012657
-20.071596	8.6552734	9.8029013
-21.220102	8.6650391	9.3228655
-23.117651	8.6748047	8.5855551
-26.277245	8.6845703	7.6437955
-26.096497	8.6943359	6.5295939
-25.926437	8.7041016	5.2524643
-26.637152	8.7138672	3.8523238
4.8091869	8.7236328	2.3654954
-38.337181	8.7333984	0.83581257
-31.448133	8.7431641	-0.70809925
-23.383484	8.7529297	-2.2293255
-18.579908	8.7626953	-3.6986084
-26.053726	8.7724609	-5.0777903
-27.048216	8.7822266	-6.3310771
-16.062592	8.7919922	-7.435894
-10.119216	8.8017578	-8.3632097
-11.673581	8.8115234	-9.0933247
-14.4372	8.8212891	-9.6059809
-5.6340008	8.8310547	-9.9021511
-2.5178654	8.8408203	-10.008451
13.161777	8.8505859	-9.9147692
14.113052	8.8603516	-9.5572186
15.144726	8.8701172	-8.9522858
19.339699	8.8798828	-8.1190987
17.057278	8.8896484	-7.0871511
15.704391	8.8994141	-5.8851371
14.447292	8.9091797	-4.5505681
45.83535	8.9189453	-3.1046429
6.8422174	8.9287109	-1.5950965
13.857044	8.9384766	-0.055962428
27.537956	8.9482422	1.4801687
30.760757	8.9580078	2.980274
20.124338	8.9677734	4.4103608
18.422794	8.9775391	5.7341204
17.103588	8.9873047	6.9213586
26.242203	8.9970703	7.9492683
13.620989	9.0068359	8.7827883
15.113026	9.0166016	9.3988533
4.0715675	9.0263672	9.8079214
6.458035	9.0361328	10.007947
-23.256977	9.0458984	10.010147
-20.328001	9.0556641	9.7893457
-23.587027	9.0654297	9.2973194
-25.171249	9.0751953	8.5527754
-25.241322	9.0849609	7.6041799
-25.538097	9.0947266	6.4815264
-24.411047	9.1044922	5.199738
-24.391453	9.1142578	3.7945244
-47.498535	9.1240234	2.3106863
-29.998262	9.1337891	0.77590483
-25.323582	9.1435547	-0.77279592
-31.237118	9.1533203	-2.2928321
-23.535929	9.1630859	-3.7610252
-19.089552	9.1728516	-5.1324906
-18.375017	9.1826172	-6.3792839
-22.104242	9.1923828	-7.4754
-18.072874	9.2021484	-8.3960581
-11.901686	9.2119141	-9.1190004
-4.8124347	9.2216797	-9.6238213
-2.9322808	9.2314453	-9.9104509
0.17748681	9.2412109	-10.008497
11.893362	9.2509766	-9.9046211
16.499357	9.2607422	-9.5353689
19.956602	9.2705078	-8.9225473
18.12002	9.2802734	-8.0801039
16.46689	9.2900391	-7.0408649
15.506846	9.2998047	-5.8354893
17.508038	9.3095703	-4.4954443
58.607723	9.3193359	-3.0461457
32.94886	9.3291016	-1.53443
17.117382	9.3388672	0.0045340508
17.480667	9.3486328	1.540506
21.966391	9.3583984	3.040277
21.084858	9.3681641	4.4658322
16.955587	9.3779297	5.78372
21.191349	9.3876953	6.96632
14.153705	9.3974609	7.986104
8.6706247	9.4072266	8.8121367
7.3648987	9.4169922	9.4165821
9.665987	9.4267578	9.8182678
0.93504786	9.4365234	10.010047
-20.732777	9.4462891	10.005666
-23.257582	9.4560547	9.7747927
-18.730818	9.4658203	9.2721252
-24.248018	9.4755859	8.5171003
-26.274891	9.4853516	7.5625968
-24.712914	9.4951172	6.4314861
-23.803652	9.5048828	5.1440701
-25.21769	9.5146484	3.7360411
-99.104523	9.5244141	2.2477894
-40.933002	9.5341797	0.71398699
-25.494841	9.5439453	-0.83130413
-28.76548	9.5537109	-2.3514359
-32.290245	9.5634766	-3.8158002
-27.152628	9.5732422	-5.1851492
-14.306465	9.5830078	-6.429285
-13.372302	9.5927734	-7.5168118
-18.199615	9.6025391	-8.429554
-16.347506	9.6123047	-9.1417875
-6.9746981	9.6220703	-9.6376152
-0.93579292	9.6318359	-9.9165945
1.1328491	9.6416016	-10.008203
14.383578	9.6513672	-9.8949165
14.563453	9.6611328	-9.5163565
18.352259	9.6708984	-8.8927956
17.956535	9.6806641	-8.0439367
16.521103	9.6904297	-6.9961729
14.763139	9.7001953	-5.7842951
111.57813	9.7099609	-4.4389515
27.945429	9.7197266	-2.9859929
47.820061	9.7294922	-1.4724463
38.492527	9.7392578	0.067059234
24.502136	9.7490234	1.6039203
22.333755	9.7587891	3.0989575
19.474934	9.7685547	4.5206347
20.538906	9.7783203	5.8346925
23.640884	9.7880859	7.0099907
17.458155	9.7978516	8.0222178
7.9033895	9.8076172	8.8407087
6.5103869	9.8173828	9.4379807
7.2168884	9.8271484	9.8306589
3.689574	9.8369141	10.013859
-19.251545	9.8466797	10.001758
-27.50831	9.8564453	9.7603045
-21.551689	9.8662109	9.2459669
-23.080666	9.8759766	8.4819794
-27.38866	9.8857422	7.5207677
-24.527311	9.8955078	6.3846474
-24.076504	9.9052734	5.0919604
-35.917362	9.9150391	3.6775208
-14.885887	9.9248047	2.1819777
-24.766661	9.9345703	0.64899409
-24.501793	9.9443359	-0.89372134
-24.555763	9.9541016	-2.4113362
-18.781097	9.9638672	-3.8710001
-24.582575	9.9736328	-5.2358074
-23.150572	9.9833984	-6.4758415
-21.130953	9.9931641	-7.5572958
-1.9560102	10.00293	-8.1700535
-6.5486412	10.012695	-8.3431854
-4.2174945	10.022461	-8.4095583
-6.0721884	10.032227	-8.436636
-7.6072989	10.041992	-8.445137
-7.7664504	10.051758	-8.4497843
-2.4228008	10.061523	-8.4518414
-4.4027343	10.071289	-8.4521255
-4.8554502	10.081055	-8.4534864
-5.4285398	10.09082	-8.4531574
-2.0157547	10.100586	-8.4513054
-1.0636402	10.110352	-8.4513664
0.66193753	10.120117	-8.4511557
-1.5029917	10.129883	-8.4502068
-4.4759827	10.139648	-8.4511728
-0.50668603	10.149414	-8.4503994
1.1187629	10.15918	-8.4503889
0.8613919	10.168945	-8.4491711
-0.93248671	10.178711	-8.4492178
-1.5419792	10.188477	-8.4493093
0.15730038	10.198242	-8.4487505
1.9782107	10.208008	-8.4472761
0.45088819	10.217773	-8.4470272
1.4760648	10.227539	-8.4470196
-0.62594187	10.237305	-8.4453201
0.50996894	10.24707	-8.4440565
1.8946594	10.256836	-8.443799
2.5624409	10.266602	-8.4422894
1.8542749	10.276367	-8.4407902
0.29185322	10.286133	-8.4393845
0.7093302	10.295898	-8.4373894
1.9047875	10.305664	-8.4371681
3.953732	10.31543	-8.4355612
1.3146317	10.325195	-8.4349709
0.075367279	10.334961	-8.4333925
0.038754661	10.344727	-8.4330864
3.3607473	10.354492	-8.4332848
2.3469794	10.364258	-8.433857
1.9250089	10.374023	-8.4324255
1.0271091	10.383789	-8.4324856
0.88950622	10.393555	-8.4313517
2.8458774	10.40332	-8.4287758
3.1839707	10.413086	-8.4285126
1.4425838	10.422852	-8.4277468
1.5350292	10.432617	-8.42665
0.76590806	10.442383	-8.4257908
2.6051538	10.452148	-8.4253826
3.4649856	10.461914	-8.4253788
2.9689167	10.47168	-8.4249296
1.8589199	10.481445	-8.423707
0.48319343	10.491211	-8.4234657
