MTS793|MPT|ENU|1|2|.|/|:|1|0|0|A

Data Acquisition						Time:	11.05957	s	4/12/2018 4:08:21 PM
Axial Force	Running Time	Axial Displacement
N	s	mm
-1.9412605	0.013671875	-7.8566079
-2.5518005	0.0234375	-7.8575702
-1.5593367	0.033203125	-7.8567863
-0.56029528	0.04296875	-7.8561373
-3.1940291	0.052734375	-7.8571959
0.28777868	0.0625	-7.8559489
12.572919	0.072265625	-7.853343
26.484917	0.08203125	-7.8467083
40.360634	0.091796875	-7.8371382
30.435471	0.1015625	-7.820457
25.845964	0.11132813	-7.7988243
27.9186	0.12109375	-7.7738457
19.865646	0.13085938	-7.7432995
24.605558	0.140625	-7.7082992
36.471546	0.15039063	-7.6686745
30.765223	0.16015625	-7.6238961
13.111474	0.16992188	-7.5749888
32.020298	0.1796875	-7.5218902
33.165543	0.18945313	-7.4638
15.56537	0.19921875	-7.4016681
35.728516	0.20898438	-7.3365054
21.377682	0.21875	-7.2645297
26.88418	0.22851563	-7.1900687
34.124054	0.23828125	-7.1112604
23.022366	0.24804688	-7.0266047
36.06535	0.2578125	-6.9416203
31.51935	0.26757813	-6.8488359
28.743227	0.27734375	-6.7554173
48.416073	0.28710938	-6.6557937
18.171698	0.296875	-6.5538836
65.183075	0.30664063	-6.4500933
23.072935	0.31640625	-6.3396363
47.799511	0.32617188	-6.2279997
56.115601	0.3359375	-6.1123266
23.904535	0.34570313	-5.9936423
32.365993	0.35546875	-5.8729
40.579628	0.36523438	-5.7487798
33.53072	0.375	-5.623096
21.875633	0.38476563	-5.4922066
24.461729	0.39453125	-5.3615441
31.46018	0.40429688	-5.2273965
42.459637	0.4140625	-5.0916948
29.343983	0.42382813	-4.9528122
28.065521	0.43359375	-4.8132353
24.201571	0.44335938	-4.6709776
27.494377	0.453125	-4.5259237
32.094036	0.46289063	-4.3814602
31.730171	0.47265625	-4.2345037
34.817089	0.48242188	-4.0870667
32.91386	0.4921875	-3.9368799
28.47971	0.50195313	-3.7877719
26.863802	0.51171875	-3.6367445
24.379707	0.52148438	-3.4861574
25.635422	0.53125	-3.3333292
30.451815	0.54101563	-3.1817577
24.966896	0.55078125	-3.0271492
31.231676	0.56054688	-2.8747089
23.188198	0.5703125	-2.7235537
37.013428	0.58007813	-2.5706134
35.303558	0.58984375	-2.4173765
41.945313	0.59960938	-2.2659647
35.288754	0.609375	-2.1150253
35.469803	0.61914063	-1.9650868
31.779106	0.62890625	-1.8135059
28.029089	0.63867188	-1.6655269
27.561892	0.6484375	-1.5183865
37.495411	0.65820313	-1.3726811
25.367882	0.66796875	-1.2268668
36.485565	0.67773438	-1.0833322
34.308868	0.6875	-0.94257176
33.430576	0.69726563	-0.80303299
39.210392	0.70703125	-0.66539079
33.255375	0.71679688	-0.52915281
47.298813	0.7265625	-0.39549536
31.617529	0.73632813	-0.26472536
25.186506	0.74609375	-0.13573328
24.524284	0.75585938	-0.0099400058
34.040894	0.765625	0.11329092
25.202457	0.77539063	0.23391637
14.450173	0.78515625	0.35121414
29.02223	0.79492188	0.46555269
34.2239	0.8046875	0.57610583
15.910715	0.81445313	0.68614697
34.313896	0.82421875	0.79053801
29.786123	0.83398438	0.8911677
13.002288	0.84375	0.98962682
43.27285	0.85351563	1.0814022
1.6587321	0.86328125	1.171842
43.505314	0.87304688	1.2588716
7.1891932	0.8828125	1.3425055
39.981968	0.89257813	1.4204128
8.3304472	0.90234375	1.4962071
42.858524	0.91210938	1.5661204
7.7356935	0.921875	1.6347153
35.004284	0.93164063	1.6953422
24.939339	0.94140625	1.7533529
11.713552	0.95117188	1.8076545
27.921724	0.9609375	1.8561815
32.272717	0.97070313	1.8995284
10.015851	0.98046875	1.9407743
16.932074	0.99023438	1.9769962
15.81363	1	2.0085618
23.965223	1.0097656	2.034853
21.828426	1.0195313	2.0563705
17.202011	1.0292969	2.0750251
3.7486899	1.0390625	2.0878687
9.2986155	1.0488281	2.0959477
4.8602581	1.0585938	2.0995219
-1.437054	1.0683594	2.0985708
-7.9847054	1.078125	2.0961075
-10.81461	1.0878906	2.0904005
-21.352188	1.0976563	2.0852554
-30.870037	1.1074219	2.076853
-33.017494	1.1171875	2.0674691
-34.447666	1.1269531	2.0542161
-27.279137	1.1367188	2.0405147
-21.259802	1.1464844	2.0247393
-23.685127	1.15625	2.0081809
-28.810289	1.1660156	1.9873112
-45.095047	1.1757813	1.9664285
-47.141197	1.1855469	1.9431945
-47.0606	1.1953125	1.918686
-38.867619	1.2050781	1.8915262
-26.428047	1.2148438	1.8621609
-32.642265	1.2246094	1.833059
-41.970551	1.234375	1.8015989
-46.591122	1.2441406	1.7674757
-40.758495	1.2539063	1.7328019
-38.723587	1.2636719	1.6954963
-35.692982	1.2734375	1.6576201
-47.919483	1.2832031	1.6175724
-42.202625	1.2929688	1.57739
-38.402027	1.3027344	1.5340918
-27.770899	1.3125	1.4900008
-46.009281	1.3222656	1.4433759
-45.645576	1.3320313	1.3973393
-28.277596	1.3417969	1.3494872
-36.972599	1.3515625	1.3012888
-51.637066	1.3613281	1.2517278
-32.600563	1.3710938	1.1988707
-30.513433	1.3808594	1.1468248
-47.634716	1.390625	1.0924536
-35.150661	1.4003906	1.0379307
-26.757027	1.4101563	0.98199439
-52.306572	1.4199219	0.92565215
-36.160473	1.4296875	0.8697778
-20.050398	1.4394531	0.81033307
-47.296577	1.4492188	0.75306362
-33.203293	1.4589844	0.69470888
-24.604891	1.46875	0.6354695
-45.769882	1.4785156	0.57315475
-27.891191	1.4882813	0.51308626
-34.999649	1.4980469	0.45107576
-42.321007	1.5078125	0.38939631
-21.904264	1.5175781	0.32655019
-46.280926	1.5273438	0.26545897
-35.483425	1.5371094	0.20360313
-26.208117	1.546875	0.13964036
-52.276379	1.5566406	0.07835608
-28.822023	1.5664063	0.014973618
-46.140491	1.5761719	-0.047711655
-43.552475	1.5859375	-0.1103214
-28.587063	1.5957031	-0.1721344
-48.991642	1.6054688	-0.23419327
-46.570194	1.6152344	-0.29567209
-24.838396	1.625	-0.35852817
-58.473602	1.6347656	-0.41936386
-30.553364	1.6445313	-0.47995773
-41.399967	1.6542969	-0.54050398
-47.989086	1.6640625	-0.60040939
-29.847342	1.6738281	-0.65925729
-41.245834	1.6835938	-0.71709502
-42.626808	1.6933594	-0.77537733
-28.184149	1.703125	-0.83233219
-40.403858	1.7128906	-0.8891198
-39.270206	1.7226563	-0.94461375
-26.475069	1.7324219	-0.99901193
-36.465157	1.7421875	-1.0526183
-43.962418	1.7519531	-1.1046416
-23.284204	1.7617188	-1.1564893
-31.865715	1.7714844	-1.206032
-41.169464	1.78125	-1.2549886
-31.614534	1.7910156	-1.3035649
-21.758884	1.8007813	-1.349712
-37.736526	1.8105469	-1.3945757
-36.55518	1.8203125	-1.4370025
-26.949577	1.8300781	-1.4798868
-21.377403	1.8398438	-1.5214316
-38.463737	1.8496094	-1.560714
-36.165863	1.859375	-1.599062
-30.692667	1.8691406	-1.6361511
-19.437458	1.8789063	-1.6707557
-25.551813	1.8886719	-1.7035316
-33.30938	1.8984375	-1.7346597
-33.441723	1.9082031	-1.76379
-27.900412	1.9179688	-1.7924106
-22.869686	1.9277344	-1.8194011
-17.839075	1.9375	-1.8441755
-24.793692	1.9472656	-1.8666725
-29.915443	1.9570313	-1.8892801
-33.189369	1.9667969	-1.909111
-31.663	1.9765625	-1.9260823
-28.560368	1.9863281	-1.9417639
-26.794115	1.9960938	-1.9554719
-21.93615	2.0058594	-1.9683111
-18.788572	2.015625	-1.9777174
-14.008198	2.0253906	-1.9861891
-13.533385	2.0351563	-1.9931427
-12.209732	2.0449219	-1.9977971
-11.740474	2.0546875	-2.0001659
-11.150108	2.0644531	-2.0027215
-7.1732097	2.0742188	-2.0016203
-3.4250202	2.0839844	-1.9971929
4.3594975	2.09375	-1.9934984
7.0149078	2.1035156	-1.9851516
8.5534639	2.1132813	-1.9770424
10.127761	2.1230469	-1.9669174
9.7758837	2.1328125	-1.9536043
8.992548	2.1425781	-1.9399254
5.5805898	2.1523438	-1.9228867
3.3041346	2.1621094	-1.9051812
0.89639795	2.171875	-1.8853239
4.887639	2.1816406	-1.8638774
8.9441662	2.1914063	-1.8402214
18.993515	2.2011719	-1.8139417
18.092897	2.2109375	-1.7881564
12.64792	2.2207031	-1.7593484
6.0335965	2.2304688	-1.7280988
6.7091894	2.2402344	-1.6952305
15.160074	2.25	-1.663339
23.674097	2.2597656	-1.6285331
11.188979	2.2695313	-1.5896785
5.4149537	2.2792969	-1.5516042
10.396074	2.2890625	-1.5120863
24.433847	2.2988281	-1.4714319
19.177113	2.3085938	-1.4278691
5.7555037	2.3183594	-1.3836975
17.152464	2.328125	-1.3384351
25.503628	2.3378906	-1.2906046
8.9790211	2.3476563	-1.2439818
11.985883	2.3574219	-1.1942414
27.198717	2.3671875	-1.1442302
18.09079	2.3769531	-1.0934166
8.4387712	2.3867188	-1.0397326
30.109037	2.3964844	-0.98604888
27.489883	2.40625	-0.93284297
12.490671	2.4160156	-0.87663335
28.098696	2.4257813	-0.82151341
24.118471	2.4355469	-0.76330501
15.858583	2.4453125	-0.70570886
29.916235	2.4550781	-0.64835
27.960865	2.4648438	-0.58829069
14.30423	2.4746094	-0.530056
37.262394	2.484375	-0.46954575
22.112288	2.4941406	-0.40882352
20.290016	2.5039063	-0.34794202
34.761986	2.5136719	-0.28769496
17.331617	2.5234375	-0.22514156
25.524908	2.5332031	-0.16261107
38.381752	2.5429688	-0.10215239
9.7378731	2.5527344	-0.039313454
33.37133	2.5625	0.022105221
22.632658	2.5722656	0.084634125
6.0015473	2.5820313	0.14717877
29.709679	2.5917969	0.208354
18.213375	2.6015625	0.27064058
14.802616	2.6113281	0.3320719
30.564749	2.6210938	0.39348584
3.6543353	2.6308594	0.45487741
25.935295	2.640625	0.51363099
26.523012	2.6503906	0.57345229
-0.43169129	2.6601563	0.63302916
30.798855	2.6699219	0.69312584
18.550077	2.6796875	0.74983525
9.5912952	2.6894531	0.80813968
29.576605	2.6992188	0.86437339
20.435289	2.7089844	0.92103803
11.422485	2.71875	0.97566515
31.24684	2.7285156	1.030296
20.495377	2.7382813	1.0840789
12.050295	2.7480469	1.1361006
21.628605	2.7578125	1.1869334
26.559608	2.7675781	1.2362564
11.597126	2.7773438	1.2859545
17.453094	2.7871094	1.3327067
33.417973	2.796875	1.3794568
17.071789	2.8066406	1.424453
10.52164	2.8164063	1.4681296
23.487291	2.8261719	1.5109056
30.634029	2.8359375	1.551541
22.274607	2.8457031	1.5921843
11.847098	2.8554688	1.6303854
20.424572	2.8652344	1.6664624
36.185577	2.875	1.7009518
26.058767	2.8847656	1.736416
13.488257	2.8945313	1.7674061
13.787876	2.9042969	1.7976292
14.173245	2.9140625	1.8256074
23.883011	2.9238281	1.8531938
28.543018	2.9335938	1.8778833
21.047775	2.9433594	1.9015079
15.413394	2.953125	1.9239832
7.4464946	2.9628906	1.943236
8.7056885	2.9726563	1.9609449
11.926628	2.9824219	1.9768919
9.768014	2.9921875	1.9925758
13.560481	3.0019531	2.004807
16.344826	3.0117188	2.014468
17.529556	3.0214844	2.022604
19.805883	3.03125	2.0294433
19.993483	3.0410156	2.0347559
17.675001	3.0507813	2.0372715
16.837864	3.0605469	2.0387075
13.288803	3.0703125	2.0383444
5.741662	3.0800781	2.0354049
-7.1414862	3.0898438	2.0306699
-10.344363	3.0996094	2.0237937
-15.463448	3.109375	2.015801
-19.383535	3.1191406	2.0053606
-24.248589	3.1289063	1.9941679
-32.718945	3.1386719	1.9808533
-39.826603	3.1484375	1.9649438
-45.498894	3.1582031	1.9484912
-45.109238	3.1679688	1.9275553
-43.76535	3.1777344	1.9058651
-34.767387	3.1875	1.8833102
-28.192659	3.1972656	1.8578936
-32.758503	3.2070313	1.8315821
-42.451813	3.2167969	1.8038983
-45.708336	3.2265625	1.774933
-41.746826	3.2363281	1.7426783
-37.21439	3.2460938	1.7077532
-38.141697	3.2558594	1.6733739
-39.750534	3.265625	1.6366707
-47.140369	3.2753906	1.600273
-42.484608	3.2851563	1.5604614
-34.884701	3.2949219	1.5195829
-30.204304	3.3046875	1.4760569
-51.52264	3.3144531	1.4320925
-44.06052	3.3242188	1.3873693
-29.012724	3.3339844	1.3400562
-39.692337	3.34375	1.2933266
-50.892166	3.3535156	1.2441434
-31.806343	3.3632813	1.1940264
-33.265934	3.3730469	1.142628
-49.670353	3.3828125	1.0899315
-36.83239	3.3925781	1.0369051
-24.846348	3.4023438	0.98221958
-54.573223	3.4121094	0.92866892
-35.810902	3.421875	0.87196368
-21.481398	3.4316406	0.81460071
-47.278008	3.4414063	0.75916684
-38.111244	3.4511719	0.70025313
-22.6071	3.4609375	0.64050055
-45.795147	3.4707031	0.58260244
-33.122257	3.4804688	0.52147943
-26.920485	3.4902344	0.4597702
-46.309116	3.5	0.39897561
-26.398619	3.5097656	0.33718225
-41.416332	3.5195313	0.2753107
-40.123962	3.5292969	0.21355906
-24.543283	3.5390625	0.15154183
-53.523762	3.5488281	0.090050139
-37.224651	3.5585938	0.028285757
-33.979221	3.5683594	-0.034542475
-51.077583	3.578125	-0.096317291
-36.119099	3.5878906	-0.15923017
-41.200558	3.5976563	-0.22123633
-52.370548	3.6074219	-0.28183842
-29.113422	3.6171875	-0.34405747
-52.773674	3.6269531	-0.40423042
-38.63905	3.6367188	-0.46577427
-31.226837	3.6464844	-0.52556294
-53.026051	3.65625	-0.58513385
-29.055134	3.6660156	-0.64720076
-35.763905	3.6757813	-0.70446479
-48.805889	3.6855469	-0.76236737
-29.225822	3.6953125	-0.8204124
-37.136719	3.7050781	-0.8759315
-43.066093	3.7148438	-0.93211502
-30.101765	3.7246094	-0.98773921
-30.73127	3.734375	-1.0421798
-44.006004	3.7441406	-1.0950408
-29.354227	3.7539063	-1.1458219
-25.900278	3.7636719	-1.197481
-41.073433	3.7734375	-1.2460402
-33.708103	3.7832031	-1.2951409
-21.581259	3.7929688	-1.3424515
-34.295044	3.8027344	-1.3877335
-38.135132	3.8125	-1.4322958
-27.159964	3.8222656	-1.4753363
-20.289816	3.8320313	-1.5180974
-38.247856	3.8417969	-1.5582672
-37.70327	3.8515625	-1.5975351
-29.536325	3.8613281	-1.6352111
-21.502398	3.8710938	-1.6704406
-25.93787	3.8808594	-1.7045076
-34.539902	3.890625	-1.7365183
-32.370865	3.9003906	-1.7676584
-27.244165	3.9101563	-1.7976737
-21.875313	3.9199219	-1.8249328
-19.901432	3.9296875	-1.8510374
-27.36767	3.9394531	-1.8758776
-32.324043	3.9492188	-1.8975041
-33.608894	3.9589844	-1.9191972
-30.479092	3.96875	-1.9386429
-27.610222	3.9785156	-1.9549239
-22.906788	3.9882813	-1.9698519
-17.646271	3.9980469	-1.9834689
-13.549963	4.0078125	-1.995518
-14.741311	4.0175781	-2.0051832
-16.176678	4.0273438	-2.0121284
-16.756378	4.0371094	-2.0188639
-17.550064	4.046875	-2.0231533
-17.586479	4.0566406	-2.024997
-15.395542	4.0664063	-2.024966
-8.3319731	4.0761719	-2.0227692
-3.9503911	4.0859375	-2.0190432
1.115806	4.0957031	-2.0144658
5.0806675	4.1054688	-2.0064428
7.5585327	4.1152344	-1.9975047
10.543352	4.125	-1.9861674
12.985576	4.1347656	-1.9728622
15.03271	4.1445313	-1.9598376
10.857946	4.1542969	-1.9423767
7.2552471	4.1640625	-1.9231802
3.4895492	4.1738281	-1.9028997
2.1855114	4.1835938	-1.8813393
5.9916987	4.1933594	-1.8564875
13.454614	4.203125	-1.8304946
19.166183	4.2128906	-1.8033417
20.613516	4.2226563	-1.773358
6.5631466	4.2324219	-1.7412035
7.985683	4.2421875	-1.7084464
12.939219	4.2519531	-1.6752719
22.366358	4.2617188	-1.6393865
18.201174	4.2714844	-1.6025248
7.3511271	4.28125	-1.5625875
9.0082531	4.2910156	-1.5221524
22.851053	4.3007813	-1.4805769
23.481169	4.3105469	-1.4391699
8.4796925	4.3203125	-1.3932564
13.326213	4.3300781	-1.3470174
28.332701	4.3398438	-1.3007715
12.314256	4.3496094	-1.2505835
12.539373	4.359375	-1.2015007
26.284035	4.3691406	-1.1523039
20.360983	4.3789063	-1.1003046
8.4824038	4.3886719	-1.0478799
24.914957	4.3984375	-0.99363446
32.808842	4.4082031	-0.93855906
9.8283291	4.4179688	-0.88298273
28.879725	4.4277344	-0.82717603
26.329641	4.4375	-0.76868653
13.075274	4.4472656	-0.71030009
28.747541	4.4570313	-0.65246886
29.34704	4.4667969	-0.59284896
10.544306	4.4765625	-0.53241265
38.544758	4.4863281	-0.47331089
24.352041	4.4960938	-0.41244972
20.775757	4.5058594	-0.35141996
35.854137	4.515625	-0.29041237
21.268194	4.5253906	-0.22801654
24.23111	4.5351563	-0.1657038
38.816116	4.5449219	-0.10435255
9.8321695	4.5546875	-0.042014383
32.769569	4.5644531	0.019675028
23.925694	4.5742188	0.081205741
9.2783585	4.5839844	0.14443518
30.179607	4.59375	0.20650244
19.609823	4.6035156	0.26804778
13.345782	4.6132813	0.3302373
36.119217	4.6230469	0.39129379
5.4399133	4.6328125	0.45400736
27.676376	4.6425781	0.51272064
27.990253	4.6523438	0.57292652
3.3036108	4.6621094	0.63224465
28.826513	4.671875	0.69127232
26.027237	4.6816406	0.74848002
5.704793	4.6914063	0.80739838
31.595778	4.7011719	0.86246824
22.68898	4.7109375	0.91962069
8.27493	4.7207031	0.97494328
30.595892	4.7304688	1.0279145
20.342682	4.7402344	1.0810502
12.26936	4.75	1.1343553
22.460449	4.7597656	1.1844355
30.568935	4.7695313	1.2340204
13.488723	4.7792969	1.2828176
17.040253	4.7890625	1.3308272
35.073307	4.7988281	1.3773345
21.368073	4.8085938	1.4222765
8.8853188	4.8183594	1.4660512
24.15263	4.828125	1.5075676
30.211948	4.8378906	1.547991
25.824778	4.8476563	1.5882915
15.142054	4.8574219	1.6269032
18.767443	4.8671875	1.6622708
32.422432	4.8769531	1.6976709
31.502501	4.8867188	1.7307007
14.871301	4.8964844	1.7628655
16.792978	4.90625	1.7926897
11.922518	4.9160156	1.8208418
27.232681	4.9257813	1.8470645
24.427629	4.9355469	1.8729655
25.155592	4.9453125	1.8960067
18.534546	4.9550781	1.9165846
13.245409	4.9648438	1.9353175
4.7348557	4.9746094	1.9536086
14.066894	4.984375	1.9705725
9.9019842	4.9941406	1.983901
12.472034	5.0039063	1.9967583
13.350306	5.0136719	2.0078454
16.652409	5.0234375	2.0152962
16.805616	5.0332031	2.0218318
19.351929	5.0429688	2.0264349
18.474977	5.0527344	2.029285
14.825316	5.0625	2.0309188
10.693563	5.0722656	2.0282738
2.5796354	5.0820313	2.0260701
-7.5456104	5.0917969	2.0220983
-10.767137	5.1015625	2.0141492
-18.580967	5.1113281	2.0051885
-23.075741	5.1210938	1.9947878
-30.750072	5.1308594	1.982272
-37.630356	5.140625	1.9695971
-44.768456	5.1503906	1.9534469
-47.575123	5.1601563	1.93569
-46.323868	5.1699219	1.9156982
-41.311443	5.1796875	1.8928764
-31.943094	5.1894531	1.8682135
-27.589127	5.1992188	1.8433803
-35.284531	5.2089844	1.8188063
-45.592361	5.21875	1.790499
-46.699493	5.2285156	1.7601266
-40.64677	5.2382813	1.728605
-42.207062	5.2480469	1.6932676
-35.801716	5.2578125	1.658674
-48.810127	5.2675781	1.6215169
-45.831512	5.2773438	1.5846075
-43.651604	5.2871094	1.544636
-30.518625	5.296875	1.5020767
-39.566784	5.3066406	1.4599299
-49.297688	5.3164063	1.4158077
-40.509865	5.3261719	1.3700669
-27.775135	5.3359375	1.3238981
-48.373444	5.3457031	1.2777681
-46.050407	5.3554688	1.2280234
-30.386681	5.3652344	1.1779697
-38.939247	5.375	1.1264671
-51.095264	5.3847656	1.0749887
-32.575729	5.3945313	1.0197389
-34.831257	5.4042969	0.96574855
-53.46759	5.4140625	0.91120398
-32.593903	5.4238281	0.85405505
-33.566334	5.4335938	0.79662365
-49.157066	5.4433594	0.74106616
-37.904655	5.453125	0.68276536
-31.655014	5.4628906	0.6224646
-48.868286	5.4726563	0.56360018
-27.838699	5.4824219	0.5014925
-41.38958	5.4921875	0.44184428
-43.073318	5.5019531	0.3794685
-23.703918	5.5117188	0.31924072
-47.314156	5.5214844	0.25724965
-37.887753	5.53125	0.19705175
-30.243292	5.5410156	0.13428359
-53.961388	5.5507813	0.072035752
-33.449535	5.5605469	0.0096825883
-41.609058	5.5703125	-0.052766688
-46.64349	5.5800781	-0.11405303
-35.56538	5.5898438	-0.17710356
-48.053391	5.5996094	-0.23777141
-49.698467	5.609375	-0.29958701
-26.911196	5.6191406	-0.36079165
-62.126469	5.6289063	-0.42249346
-34.030571	5.6386719	-0.48383316
-42.060345	5.6484375	-0.54349291
-45.312614	5.6582031	-0.60266954
-28.509239	5.6679688	-0.66372204
-43.543602	5.6777344	-0.72149754
-44.685757	5.6875	-0.77788335
-28.958183	5.6972656	-0.83567935
-43.686352	5.7070313	-0.89233488
-42.452663	5.7167969	-0.94702721
-23.765163	5.7265625	-1.0019271
-40.72089	5.7363281	-1.0572779
-42.196003	5.7460938	-1.1077776
-24.668943	5.7558594	-1.160453
-34.835281	5.765625	-1.2105712
-41.049313	5.7753906	-1.259833
-31.701838	5.7851563	-1.3082635
-22.731234	5.7949219	-1.3554554
-40.563416	5.8046875	-1.4014988
-37.457443	5.8144531	-1.4460651
-23.851379	5.8242188	-1.4885547
-23.271166	5.8339844	-1.5304825
-41.729481	5.84375	-1.5700753
-34.916916	5.8535156	-1.6108363
-25.568693	5.8632813	-1.6468676
-19.880548	5.8730469	-1.6819733
-30.898897	5.8828125	-1.7152387
-33.430973	5.8925781	-1.7489313
-32.624519	5.9023438	-1.7779379
-24.548941	5.9121094	-1.8085359
-18.989492	5.921875	-1.8345653
-23.450621	5.9316406	-1.8596485
-30.212999	5.9414063	-1.8844172
-33.238655	5.9511719	-1.9061606
-33.320023	5.9609375	-1.9269562
-32.540482	5.9707031	-1.9457458
-26.014225	5.9804688	-1.9630107
-21.128973	5.9902344	-1.9771944
-15.368941	6	-1.9909672
-14.484523	6.0097656	-2.0005627
-15.60523	6.0195313	-2.0094192
-18.541536	6.0292969	-2.017309
-18.126589	6.0390625	-2.0240402
-19.266281	6.0488281	-2.0260937
-17.399038	6.0585938	-2.0288768
-15.32958	6.0683594	-2.0279629
-8.9621172	6.078125	-2.0264335
-5.0002127	6.0878906	-2.0224249
1.6289879	6.0976563	-2.0162227
5.7196126	6.1074219	-2.0078866
7.8302231	6.1171875	-1.9983127
10.718684	6.1269531	-1.9885278
14.420925	6.1367188	-1.9749871
14.314731	6.1464844	-1.9597142
12.282626	6.15625	-1.9414711
7.7005591	6.1660156	-1.9222006
4.4416404	6.1757813	-1.900874
2.0860112	6.1855469	-1.8781207
7.0142908	6.1953125	-1.8548822
14.765205	6.2050781	-1.8280807
20.325893	6.2148438	-1.801088
20.088535	6.2246094	-1.7702087
7.7062521	6.234375	-1.739177
7.452455	6.2441406	-1.7060398
14.874031	6.2539063	-1.6710157
24.344969	6.2636719	-1.6354904
16.093487	6.2734375	-1.5972632
6.4944963	6.2832031	-1.5573788
10.953634	6.2929688	-1.5178821
26.068092	6.3027344	-1.4764062
21.652033	6.3125	-1.4312351
7.7358212	6.3222656	-1.3876275
16.383005	6.3320313	-1.3406067
28.314047	6.3417969	-1.2930342
10.567601	6.3515625	-1.2447677
14.112069	6.3613281	-1.1946884
29.267679	6.3710938	-1.1448658
19.116722	6.3808594	-1.0920441
8.3117046	6.390625	-1.0393587
27.925695	6.4003906	-0.98535371
25.749516	6.4101563	-0.93021458
11.426863	6.4199219	-0.87475282
26.845251	6.4296875	-0.81790137
25.562157	6.4394531	-0.76022679
13.673177	6.4492188	-0.70190531
33.121387	6.4589844	-0.64392865
26.018255	6.46875	-0.58372903
14.702813	6.4785156	-0.52317595
38.704456	6.4882813	-0.46425247
20.540104	6.4980469	-0.40274867
22.365509	6.5078125	-0.3409273
34.344028	6.5175781	-0.27984726
18.174818	6.5273438	-0.21795192
29.000576	6.5371094	-0.15680185
38.033974	6.546875	-0.094387591
7.7774515	6.5566406	-0.031965971
32.504162	6.5664063	0.030911248
23.244989	6.5761719	0.094425768
9.9122057	6.5859375	0.15599029
29.911631	6.5957031	0.21749409
14.992204	6.6054688	0.2772972
20.668621	6.6152344	0.34040427
36.078568	6.625	0.40006962
3.3465447	6.6347656	0.46169469
31.303249	6.6445313	0.52293885
26.838243	6.6542969	0.58132696
6.5154281	6.6640625	0.64232928
34.877937	6.6738281	0.70016098
23.213867	6.6835938	0.75772828
7.5825143	6.6933594	0.81591147
35.175396	6.703125	0.87169695
16.950891	6.7128906	0.92738992
13.185828	6.7226563	0.98381066
32.184074	6.7324219	1.0363251
18.435589	6.7421875	1.0892639
12.732612	6.7519531	1.140986
24.677069	6.7617188	1.1922026
27.726196	6.7714844	1.2410333
12.893608	6.78125	1.2901105
21.04562	6.7910156	1.3381379
34.546497	6.8007813	1.3842033
17.695635	6.8105469	1.4293485
10.918883	6.8203125	1.4735248
25.442383	6.8300781	1.5145826
33.167294	6.8398438	1.5555143
21.407055	6.8496094	1.5942441
18.276171	6.859375	1.6331158
17.094036	6.8691406	1.6680709
38.131096	6.8789063	1.702898
28.214743	6.8886719	1.7355738
13.942301	6.8984375	1.7672487
13.535283	6.9082031	1.7962747
14.96356	6.9179688	1.8242062
27.021782	6.9277344	1.8503023
27.777103	6.9375	1.8757056
24.076569	6.9472656	1.8981822
18.813921	6.9570313	1.9189109
12.783246	6.9667969	1.9384682
7.3029428	6.9765625	1.9560401
15.236414	6.9863281	1.9712178
11.145108	6.9960938	1.9849157
14.403591	7.0058594	1.9974874
15.549605	7.015625	2.0078318
18.798321	7.0253906	2.015434
19.185303	7.0351563	2.021292
19.234087	7.0449219	2.0250552
19.093609	7.0546875	2.0274227
16.776146	7.0644531	2.0286276
11.083775	7.0742188	2.0276999
1.6204664	7.0839844	2.0235543
-8.0873613	7.09375	2.0183213
-12.22646	7.1035156	2.0113118
-21.397381	7.1132813	2.0022695
-25.121962	7.1230469	1.9920337
-33.443398	7.1328125	1.978937
-41.377918	7.1425781	1.9652922
-44.30249	7.1523438	1.9494255
-45.734562	7.1621094	1.9305511
-43.132332	7.171875	1.9096383
-38.316963	7.1816406	1.8887208
-29.662764	7.1914063	1.8648926
-29.005028	7.2011719	1.8377875
-37.671265	7.2109375	1.8113002
-44.994244	7.2207031	1.7827967
-45.657333	7.2304688	1.751304
-38.017704	7.2402344	1.7199541
-41.825024	7.25	1.6853806
-33.271427	7.2597656	1.6503847
-51.491814	7.2695313	1.6138183
-43.268616	7.2792969	1.5741551
-39.867531	7.2890625	1.5337697
-29.491028	7.2988281	1.4925579
-44.511944	7.3085938	1.4503576
-48.970814	7.3183594	1.4066093
-34.112076	7.328125	1.3602028
-29.980391	7.3378906	1.3133922
-52.81665	7.3476563	1.2665265
-41.137917	7.3574219	1.2172971
-30.209078	7.3671875	1.1670625
-46.724384	7.3769531	1.1151879
-47.939899	7.3867188	1.0635372
-29.462564	7.3964844	1.0081472
-41.892796	7.40625	0.95388031
-49.435513	7.4160156	0.89812851
-28.80476	7.4257813	0.8413322
-39.463234	7.4355469	0.78586411
-48.013821	7.4453125	0.72668523
-29.932579	7.4550781	0.66642153
-40.6847	7.4648438	0.60888594
-43.721962	7.4746094	0.5506984
-24.81353	7.484375	0.48927629
-47.477486	7.4941406	0.42974699
-39.288227	7.5039063	0.36829215
-21.849874	7.5136719	0.30603522
-49.895256	7.5234375	0.24605291
-32.8708	7.5332031	0.18379977
-35.873138	7.5429688	0.12108441
-48.071705	7.5527344	0.057207234
-31.707808	7.5625	-0.0042013824
-47.003605	7.5722656	-0.064960778
-41.764557	7.5820313	-0.12819423
-32.952209	7.5917969	-0.18990664
-50.244541	7.6015625	-0.25150302
-43.536663	7.6113281	-0.31306604
-30.683622	7.6210938	-0.37447113
-59.797302	7.6308594	-0.43513635
-25.923084	7.640625	-0.49563748
-52.999168	7.6503906	-0.55595946
-40.248337	7.6601563	-0.61643261
-26.404764	7.6699219	-0.67588305
-46.657047	7.6796875	-0.73260599
-37.247105	7.6894531	-0.79156113
-27.169369	7.6992188	-0.84926683
-43.903664	7.7089844	-0.90548706
-37.828213	7.71875	-0.96048576
-22.414793	7.7285156	-1.0155369
-45.077526	7.7382813	-1.0685648
-37.137127	7.7480469	-1.12047
-21.954475	7.7578125	-1.1727238
-37.878414	7.7675781	-1.2219917
-41.036552	7.7773438	-1.2714828
-27.098263	7.7871094	-1.3191456
-27.056503	7.796875	-1.3668575
-42.013149	7.8066406	-1.4115752
-32.622658	7.8164063	-1.454764
-23.409958	7.8261719	-1.4981284
-26.020838	7.8359375	-1.5383924
-42.563316	7.8457031	-1.5782281
-34.064754	7.8554688	-1.6177205
-25.860384	7.8652344	-1.6552787
-18.542667	7.875	-1.6901239
-34.949814	7.8847656	-1.7221267
-32.810028	7.8945313	-1.7553213
-30.306925	7.9042969	-1.7855099
-24.459045	7.9140625	-1.8140062
-19.075396	7.9238281	-1.841276
-24.867302	7.9335938	-1.8664213
-31.656296	7.9433594	-1.8893214
-33.473957	7.953125	-1.9100937
-30.683796	7.9628906	-1.9310682
-29.496279	7.9726563	-1.9494939
-25.399286	7.9824219	-1.9660074
-20.210981	7.9921875	-1.9803538
-14.653884	8.0019531	-1.9930198
-16.226421	8.0117188	-2.0034595
-15.549652	8.0214844	-2.0116549
-18.315495	8.03125	-2.0185332
-17.855095	8.0410156	-2.0246508
-19.502045	8.0507813	-2.0268931
-17.486198	8.0605469	-2.0300968
-14.242426	8.0703125	-2.0282753
-8.2586069	8.0800781	-2.0264304
-4.1198101	8.0898438	-2.0214393
2.2509601	8.0996094	-2.0153596
6.5559521	8.109375	-2.0073805
8.8112078	8.1191406	-1.9975345
11.342525	8.1289063	-1.9846647
15.351148	8.1386719	-1.9713993
14.910718	8.1484375	-1.9559666
10.607729	8.1582031	-1.9376624
7.8404555	8.1679688	-1.9186257
4.1696825	8.1777344	-1.8977253
3.3336692	8.1875	-1.8745928
7.5812101	8.1972656	-1.8499906
18.176023	8.2070313	-1.8225509
19.036255	8.2167969	-1.7954427
16.770681	8.2265625	-1.7649221
5.8586707	8.2363281	-1.7330049
8.8957605	8.2460938	-1.699401
16.815163	8.2558594	-1.6645159
23.843889	8.265625	-1.6285272
16.426586	8.2753906	-1.5901641
5.9735961	8.2851563	-1.551054
13.547373	8.2949219	-1.5085819
28.541121	8.3046875	-1.4674098
18.651003	8.3144531	-1.4237065
8.1365232	8.3242188	-1.3776922
19.871101	8.3339844	-1.3317838
27.546717	8.34375	-1.2847345
8.5483885	8.3535156	-1.2346932
16.19063	8.3632813	-1.185214
29.623287	8.3730469	-1.1341697
17.272703	8.3828125	-1.0825692
15.445566	8.3925781	-1.0279913
35.215427	8.4023438	-0.97456139
25.995878	8.4121094	-0.91932017
18.03426	8.421875	-0.86294276
32.773376	8.4316406	-0.80679125
26.215591	8.4414063	-0.74838412
16.707304	8.4511719	-0.69069576
37.918285	8.4609375	-0.63274515
23.315392	8.4707031	-0.57189214
18.848923	8.4804688	-0.5120759
46.009655	8.4902344	-0.45225686
13.476494	8.5	-0.39091137
33.494823	8.5097656	-0.32905164
33.287788	8.5195313	-0.26807833
15.61137	8.5292969	-0.20668292
32.910278	8.5390625	-0.14413325
34.107887	8.5488281	-0.082281515
11.085742	8.5585938	-0.019370206
36.696301	8.5683594	0.042265095
17.955776	8.578125	0.10448387
20.516127	8.5878906	0.16706102
34.401215	8.5976563	0.22815076
10.686368	8.6074219	0.2916379
30.794979	8.6171875	0.35111549
28.568611	8.6269531	0.41362709
3.7749531	8.6367188	0.47512287
38.038269	8.6464844	0.53402919
22.542355	8.65625	0.59391409
9.0943413	8.6660156	0.65395182
38.469986	8.6757813	0.71155256
13.951358	8.6855469	0.76915181
17.002861	8.6953125	0.8264423
36.368629	8.7050781	0.88242722
11.729321	8.7148438	0.93904126
18.820225	8.7246094	0.99278361
32.640736	8.734375	1.0470937
14.954596	8.7441406	1.100116
14.361617	8.7539063	1.1514707
29.877108	8.7636719	1.2012391
23.439585	8.7734375	1.2522596
13.835525	8.7832031	1.3006524
21.469553	8.7929688	1.3474395
34.158577	8.8027344	1.3932101
14.157325	8.8125	1.4383725
13.379305	8.8222656	1.4814748
30.262297	8.8320313	1.5222645
33.950291	8.8417969	1.563114
21.257402	8.8515625	1.6014026
17.558002	8.8613281	1.6393991
21.937059	8.8710938	1.6740569
38.913006	8.8808594	1.7080916
23.276003	8.890625	1.741969
15.974738	8.9003906	1.77242
15.920743	8.9101563	1.8022834
20.182314	8.9199219	1.8300605
27.676579	8.9296875	1.8559241
32.720955	8.9394531	1.8801013
23.729162	8.9492188	1.9020257
18.599401	8.9589844	1.9228542
13.462029	8.96875	1.9431267
7.5162854	8.9785156	1.9598546
15.649217	8.9882813	1.9740752
9.9789114	8.9980469	1.9881316
15.729241	9.0078125	1.9986491
16.344431	9.0175781	2.0079186
19.667742	9.0273438	2.0155187
21.568056	9.0371094	2.0211377
22.17049	9.046875	2.0257766
20.777143	9.0566406	2.0284436
16.946014	9.0664063	2.0282845
9.9446516	9.0761719	2.0262811
-0.16719568	9.0859375	2.0230205
-8.9733629	9.0957031	2.0170524
-13.446086	9.1054688	2.0097969
-22.177656	9.1152344	1.9996911
-27.002838	9.125	1.9881294
-33.833843	9.1347656	1.9751283
-42.81752	9.1445313	1.9616619
-45.011227	9.1542969	1.9449378
-47.80098	9.1640625	1.9260833
-41.934395	9.1738281	1.9052154
-38.594334	9.1835938	1.8830713
-28.681837	9.1933594	1.8585998
-31.070375	9.203125	1.8329911
-41.038158	9.2128906	1.8063561
-49.194881	9.2226563	1.7773279
-45.9995	9.2324219	1.7472521
-39.137714	9.2421875	1.7133321
-41.870983	9.2519531	1.6784793
-37.012085	9.2617188	1.6430465
-51.628403	9.2714844	1.605163
-43.546944	9.28125	1.5670966
-39.957268	9.2910156	1.5263053
-30.893087	9.3007813	1.4838822
-50.796673	9.3105469	1.4408532
-47.449684	9.3203125	1.3958921
-31.885658	9.3300781	1.3506609
-34.914227	9.3398438	1.3046312
-51.280579	9.3496094	1.2558914
-39.798115	9.359375	1.2071825
-30.853807	9.3691406	1.1564038
-51.1189	9.3789063	1.1036196
-45.122719	9.3886719	1.0505195
-26.247103	9.3984375	0.99563986
-50.371315	9.4082031	0.94352001
-43.357979	9.4179688	0.88731951
-27.74914	9.4277344	0.83051747
-44.420059	9.4375	0.77369678
-46.857445	9.4472656	0.71666157
-29.365568	9.4570313	0.65771544
-46.781834	9.4667969	0.59820181
-41.166695	9.4765625	0.53701812
-22.703188	9.4863281	0.47657442
-51.51194	9.4960938	0.41686949
-35.125473	9.5058594	0.35527414
-27.441689	9.515625	0.2923415
-49.025494	9.5253906	0.23236676
-31.199656	9.5351563	0.16994374
-41.734383	9.5449219	0.10834643
-45.629974	9.5546875	0.046455394
-32.494381	9.5644531	-0.016468484
-51.846821	9.5742188	-0.07782802
-41.726543	9.5839844	-0.13968469
-33.053986	9.59375	-0.2023288
-52.562313	9.6035156	-0.26388699
-41.859341	9.6132813	-0.32640836
-35.840958	9.6230469	-0.38694581
-51.797543	9.6328125	-0.44744453
-22.754934	9.6425781	-0.50773108
-59.095295	9.6523438	-0.56827915
-36.404396	9.6621094	-0.62834311
-28.860209	9.671875	-0.68839967
-50.413456	9.6816406	-0.74611616
-34.112041	9.6914063	-0.80375808
-32.438267	9.7011719	-0.86033911
-45.42477	9.7109375	-0.91731071
-37.035511	9.7207031	-0.97149843
-24.047716	9.7304688	-1.0261881
-46.294918	9.7402344	-1.0789939
-35.540157	9.75	-1.1319441
-21.089485	9.7597656	-1.1825486
-41.345062	9.7695313	-1.2318606
-39.793377	9.7792969	-1.2813476
-24.937384	9.7890625	-1.3300027
-31.9883	9.7988281	-1.376251
-41.982964	9.8085938	-1.4209294
-30.445297	9.8183594	-1.4642028
-22.546797	9.828125	-1.5067933
-31.749916	9.8378906	-1.5475427
-41.847305	9.8476563	-1.5875537
-36.495914	9.8574219	-1.6254575
-29.152306	9.8671875	-1.6616266
-21.662388	9.8769531	-1.6971732
-37.373779	9.8867188	-1.7296243
-33.387016	9.8964844	-1.7619125
-30.617369	9.90625	-1.7922136
-23.481483	9.9160156	-1.8190826
-18.85898	9.9257813	-1.8464464
-26.686525	9.9355469	-1.8710884
-32.035145	9.9453125	-1.8957591
-33.481201	9.9550781	-1.9168037
-32.642403	9.9648438	-1.9351854
-29.714581	9.9746094	-1.9535921
-24.359652	9.984375	-1.9696306
-19.637518	9.9941406	-1.9835099
-14.19111	10.003906	-1.9955679
-15.118485	10.013672	-2.0060084
-15.393097	10.023438	-2.0130138
-18.652529	10.033203	-2.0197902
-17.510798	10.042969	-2.0249739
-18.904114	10.052734	-2.0279183
-17.72357	10.0625	-2.0291753
-13.783364	10.072266	-2.0281
-9.1338644	10.082031	-2.0254574
-3.4588854	10.091797	-2.0204034
2.6798108	10.101563	-2.0141716
6.7031012	10.111328	-2.0058632
9.3486052	10.121094	-1.9954573
12.677675	10.130859	-1.9826761
17.255871	10.140625	-1.9694353
14.509173	10.150391	-1.9525639
9.9480152	10.160156	-1.9362315
8.5598555	10.169922	-1.9152968
4.053267	10.179688	-1.8939006
3.4431229	10.189453	-1.8699902
8.3950462	10.199219	-1.8439683
21.007441	10.208984	-1.8180053
21.680962	10.21875	-1.7888918
14.987111	10.228516	-1.7594608
7.7222705	10.238281	-1.7270553
7.8257995	10.248047	-1.6926064
20.150881	10.257813	-1.6581825
22.682646	10.267578	-1.6216158
13.83741	10.277344	-1.5822637
6.3432379	10.287109	-1.5420562
17.256296	10.296875	-1.5020714
26.704563	10.306641	-1.4591715
16.585918	10.316406	-1.4152989
7.3292642	10.326172	-1.3697683
23.537479	10.335938	-1.3238604
23.729733	10.345703	-1.274918
8.6898336	10.355469	-1.2249315
16.62862	10.365234	-1.1747015
31.756577	10.375	-1.1234089
12.500834	10.384766	-1.0713457
18.74814	10.394531	-1.0177075
34.398235	10.404297	-0.96414655
17.131865	10.414063	-0.90821898
20.100508	10.423828	-0.85360289
31.033543	10.433594	-0.79580033
23.741798	10.443359	-0.73741049
21.63319	10.453125	-0.67863232
45.211426	10.462891	-0.62003088
26.267302	10.472656	-0.56006622
28.759474	10.482422	-0.50059009
50.549351	10.492188	-0.44090402
9.4485474	10.501953	-0.37798014
39.023132	10.511719	-0.31772861
20.743319	10.521484	-0.25643715
-2.7291129	10.53125	-0.21817489
4.1977386	10.541016	-0.1994825
4.4208717	10.550781	-0.19217907
3.1603034	10.560547	-0.18895707
4.7664042	10.570313	-0.18674964
2.6715221	10.580078	-0.18597348
1.5171827	10.589844	-0.1863583
3.7146964	10.599609	-0.18551359
2.0381761	10.609375	-0.18522507
3.1775212	10.619141	-0.18500955
2.0501785	10.628906	-0.18478231
1.1915574	10.638672	-0.18558325
2.0662091	10.648438	-0.18585892
0.92240518	10.658203	-0.18611112
1.2505916	10.667969	-0.18554525
1.2642355	10.677734	-0.18576691
0.33313408	10.6875	-0.18569054
2.6762602	10.697266	-0.1865548
1.8438441	10.707031	-0.18619494
2.5019398	10.716797	-0.18546516
0.84372002	10.726563	-0.18634489
1.0205781	10.736328	-0.18653916
1.8976978	10.746094	-0.18610908
-0.37763965	10.755859	-0.18597981
-0.0035041012	10.765625	-0.18628007
-0.59693122	10.775391	-0.18622921
0.20429724	10.785156	-0.18640971
-1.672702	10.794922	-0.18611616
-0.62943435	10.804688	-0.18667215
1.0505319	10.814453	-0.18625437
0.9567011	10.824219	-0.18659578
-0.47067878	10.833984	-0.18626609
-0.48036453	10.84375	-0.18687351
1.2096833	10.853516	-0.18661776
1.5990343	10.863281	-0.18631341
1.9549857	10.873047	-0.1862715
2.6780646	10.882813	-0.18649279
2.0616689	10.892578	-0.18578963
2.3165834	10.902344	-0.18635793
2.4028587	10.912109	-0.1863447
2.1326821	10.921875	-0.18640542
0.81149626	10.931641	-0.18688394
0.16029225	10.941406	-0.18594442
1.8801191	10.951172	-0.18588221
-0.11182856	10.960938	-0.18603905
0.64801425	10.970703	-0.186148
-0.72016847	10.980469	-0.18642144
0.30600932	10.990234	-0.18691765
0.51415992	11	-0.18672095
0.81388283	11.009766	-0.18612733
0.87581575	11.019531	-0.18648477
0.19313303	11.029297	-0.18666974
