MTS793|MPT|ENU|1|2|.|/|:|1|0|0|A

Data Acquisition						Time:	8.3603516	s	4/10/2018 11:08:35 AM
Axial Force	Running Time	Axial Displacement
N	s	mm
25.111086	0.012695313	-4.3871956
25.163277	0.022460938	-4.3856845
25.396793	0.032226563	-4.3864341
25.587273	0.041992188	-4.3856459
38.147285	0.051757813	-4.3835015
188.58405	0.061523438	-4.3322043
224.35452	0.071289063	-4.1563048
225.30635	0.081054688	-3.8297131
268.5293	0.090820313	-3.3453777
253.53444	0.10058594	-2.7204485
254.13101	0.11035156	-1.9721299
181.30142	0.12011719	-1.1602849
235.46144	0.12988281	-0.30977279
216.2021	0.13964844	0.55980533
127.82047	0.14941406	1.4182701
180.11101	0.15917969	2.2342384
112.18643	0.16894531	2.9865458
17.766981	0.17871094	3.6381454
108.73027	0.18847656	4.1719871
32.07098	0.19824219	4.6004906
-13.068249	0.20800781	4.8881068
-17.820169	0.21777344	5.0266013
-31.403988	0.22753906	5.0310655
-45.331776	0.23730469	4.8836036
-307.20642	0.24707031	4.5574174
-318.5314	0.25683594	4.0433211
-53.810131	0.26660156	3.3709407
-204.92477	0.27636719	2.6047931
-358.95792	0.28613281	1.7611593
-62.87019	0.29589844	0.84540695
-367.56604	0.30566406	-0.072395802
-76.947754	0.31542969	-0.99911988
-65.628815	0.32519531	-1.8742814
-180.73946	0.33496094	-2.6771278
-62.726974	0.34472656	-3.3885405
-51.472591	0.35449219	-3.9650903
-36.411476	0.36425781	-4.4094472
-17.185497	0.37402344	-4.708703
2.6426163	0.38378906	-4.8656702
303.69604	0.39355469	-4.8942285
64.166145	0.40332031	-4.7602506
326.71747	0.41308594	-4.4518261
256.1687	0.42285156	-3.9610937
252.8224	0.43261719	-3.3143148
222.99452	0.44238281	-2.5394545
263.00815	0.45214844	-1.6877592
201.98146	0.46191406	-0.78395009
180.72418	0.47167969	0.14383793
240.49597	0.48144531	1.0569006
55.150646	0.49121094	1.9411117
201.28252	0.50097656	2.7441292
24.643448	0.51074219	3.4572468
6.4162421	0.52050781	4.0410981
120.6697	0.53027344	4.5054092
-11.860906	0.54003906	4.8257575
-21.743414	0.54980469	4.9946442
-30.217833	0.55957031	5.0213828
-47.964943	0.56933594	4.8904791
-164.87952	0.57910156	4.5740261
-393.92889	0.58886719	4.0925741
-53.010147	0.59863281	3.4430697
-207.33334	0.60839844	2.6942878
-365.00241	0.61816406	1.8563225
-62.778072	0.62792969	0.93547255
-334.31027	0.63769531	0.019074976
-118.75642	0.64746094	-0.90423375
-66.590126	0.65722656	-1.786235
-208.81319	0.66699219	-2.5963261
-62.314423	0.67675781	-3.3200622
-53.48539	0.68652344	-3.9205341
-42.304523	0.69628906	-4.3815556
-26.295509	0.70605469	-4.6963649
-7.6099997	0.71582031	-4.8738241
301.58914	0.72558594	-4.9177556
152.59248	0.73535156	-4.8053279
212.66573	0.74511719	-4.5124965
311.36957	0.75488281	-4.0420561
212.4828	0.76464844	-3.4202874
238.87059	0.77441406	-2.6777089
283.02942	0.78417969	-1.8304214
198.19525	0.79394531	-0.92218667
168.6326	0.80371094	0.0057175756
246.32019	0.81347656	0.92114061
80.627579	0.82324219	1.8116102
162.09322	0.83300781	2.6264608
81.451416	0.84277344	3.3533187
-6.0126185	0.85253906	3.9583297
100.24915	0.86230469	4.4382558
-3.9263396	0.87207031	4.7794089
-22.477144	0.88183594	4.9689875
-28.56612	0.89160156	5.0153298
-44.917282	0.90136719	4.9081044
-69.433968	0.91113281	4.6145096
-690.25763	0.92089844	4.1603656
-51.973888	0.93066406	3.521666
-68.815056	0.94042969	2.7866364
-544.41797	0.95019531	1.9682705
-62.939583	0.95996094	1.0468886
-138.57162	0.96972656	0.12446195
-314.79733	0.97949219	-0.78703165
-58.224949	0.98925781	-1.6848757
-67.04454	0.99902344	-2.5083036
-191.99226	1.0087891	-3.2388866
-58.699528	1.0185547	-3.8604751
-46.719006	1.0283203	-4.3404264
-30.380255	1.0380859	-4.6735258
-12.019929	1.0478516	-4.8712583
264.76184	1.0576172	-4.9319668
187.26727	1.0673828	-4.842967
151.22737	1.0771484	-4.5694127
339.19849	1.0869141	-4.1245265
203.2569	1.0966797	-3.5195782
246.51489	1.1064453	-2.7888627
248.99034	1.1162109	-1.9589677
241.78568	1.1259766	-1.0581225
137.2536	1.1357422	-0.13165772
245.73886	1.1455078	0.78827441
107.83911	1.1552734	1.6834646
126.89642	1.1650391	2.5125935
123.60757	1.1748047	3.2517581
-12.718118	1.1845703	3.8755074
70.567558	1.1943359	4.3721719
10.436902	1.2041016	4.7339993
-22.079121	1.2138672	4.944901
-24.089624	1.2236328	5.0092058
-42.871025	1.2333984	4.9276485
-63.833282	1.2431641	4.6569033
-851.31976	1.2529297	4.2255177
-49.975212	1.2626953	3.600347
-64.292099	1.2724609	2.880101
-593.14197	1.2822266	2.0737364
-63.677944	1.2919922	1.1607513
-62.107925	1.3017578	0.23745298
-464.16879	1.3115234	-0.67171901
-58.545231	1.3212891	-1.5770779
-58.620564	1.3310547	-2.4135947
-87.16169	1.3408203	-3.1600132
-71.018028	1.3505859	-3.7926495
-54.532871	1.3603516	-4.2931557
-41.023838	1.3701172	-4.6471176
-20.02034	1.3798828	-4.8616199
15.01519	1.3896484	-4.9346013
369.89807	1.3994141	-4.8765764
79.93045	1.4091797	-4.6210976
323.71072	1.4189453	-4.2002277
229.99417	1.4287109	-3.6145062
225.62573	1.4384766	-2.9049368
263.48593	1.4482422	-2.0868137
221.73421	1.4580078	-1.1864171
160.89786	1.4677734	-0.26167482
200.29277	1.4775391	0.66161454
160.91266	1.4873047	1.5585095
90.538582	1.4970703	2.4003088
138.34569	1.5068359	3.1541839
7.319788	1.5166016	3.7907169
35.836216	1.5263672	4.3080492
33.215363	1.5361328	4.6871977
-19.980967	1.5458984	4.9172506
-22.487507	1.5556641	5.0005569
-39.747696	1.5654297	4.9406247
-57.062401	1.5751953	4.696156
-835.12848	1.5849609	4.2889791
-54.380157	1.5947266	3.6824913
-61.288334	1.6044922	2.9777856
-511.05017	1.6142578	2.17904
-140.71101	1.6240234	1.2813628
-59.992306	1.6337891	0.35437495
-415.69684	1.6435547	-0.55914372
-59.517113	1.6533203	-1.4672651
-55.334087	1.6630859	-2.3121982
-61.29631	1.6728516	-3.0724792
-62.582642	1.6826172	-3.7233934
-58.654964	1.6923828	-4.2406602
-45.53207	1.7021484	-4.6137276
-28.92362	1.7119141	-4.8458338
-7.0322304	1.7216797	-4.9406276
419.9285	1.7314453	-4.902534
144.58928	1.7412109	-4.6731906
229.14268	1.7509766	-4.2695136
301.5665	1.7607422	-3.7085965
217.12471	1.7705078	-3.0057445
253.23883	1.7802734	-2.2013412
205.69789	1.7900391	-1.313226
220.1329	1.7998047	-0.39207637
160.42824	1.8095703	0.53685457
168.49669	1.8193359	1.439023
119.50549	1.8291016	2.2872539
101.80214	1.8388672	3.0538261
36.017574	1.8486328	3.7076116
31.69994	1.8583984	4.2402654
35.787758	1.8681641	4.6403127
-18.665997	1.8779297	4.8922315
-21.29512	1.8876953	4.9934344
-33.121113	1.8974609	4.9534245
-55.701656	1.9072266	4.7324104
-726.39545	1.9169922	4.3428049
-53.955429	1.9267578	3.7622168
-59.783108	1.9365234	3.0687599
-317.78479	1.9462891	2.2806332
-291.90594	1.9560547	1.4006764
-55.938622	1.9658203	0.47254413
-237.07166	1.9755859	-0.44698715
-145.06367	1.9853516	-1.350312
-53.937698	1.9951172	-2.2100031
-57.734909	2.0048828	-2.9807463
-58.010803	2.0146484	-3.6493347
-54.743221	2.0244141	-4.1847887
-41.407173	2.0341797	-4.5778275
-25.245991	2.0439453	-4.828948
-1.3887999	2.0537109	-4.9402833
379.49307	2.0634766	-4.9222918
114.39774	2.0732422	-4.716486
260.772	2.0830078	-4.3355227
268.18393	2.0927734	-3.7944198
220.23747	2.1025391	-3.1117022
262.81555	2.1123047	-2.319911
231.20245	2.1220703	-1.4396697
184.35446	2.1318359	-0.51980168
187.95259	2.1416016	0.40778667
192.68036	2.1513672	1.3153269
84.81282	2.1611328	2.1757588
140.98413	2.1708984	2.9529243
17.013472	2.1806641	3.6246567
18.478092	2.1904297	4.1729183
67.989838	2.2001953	4.5909123
-18.684752	2.2099609	4.8609452
-21.587545	2.2197266	4.9843354
-31.708599	2.2294922	4.9643531
-53.030636	2.2392578	4.7703104
-544.19507	2.2490234	4.4003353
-90.069885	2.2587891	3.8450866
-50.533997	2.2685547	3.1665311
-259.76318	2.2783203	2.3851409
-314.4584	2.2880859	1.5201523
-57.555328	2.2978516	0.59189647
-294.38904	2.3076172	-0.32736659
-112.78954	2.3173828	-1.237148
-57.3545	2.3271484	-2.1032453
-59.320839	2.3369141	-2.8881252
-64.220322	2.3466797	-3.5702899
-61.227253	2.3564453	-4.1244016
-50.016167	2.3662109	-4.5376406
-29.572414	2.3759766	-4.8046498
-5.9049459	2.3857422	-4.9363017
388.59067	2.3955078	-4.9369736
144.10092	2.4052734	-4.759243
223.79796	2.4150391	-4.4010983
279.99835	2.4248047	-3.8786457
203.95573	2.4345703	-3.2117412
259.78403	2.4443359	-2.4318039
224.69908	2.4541016	-1.5626266
208.81407	2.4638672	-0.64513385
168.65404	2.4736328	0.28443336
208.67041	2.4833984	1.1938989
86.488884	2.4931641	2.0640419
136.83318	2.5029297	2.8525829
38.8451	2.5126953	3.5398259
7.4473095	2.5224609	4.1040225
83.018478	2.5322266	4.5405254
-17.141808	2.5419922	4.8331127
-20.347071	2.5517578	4.9738808
-30.585192	2.5615234	4.9735265
-48.612198	2.5712891	4.8052535
-325.00784	2.5810547	4.4507785
-229.01329	2.5908203	3.9284573
-44.259789	2.6005859	3.2606854
-123.65186	2.6103516	2.489625
-414.80527	2.6201172	1.6387433
-58.364353	2.6298828	0.71177781
-179.07889	2.6396484	-0.20950437
-214.63934	2.6494141	-1.1173725
-55.572742	2.6591797	-1.9944861
-57.603638	2.6689453	-2.7928665
-63.673801	2.6787109	-3.4903705
-60.95562	2.6884766	-4.0621862
-51.703117	2.6982422	-4.4936838
-33.444283	2.7080078	-4.7798858
-9.9871883	2.7177734	-4.9310131
369.14035	2.7275391	-4.9497871
152.27237	2.7373047	-4.7962561
197.05084	2.7470703	-4.4614716
312.20068	2.7568359	-3.9594665
174.9455	2.7666016	-3.3074393
264.08493	2.7763672	-2.5448828
235.57919	2.7861328	-1.6836181
214.53897	2.7958984	-0.77235252
162.68715	2.8056641	0.15796274
220.85992	2.8154297	1.0695994
82.716003	2.8251953	1.9475251
138.75482	2.8349609	2.7490482
64.008881	2.8447266	3.4524202
-2.0355685	2.8544922	4.0342793
79.097206	2.8642578	4.4907794
-9.9776201	2.8740234	4.801722
-17.970894	2.8837891	4.9620347
-26.668991	2.8935547	4.9792066
-45.749287	2.9033203	4.8340783
-110.33083	2.9130859	4.5040355
-447.69717	2.9228516	4.0101676
-45.916553	2.9326172	3.3480213
-72.877045	2.9423828	2.5954337
-554.28607	2.9521484	1.7591149
-59.004478	2.9619141	0.83328485
-69.412636	2.9716797	-0.089837611
-354.72418	2.9814453	-0.99723935
-55.116123	2.9912109	-1.8853992
-57.353699	3.0009766	-2.6923909
-59.704983	3.0107422	-3.4054546
-60.793884	3.0205078	-3.9959207
-52.616665	3.0302734	-4.4470325
-37.393951	3.0400391	-4.753396
-15.095633	3.0498047	-4.9215631
311.89688	3.0595703	-4.9552755
211.74657	3.0693359	-4.830411
164.3735	3.0791016	-4.5151038
301.29562	3.0888672	-4.0355682
188.11012	3.0986328	-3.4028664
256.64603	3.1083984	-2.6592209
237.3916	3.1181641	-1.8075123
214.78702	3.1279297	-0.89733899
155.83403	3.1376953	0.030961633
215.46042	3.1474609	0.94681978
104.91795	3.1572266	1.8322617
125.85177	3.1669922	2.6457355
88.572777	3.1767578	3.3628836
3.7467806	3.1865234	3.9616988
73.732132	3.1962891	4.4377551
-3.803894	3.2060547	4.7672706
-15.992811	3.2158203	4.945828
-22.172125	3.2255859	4.9821868
-42.648415	3.2353516	4.8634844
-69.996948	3.2451172	4.5584307
-629.49567	3.2548828	4.0885611
-47.387032	3.2646484	3.4414873
-70.305916	3.2744141	2.6994646
-574.89355	3.2841797	1.8749788
-58.37262	3.2939453	0.95382631
-71.044388	3.3037109	0.032323599
-399.07178	3.3134766	-0.87668002
-56.980423	3.3232422	-1.7730341
-57.281868	3.3330078	-2.591537
-61.543121	3.3427734	-3.317678
-63.489235	3.3525391	-3.9259882
-56.226799	3.3623047	-4.396276
-40.337849	3.3720703	-4.7217607
-19.013695	3.3818359	-4.9097195
256.34302	3.3916016	-4.9585371
244.06871	3.4013672	-4.8590779
110.4408	3.4111328	-4.5671744
330.89703	3.4208984	-4.1136818
186.47011	3.4306641	-3.4969583
241.8073	3.4404297	-2.7640865
254.98935	3.4501953	-1.925078
223.16335	3.4599609	-1.0217816
132.5282	3.4697266	-0.093092024
230.24026	3.4794922	0.82571954
118.46297	3.4892578	1.7171905
98.872009	3.4990234	2.5410204
126.78896	3.5087891	3.2732577
-7.8377314	3.5185547	3.8876965
49.255394	3.5283203	4.3800964
19.698135	3.5380859	4.7292457
-14.48692	3.5478516	4.9311414
-21.837326	3.5576172	4.9856915
-39.835438	3.5673828	4.8911705
-64.323692	3.5771484	4.6074047
-746.71631	3.5869141	4.1615291
-48.36087	3.5966797	3.5290718
-66.878853	3.6064453	2.8030858
-612.62439	3.6162109	1.993221
-57.113098	3.6259766	1.076591
-69.100533	3.6357422	0.15250146
-454.14456	3.6455078	-0.75712353
-59.860607	3.6552734	-1.6584203
-54.758076	3.6650391	-2.4894223
-59.780621	3.6748047	-3.2285585
-62.19627	3.6845703	-3.854902
-56.398682	3.6943359	-4.3432431
-42.234642	3.7041016	-4.6879845
-20.736992	3.7138672	-4.8937201
198.16376	3.7236328	-4.961133
258.93115	3.7333984	-4.885684
98.571571	3.7431641	-4.619092
340.0112	3.7529297	-4.1851702
170.51416	3.7626953	-3.5897658
275.92029	3.7724609	-2.865541
212.52293	3.7822266	-2.0397112
268.2963	3.7919922	-1.1429429
107.41213	3.8017578	-0.21398813
236.38962	3.8115234	0.70533007
131.35709	3.8212891	1.6041845
89.07106	3.8310547	2.4392815
152.09825	3.8408203	3.1828418
-9.5413761	3.8505859	3.8117647
28.954155	3.8603516	4.317297
36.071171	3.8701172	4.6876268
-13.369065	3.8798828	4.9110398
-19.231764	3.8896484	4.9837694
-33.341267	3.8994141	4.9141722
-61.051197	3.9091797	4.6545701
-852.7879	3.9189453	4.2335329
-51.445957	3.9287109	3.617321
-63.686111	3.9384766	2.9040322
-574.16492	3.9482422	2.1066427
-65.900711	3.9580078	1.1970997
-65.568687	3.9677734	0.27530044
-449.33691	3.9775391	-0.63539743
-57.984051	3.9873047	-1.5426278
-57.687725	3.9970703	-2.3822575
-64.027702	4.0068359	-3.1359031
-95.611	4.0166016	-3.7772565
-56.934578	4.0263672	-4.2856083
-44.360363	4.0361328	-4.6522484
-21.651911	4.0458984	-4.8770027
127.74505	4.0556641	-4.9598918
278.31454	4.0654297	-4.9076276
89.247681	4.0751953	-4.6631231
341.97769	4.0849609	-4.2495236
186.15437	4.0947266	-3.6711917
249.58386	4.1044922	-2.968791
225.79593	4.1142578	-2.1610484
265.61215	4.1240234	-1.2689263
94.852104	4.1337891	-0.34088641
251.39818	4.1435547	0.57898164
144.23912	4.1533203	1.4833838
72.995468	4.1630859	2.3290739
180.82961	4.1728516	3.0864687
-9.8762217	4.1826172	3.7363365
12.226565	4.1923828	4.259953
69.130417	4.2021484	4.6496587
-10.50668	4.2119141	4.8924489
-17.622242	4.2216797	4.9850569
-32.094131	4.2314453	4.9348249
-56.064617	4.2412109	4.6985583
-855.01727	4.2509766	4.3001666
-55.616791	4.2607422	3.7002115
-57.760532	4.2705078	3.0030787
-519.73785	4.2802734	2.2140994
-113.66673	4.2900391	1.3202965
-64.750015	4.2998047	0.39733201
-434.03479	4.3095703	-0.51444322
-56.549419	4.3193359	-1.4265627
-54.838913	4.3291016	-2.2763445
-63.801842	4.3388672	-3.0414417
-92.844315	4.3486328	-3.7004128
-60.586304	4.3583984	-4.2289076
-49.624733	4.3681641	-4.6130524
-27.396425	4.3779297	-4.8564539
-2.0035892	4.3876953	-4.9579649
390.22522	4.3974609	-4.9283147
78.492638	4.4072266	-4.709156
311.91409	4.4169922	-4.318531
229.64117	4.4267578	-3.7627995
255.88605	4.4365234	-3.0695348
208.7785	4.4462891	-2.2699027
269.71127	4.4560547	-1.3863415
136.51691	4.4658203	-0.4631564
205.99446	4.4755859	0.46070218
194.3663	4.4853516	1.3654187
57.749905	4.4951172	2.2245512
168.29471	4.5048828	2.993603
5.5264564	4.5146484	3.6553965
12.341106	4.5244141	4.1929064
84.135712	4.5341797	4.6038346
-9.5564756	4.5439453	4.868175
-16.701511	4.5537109	4.9805207
-28.47612	4.5634766	4.9512849
-52.447876	4.5732422	4.7407346
-779.1615	4.5830078	4.3616071
-57.062996	4.5927734	3.7855043
-59.084034	4.6025391	3.1027689
-396.05673	4.6123047	2.3237109
-209.78488	4.6220703	1.4435112
-56.140404	4.6318359	0.51916093
-360.15747	4.6416016	-0.39553493
-70.351433	4.6513672	-1.3073176
-50.737209	4.6611328	-2.1678476
-64.829865	4.6708984	-2.9461951
-62.966103	4.6806641	-3.6211803
-62.677681	4.6904297	-4.166338
-48.204266	4.7001953	-4.5693216
-31.978928	4.7099609	-4.8331842
-6.03128	4.7197266	-4.9527183
403.53424	4.7294922	-4.9428029
121.46102	4.7392578	-4.7492476
258.44501	4.7490234	-4.3773708
263.81567	4.7587891	-3.8443253
238.39188	4.7685547	-3.1679332
212.54631	4.7783203	-2.3819373
255.1611	4.7880859	-1.5102491
196.97545	4.7978516	-0.59229136
172.75851	4.8076172	0.33776313
200.35199	4.8173828	1.2460083
74.013565	4.8271484	2.1125808
151.68242	4.8369141	2.8942049
23.396614	4.8466797	3.5740302
6.8575959	4.8564453	4.1286707
83.510841	4.8662109	4.5567079
-10.289577	4.8759766	4.8413439
-15.983566	4.8857422	4.9715085
-26.785664	4.8955078	4.9617662
-47.562107	4.9052734	4.7772484
-575.1286	4.9150391	4.417552
-74.997917	4.9248047	3.8678794
-56.840828	4.9345703	3.1981735
-212.28574	4.9443359	2.425988
-357.00925	4.9541016	1.5693933
-50.778584	4.9638672	0.64291805
-211.60522	4.9736328	-0.27801096
-187.16895	4.9833984	-1.1862888
-51.848942	4.9931641	-2.0569534
-62.288891	5.0029297	-2.8476477
-62.996746	5.0126953	-3.5370946
-60.401367	5.0224609	-4.1021271
-49.52346	5.0322266	-4.5263186
-31.954073	5.0419922	-4.807529
-9.1550293	5.0517578	-4.9466043
395.36682	5.0615234	-4.9543052
124.47109	5.0712891	-4.782927
220.4852	5.0810547	-4.4334559
305.32391	5.0908203	-3.9200931
186.41261	5.1005859	-3.2635598
243.27606	5.1103516	-2.5001078
264.40915	5.1201172	-1.6325116
170.42841	5.1298828	-0.71454197
182.19316	5.1396484	0.21146238
224.46503	5.1494141	1.1242404
55.478172	5.1591797	1.9983814
155.77525	5.1689453	2.7917564
56.522079	5.1787109	3.4890592
-4.8491058	5.1884766	4.0623651
85.790672	5.1982422	4.511301
-11.389527	5.2080078	4.814394
-15.815104	5.2177734	4.9650922
-25.852325	5.2275391	4.9736934
-47.493855	5.2373047	4.8148794
-366.07858	5.2470703	4.474236
-198.38768	5.2568359	3.9526224
-49.399326	5.2666016	3.2943189
-128.0963	5.2763672	2.5346189
-422.71826	5.2861328	1.6914771
-54.96669	5.2958984	0.76518506
-186.81709	5.3056641	-0.15563816
-234.06621	5.3154297	-1.0642424
-52.821251	5.3251953	-1.9452288
-63.020943	5.3349609	-2.7487471
-64.530037	5.3447266	-3.4538016
-61.995502	5.3544922	-4.0359974
-54.522034	5.3642578	-4.4801116
-35.105564	5.3740234	-4.776813
-14.208153	5.3837891	-4.9363823
347.17679	5.3935547	-4.9598546
192.97821	5.4033203	-4.8188167
149.30823	5.4130859	-4.4904203
329.73004	5.4228516	-4.0002627
185.73018	5.4326172	-3.3569069
236.02101	5.4423828	-2.602181
240.22665	5.4521484	-1.7491295
219.01083	5.4619141	-0.83857924
141.43721	5.4716797	0.089673698
222.99274	5.4814453	1.0035098
98.421967	5.4912109	1.884973
121.20876	5.5009766	2.6922657
88.500671	5.5107422	3.4038677
0.89711976	5.5205078	3.9944291
60.864624	5.5302734	4.457037
11.30714	5.5400391	4.7803626
-16.252674	5.5498047	4.9543395
-23.802813	5.5595703	4.9802675
-45.137318	5.5693359	4.8456655
-100.06809	5.5791016	4.5235319
-449.24414	5.5888672	4.0374546
-48.254875	5.5986328	3.3856406
-68.547272	5.6083984	2.6380136
-561.5733	5.6181641	1.8126323
-59.457726	5.6279297	0.88833421
-69.296524	5.6376953	-0.034846365
-381.17603	5.6474609	-0.94135106
-55.654335	5.6572266	-1.8330708
-62.619133	5.6669922	-2.6474385
-61.134682	5.6767578	-3.3666954
-61.987038	5.6865234	-3.9670215
-55.406219	5.6962891	-4.4307933
-39.725506	5.7060547	-4.7482057
-18.190277	5.7158203	-4.9259501
262.39481	5.7255859	-4.9643531
253.593	5.7353516	-4.851398
96.065231	5.7451172	-4.5409055
349.10245	5.7548828	-4.0728421
185.36716	5.7646484	-3.4470081
222.91624	5.7744141	-2.7068198
252.1862	5.7841797	-1.8664867
221.28775	5.7939453	-0.96248835
142.98647	5.8037109	-0.035406649
223.65462	5.8134766	0.88325739
114.05495	5.8232422	1.7707825
109.77595	5.8330078	2.5916264
121.28163	5.8427734	3.3160715
-4.1607652	5.8525391	3.9212942
40.588776	5.8623047	4.4032974
26.35878	5.8720703	4.7488556
-17.599739	5.8818359	4.9390659
-24.926311	5.8916016	4.9855843
-43.729649	5.9013672	4.8763409
-69.549561	5.9111328	4.5781388
-614.53223	5.9208984	4.1179986
-52.172283	5.9306641	3.4777255
-64.40033	5.9404297	2.7431295
-579.57642	5.9501953	1.9284294
-60.273975	5.9599609	1.0099783
-70.879326	5.9697266	0.088278949
-409.85944	5.9794922	-0.82034916
-56.636406	5.9892578	-1.7194078
-60.226166	5.9990234	-2.5431991
-61.173145	6.0087891	-3.2775612
-62.976673	6.0185547	-3.8947835
-56.240379	6.0283203	-4.3751001
-42.46122	6.0380859	-4.7141805
-20.063389	6.0478516	-4.9095511
165.75468	6.0576172	-4.9640045
301.58591	6.0673828	-4.8783498
61.548988	6.0771484	-4.5945778
349.6076	6.0869141	-4.1482897
195.64445	6.0966797	-3.5417109
228.84145	6.1064453	-2.8127298
229.59917	6.1162109	-1.9816905
237.75348	6.1259766	-1.0842218
133.40128	6.1357422	-0.1572147
222.07904	6.1455078	0.76243579
143.88445	6.1552734	1.6579106
75.092415	6.1650391	2.4886236
160.00569	6.1748047	3.2272696
-10.578218	6.1845703	3.8477883
30.010508	6.1943359	4.3449597
45.121151	6.2041016	4.7090726
-18.453598	6.2138672	4.9211187
-22.616226	6.2236328	4.9881535
-41.31617	6.2333984	4.9017386
-65.285965	6.2431641	4.6268148
-770.87073	6.2529297	4.1926889
-50.457111	6.2626953	3.5643504
-62.278263	6.2724609	2.8482034
-605.10083	6.2822266	2.0426617
-60.365349	6.2919922	1.1321142
-67.363983	6.3017578	0.21101236
-433.32062	6.3115234	-0.69946498
-57.432873	6.3212891	-1.6045914
-56.291824	6.3310547	-2.4377079
-63.030304	6.3408203	-3.1857862
-64.259064	6.3505859	-3.8199379
-56.943111	6.3603516	-4.3198438
-42.711269	6.3701172	-4.677269
-20.278978	6.3798828	-4.8922882
76.473969	6.3896484	-4.9643679
329.25635	6.3994141	-4.9022913
53.04829	6.4091797	-4.6415091
347.81729	6.4189453	-4.2177901
207.79437	6.4287109	-3.6276846
215.26164	6.4384766	-2.9129744
243.72653	6.4482422	-2.0981028
249.2056	6.4580078	-1.2056291
122.84865	6.4677734	-0.2804935
226.97966	6.4775391	0.64222962
154.6503	6.4873047	1.5418351
65.233955	6.4970703	2.3829951
170.69443	6.5068359	3.1334667
-6.6092706	6.5166016	3.7722201
14.777062	6.5263672	4.289216
63.276863	6.5361328	4.6726003
-15.406765	6.5458984	4.9049454
-22.199413	6.5556641	4.9883351
-38.187042	6.5654297	4.9231572
-59.898613	6.5751953	4.6739922
-848.86041	6.5849609	4.2621298
-50.191872	6.5947266	3.6517546
-60.163101	6.6044922	2.9463232
-543.42316	6.6142578	2.1553965
-80.097862	6.6240234	1.2539639
-64.611015	6.6337891	0.33441186
-443.52316	6.6435547	-0.57606101
-58.783787	6.6533203	-1.4871031
-53.95118	6.6630859	-2.3305044
-60.175392	6.6728516	-3.0920415
-62.258705	6.6826172	-3.7417829
-56.281811	6.6923828	-4.259573
-43.653149	6.7021484	-4.6368403
-23.082666	6.7119141	-4.8720284
0.42045721	6.7216797	-4.9609365
391.94763	6.7314453	-4.9215837
72.043777	6.7412109	-4.6850009
302.33063	6.7509766	-4.2805567
238.1407	6.7607422	-3.7121639
225.6694	6.7705078	-3.0128062
240.44168	6.7802734	-2.2124648
248.75685	6.7900391	-1.3277457
147.86575	6.7998047	-0.40738136
203.9458	6.8095703	0.51673353
187.80165	6.8193359	1.4208168
64.22953	6.8291016	2.2755055
158.09775	6.8388672	3.0376911
17.904654	6.8486328	3.6943958
19.700487	6.8583984	4.2296605
57.514774	6.8681641	4.6311722
-15.59949	6.8779297	4.8847718
-19.420498	6.8876953	4.9862757
-34.996517	6.8974609	4.9435749
-55.244122	6.9072266	4.7163978
-800.88312	6.9169922	4.3270335
-52.7216	6.9267578	3.7386565
-60.631802	6.9365234	3.0428529
-388.26007	6.9462891	2.2586703
-193.87773	6.9560547	1.3780773
-55.699142	6.9658203	0.4567951
-360.84729	6.9755859	-0.45910329
-60.728481	6.9853516	-1.3689578
-53.542656	6.9951172	-2.22383
-62.116039	7.0048828	-2.9968321
-61.776615	7.0146484	-3.662622
-58.86124	7.0244141	-4.2013063
-44.438057	7.0341797	-4.5971437
-25.712896	7.0439453	-4.8492222
0.56566203	7.0537109	-4.9579439
379.79315	7.0634766	-4.938343
51.752029	7.0732422	-4.7251911
318.57431	7.0830078	-4.3423324
222.47275	7.0927734	-3.7923739
219.40169	7.1025391	-3.1125233
252.24023	7.1123047	-2.3276448
246.06052	7.1220703	-1.4473274
140.97896	7.1318359	-0.52914768
207.81284	7.1416016	0.39501339
202.52423	7.1513672	1.3030827
38.165184	7.1611328	2.1658897
185.59077	7.1708984	2.9406533
12.26	7.1806641	3.6136642
6.9503207	7.1904297	4.1641192
82.684822	7.2001953	4.5825763
-17.848274	7.2099609	4.8606915
-21.592331	7.2197266	4.9812183
-35.184467	7.2294922	4.9570069
-54.304955	7.2392578	4.7588305
-704.40955	7.2490234	4.386838
-54.648426	7.2587891	3.8212955
-64.158295	7.2685547	3.1446128
-328.57047	7.2783203	2.3702905
-239.44273	7.2880859	1.5006437
-52.343773	7.2978516	0.57902187
-327.8847	7.3076172	-0.33822954
-75.270981	7.3173828	-1.2504623
-53.420033	7.3271484	-2.1134601
-60.287956	7.3369141	-2.8999834
-61.304787	7.3466797	-3.5814419
-59.054585	7.3564453	-4.1374311
-48.224316	7.3662109	-4.5532002
-28.502125	7.3759766	-4.8235598
-3.327208	7.3857422	-4.9515023
399.62665	7.3955078	-4.9500451
46.400673	7.4052734	-4.7636509
303.71927	7.4150391	-4.4064074
243.92996	7.4248047	-3.8760767
193.00621	7.4345703	-3.2102273
261.17535	7.4443359	-2.4387717
247.23991	7.4541016	-1.5687301
146.6998	7.4638672	-0.65447241
202.07184	7.4736328	0.27282387
215.13791	7.4833984	1.1827201
32.151657	7.4931641	2.0554616
191.02165	7.5029297	2.8418646
19.736845	7.5126953	3.5315781
2.3182366	7.5224609	4.0962577
90.093193	7.5322266	4.5355158
-10.456879	7.5419922	4.8331275
-20.230282	7.5517578	4.973115
-33.748325	7.5615234	4.9700303
-52.527618	7.5712891	4.7969265
-524.88116	7.5810547	4.4473424
-77.579849	7.5908203	3.9046884
-56.479744	7.6005859	3.2416642
-286.21964	7.6103516	2.476737
-264.20157	7.6201172	1.6198635
-59.576378	7.6298828	0.70181042
-359.42682	7.6396484	-0.2129823
-68.248314	7.6494141	-1.1305243
-55.595974	7.6591797	-2.0021348
-65.280937	7.6689453	-2.7988882
-118.46856	7.6787109	-3.4966812
-59.05415	7.6884766	-4.0729032
-45.031193	7.6982422	-4.5085402
-22.843317	7.7080078	-4.7977419
1.7308048	7.7177734	-4.9454393
351.55991	7.7275391	-4.9588623
15.65559	7.7373047	-4.7980638
362.93747	7.7470703	-4.466291
197.56216	7.7568359	-3.9524198
201.37164	7.7666016	-3.3049569
255.17926	7.7763672	-2.546689
261.88318	7.7861328	-1.6875968
133.62883	7.7958984	-0.77576935
208.81346	7.8056641	0.14903098
227.4057	7.8154297	1.063256
-14.162726	7.8251953	1.9192026
-46.104309	7.8349609	2.3031905
-347.17316	7.8447266	2.4342849
-50.727745	7.8544922	2.4784043
-27.52618	7.8642578	2.4989412
-9.8229742	7.8740234	2.5058448
-2.5520101	7.8837891	2.5086031
4.8631687	7.8935547	2.5083854
0.36332059	7.9033203	2.5081396
2.0441949	7.9130859	2.5067062
-13.571501	7.9228516	2.5044322
-10.277843	7.9326172	2.5007472
-14.08637	7.9423828	2.4986639
-5.0221338	7.9521484	2.4975345
1.9910629	7.9619141	2.4971054
-4.9637513	7.9716797	2.4973586
-7.0240698	7.9814453	2.4946957
-10.457309	7.9912109	2.4951549
-5.7184372	8.0009766	2.4935336
-1.3033626	8.0107422	2.4942174
-0.84909844	8.0205078	2.4952917
3.6339393	8.0302734	2.4955809
-4.2358761	8.0400391	2.4963765
1.0856544	8.0498047	2.4959297
-1.3434794	8.0595703	2.4954035
-4.5528402	8.0693359	2.4947376
-8.9186821	8.0791016	2.4941206
-15.500199	8.0888672	2.4930968
-8.4887838	8.0986328	2.4934232
-11.07076	8.1083984	2.492547
-8.5016356	8.1181641	2.4907203
-13.674935	8.1279297	2.4910033
-13.945402	8.1376953	2.4904399
-7.5600109	8.1474609	2.4909272
-5.2922988	8.1572266	2.4923623
-2.6174006	8.1669922	2.4905577
-11.595082	8.1767578	2.4910033
-11.334684	8.1865234	2.4903059
-12.246333	8.1962891	2.4892642
-10.327482	8.2060547	2.4896801
-8.7129421	8.2158203	2.4882302
-12.705917	8.2255859	2.4895072
-14.29976	8.2353516	2.488786
-18.201954	8.2451172	2.4888544
-12.049824	8.2548828	2.4872587
-12.290804	8.2646484	2.4872394
-12.77636	8.2744141	2.4885714
-14.165079	8.2841797	2.487664
-13.024768	8.2939453	2.4878993
-11.62116	8.3037109	2.4872885
-11.53273	8.3134766	2.4867342
-12.302736	8.3232422	2.486819
