MTS793|MPT|ENU|1|2|.|/|:|1|0|0|A

Data Acquisition						Time:	29.004883	s	4/10/2018 12:45:48 PM
Axial Force	Running Time	Axial Displacement
N	s	mm
-5.3446622	0.012695313	2.1061778
-6.4753695	0.022460938	2.1062686
-6.0720487	0.032226563	2.1058931
-4.8767195	0.041992188	2.106452
-5.2459073	0.051757813	2.1063075
-4.7736683	0.061523438	2.1063805
-3.1014323	0.071289063	2.1057889
-2.86079	0.081054688	2.106595
-0.47934008	0.090820313	2.1071105
-1.5794649	0.10058594	2.1088481
-1.1482393	0.11035156	2.1092205
-2.1085842	0.12011719	2.1097958
-1.5256228	0.12988281	2.1119416
-1.265388	0.13964844	2.1135881
-1.8697581	0.14941406	2.114758
-0.92695701	0.15917969	2.1170483
-2.045778	0.16894531	2.1196098
-1.891004	0.17871094	2.120553
-1.8862774	0.18847656	2.1232395
-2.3768399	0.19824219	2.1261706
-1.7912825	0.20800781	2.1277099
-1.6851118	0.21777344	2.1306024
-2.8246431	0.22753906	2.1340563
-1.8966268	0.23730469	2.1365926
-2.2695167	0.24707031	2.1391914
-2.9129674	0.25683594	2.142714
-1.1577504	0.26660156	2.1451726
-3.3247168	0.27636719	2.1492422
-1.5554252	0.28613281	2.1535068
-3.2181969	0.29589844	2.156873
-1.0753748	0.30566406	2.1618917
-3.7966762	0.31542969	2.1665006
-1.2463307	0.32519531	2.1706641
-2.0714476	0.33496094	2.175653
-2.8531649	0.34472656	2.1798387
0.029918738	0.35449219	2.184242
-1.2697651	0.36425781	2.1892638
1.8245075	0.37402344	2.1936626
1.8341118	0.38378906	2.198842
2.379564	0.39355469	2.2045164
3.8400526	0.40332031	2.2102535
4.4164248	0.41308594	2.2146358
2.1659303	0.42285156	2.2214665
3.7835445	0.43261719	2.2272184
2.9792194	0.44238281	2.2335277
3.1783013	0.45214844	2.2392168
5.9779735	0.46191406	2.2464128
3.6310987	0.47167969	2.2517176
6.5788279	0.48144531	2.2590711
5.8735604	0.49121094	2.2653432
5.8712087	0.50097656	2.2729828
5.7814412	0.51074219	2.280417
4.4036655	0.52050781	2.2872581
7.490767	0.53027344	2.2941172
5.139585	0.54003906	2.3015857
5.4575272	0.54980469	2.3101673
4.8096523	0.55957031	2.3183241
4.964613	0.56933594	2.3263187
4.3977284	0.57910156	2.3349941
5.3449769	0.58886719	2.3430796
3.4454513	0.59863281	2.351661
6.5562429	0.60839844	2.3595645
3.9632432	0.61816406	2.3685112
5.1275826	0.62792969	2.3775072
3.6744051	0.63769531	2.3863435
5.8557138	0.64746094	2.3956747
4.1222434	0.65722656	2.4054871
3.6203885	0.66699219	2.4159849
5.2163143	0.67675781	2.424428
3.2236333	0.68652344	2.4345875
5.7640138	0.69628906	2.4448366
3.9460952	0.70605469	2.4546714
3.9487379	0.71582031	2.4646938
2.7889502	0.72558594	2.4743974
4.2893224	0.73535156	2.4846151
3.9467471	0.74511719	2.4951861
5.018455	0.75488281	2.5063648
3.6705868	0.76464844	2.5165677
2.1004701	0.77441406	2.528192
4.5649357	0.78417969	2.5392904
2.956856	0.79394531	2.5496097
2.9244926	0.80371094	2.561131
3.8122876	0.81347656	2.5713041
2.847379	0.82324219	2.5839612
4.9592228	0.83300781	2.5956182
1.7292914	0.84277344	2.6070058
4.8301883	0.85253906	2.6190445
2.4391804	0.86230469	2.6316552
3.1414907	0.87207031	2.6433096
2.902781	0.88183594	2.6557848
3.2097218	0.89160156	2.6685729
3.2143085	0.90136719	2.6809602
4.3233857	0.91113281	2.6929662
3.6791782	0.92089844	2.7057796
2.535677	0.93066406	2.719274
3.3009565	0.94042969	2.7331545
2.3322878	0.95019531	2.7471437
4.1314168	0.95996094	2.7604432
2.1707733	0.96972656	2.7734115
5.6919756	0.97949219	2.7862384
1.4062155	0.98925781	2.8011293
4.1152468	0.99902344	2.8155236
3.3010845	1.0087891	2.8294535
3.9836392	1.0185547	2.8434753
3.5302947	1.0283203	2.8573604
3.1456118	1.0380859	2.8708756
2.984004	1.0478516	2.8863237
3.7683291	1.0576172	2.9002934
3.9424515	1.0673828	2.9151783
2.6028488	1.0771484	2.9303908
4.7296052	1.0869141	2.9444084
2.2324152	1.0966797	2.95998
4.6869621	1.1064453	2.9756262
3.2872543	1.1162109	2.9910698
3.7934048	1.1259766	3.0066385
3.6580489	1.1357422	3.0217423
2.8310227	1.1455078	3.0366049
1.5096041	1.1552734	3.0535176
4.6623755	1.1650391	3.0688598
2.3500063	1.1748047	3.0854239
4.2133265	1.1845703	3.1010449
2.5391231	1.1943359	3.1178131
4.5832481	1.2041016	3.1332374
2.6495311	1.2138672	3.1505034
4.411582	1.2236328	3.1670287
2.7432456	1.2333984	3.1830044
2.9475429	1.2431641	3.2005847
3.4685946	1.2529297	3.2174258
3.1484175	1.2626953	3.2350481
2.7187169	1.2724609	3.2523661
1.9908301	1.2822266	3.2680006
4.1120687	1.2919922	3.2865093
3.123167	1.3017578	3.3029051
2.1660352	1.3115234	3.320375
2.2418332	1.3212891	3.3386157
2.4016948	1.3310547	3.3573241
3.1822011	1.3408203	3.3746853
3.9654319	1.3505859	3.392014
0.76048309	1.3603516	3.4101934
4.2968893	1.3701172	3.4282029
5.4531732	1.3798828	3.4470499
7.1240473	1.3896484	3.4652159
8.8727455	1.3994141	3.4829168
8.7361202	1.4091797	3.5015836
10.83765	1.4189453	3.5193503
7.7267642	1.4287109	3.5387011
7.4976125	1.4384766	3.5577521
6.5996428	1.4482422	3.5775452
6.729609	1.4580078	3.5964801
4.7008505	1.4677734	3.6139905
5.4661531	1.4775391	3.6343307
5.0611329	1.4873047	3.6528096
3.1594653	1.4970703	3.6728292
6.3138199	1.5068359	3.6930726
2.2282941	1.5166016	3.711684
3.2256474	1.5263672	3.7320285
3.1261938	1.5361328	3.7516327
2.3248141	1.5458984	3.7711725
3.4282916	1.5556641	3.7917509
2.730859	1.5654297	3.8124039
3.848155	1.5751953	3.8307757
2.5662129	1.5849609	3.8509741
4.0308108	1.5947266	3.8708596
2.4267938	1.6044922	3.8911967
2.1526124	1.6142578	3.912261
3.0463793	1.6240234	3.9333091
1.7642393	1.6337891	3.9542005
3.9411476	1.6435547	3.973186
1.334236	1.6533203	3.9948509
3.4596539	1.6630859	4.0145817
1.9688276	1.6728516	4.0353193
2.5581219	1.6826172	4.0566282
1.3245386	1.6923828	4.0766315
2.7257252	1.7021484	4.0990872
1.9586645	1.7119141	4.1207938
2.873363	1.7216797	4.141468
1.0120566	1.7314453	4.1623859
2.8338399	1.7412109	4.1846752
2.9685557	1.7509766	4.2055578
2.663012	1.7607422	4.2273788
2.0213425	1.7705078	4.2489843
2.7880654	1.7802734	4.2702808
1.944229	1.7900391	4.2919216
2.8651791	1.7998047	4.3136997
0.16654375	1.8095703	4.3361559
2.9583926	1.8193359	4.3568015
0.8677249	1.8291016	4.378912
2.5699031	1.8388672	4.4018106
0.92224216	1.8486328	4.4233603
1.3228972	1.8583984	4.4466095
0.75772405	1.8681641	4.4683962
0.91261464	1.8779297	4.4903846
1.4641905	1.8876953	4.5129523
1.2731296	1.8974609	4.5359297
1.8731691	1.9072266	4.5576854
2.9465649	1.9169922	4.5810132
3.0487776	1.9267578	4.6035333
2.7351546	1.9365234	4.6259956
2.2853959	1.9462891	4.6480207
3.3327262	1.9560547	4.6703043
2.2719731	1.9658203	4.6950145
2.7754927	1.9755859	4.7168746
4.3368664	1.9853516	4.7391429
1.6246457	1.9951172	4.7620015
3.0913506	2.0048828	4.7863708
1.023896	2.0146484	4.8087864
2.0007951	2.0244141	4.8319101
1.8215971	2.0341797	4.8550978
2.305582	2.0439453	4.8773632
1.6447972	2.0537109	4.9021764
1.7149025	2.0634766	4.9247384
2.847414	2.0732422	4.9480276
0.35061967	2.0830078	4.9711094
3.131968	2.0927734	4.9954071
0.63423067	2.1025391	5.0191684
1.3363547	2.1123047	5.0417023
0.77240402	2.1220703	5.0657868
0.82243931	2.1318359	5.0893574
1.7412007	2.1416016	5.1140146
1.6254257	2.1513672	5.135675
0.74052948	2.1611328	5.1598711
1.3676007	2.1708984	5.1832528
1.4217919	2.1806641	5.2078142
1.2467266	2.1904297	5.2302241
0.88054222	2.2001953	5.2554312
2.1348825	2.2099609	5.2793264
1.2777164	2.2197266	5.3034649
2.1316345	2.2294922	5.3271933
3.3285236	2.2392578	5.3512306
1.6044708	2.2490234	5.3752704
3.6965241	2.2587891	5.3989844
2.2500405	2.2685547	5.4224877
2.777169	2.2783203	5.4462194
1.5737722	2.2880859	5.4710121
2.2096443	2.2978516	5.4954724
2.9391608	2.3076172	5.5192308
1.211965	2.3173828	5.5428429
1.434877	2.3271484	5.5673914
2.1564658	2.3369141	5.5912957
1.0343617	2.3466797	5.6158857
2.9619086	2.3564453	5.6403933
2.4591107	2.3662109	5.6634636
1.4872174	2.3759766	5.688767
2.7583911	2.3857422	5.7130871
0.77424335	2.3955078	5.738236
2.5414047	2.4052734	5.7608814
-0.10686927	2.4150391	5.7859716
1.6656239	2.4248047	5.8096871
1.5025144	2.4345703	5.8351068
1.4466118	2.4443359	5.8590932
2.4610665	2.4541016	5.8837891
0.71165848	2.4638672	5.9074535
3.0644703	2.4736328	5.9314818
1.8650665	2.4833984	5.9555335
1.5221769	2.4931641	5.9807005
2.1918676	2.5029297	6.0039387
1.6930164	2.5126953	6.0286579
3.4415977	2.5224609	6.0543866
1.1052355	2.5322266	6.078352
2.9053423	2.5419922	6.1015635
1.0957127	2.5517578	6.1266079
2.2457447	2.5615234	6.1511321
2.0480831	2.5712891	6.175354
2.6626046	2.5810547	6.1987906
2.9581017	2.5908203	6.2234836
1.8409919	2.6005859	6.2475758
1.9018422	2.6103516	6.2712522
1.9968371	2.6201172	6.2955933
2.9913383	2.6298828	6.3204737
3.031781	2.6396484	6.3458652
1.9482337	2.6494141	6.3690081
3.1616654	2.6591797	6.3933568
3.084389	2.6689453	6.4178972
3.3729012	2.6787109	6.4414902
2.0502136	2.6884766	6.4658108
2.9285672	2.6982422	6.4907579
2.954458	2.7080078	6.5147204
3.1867414	2.7177734	6.5382018
2.5283778	2.7275391	6.5627441
4.0474348	2.7373047	6.5861969
2.9743764	2.7470703	6.611012
3.4890254	2.7568359	6.6354303
3.3215153	2.7666016	6.659843
3.7577119	2.7763672	6.6832466
4.4219079	2.7861328	6.7077713
3.2823184	2.7958984	6.7310123
3.53246	2.8056641	6.7551389
4.9120164	2.8154297	6.7785993
2.2041147	2.8251953	6.8028688
6.3782907	2.8349609	6.8267984
4.0644779	2.8447266	6.850256
5.8275414	2.8544922	6.8738923
4.6748204	2.8642578	6.8980546
7.3289266	2.8740234	6.9221554
4.7088251	2.8837891	6.9451151
8.1965342	2.8935547	6.969461
6.4601073	2.9033203	6.9928765
5.5139766	2.9130859	7.0166645
8.7986231	2.9228516	7.0401669
7.4261565	2.9326172	7.0633216
6.8079214	2.9423828	7.0872469
7.8642044	2.9521484	7.1110935
6.8515773	2.9619141	7.1344824
8.7283316	2.9716797	7.1564927
7.3286705	2.9814453	7.1807623
9.1841679	2.9912109	7.2038693
8.272193	3.0009766	7.2276473
10.391454	3.0107422	7.2510271
8.5391684	3.0205078	7.2733655
8.5764675	3.0302734	7.2971148
11.785515	3.0400391	7.3208108
9.1177769	3.0498047	7.3434024
9.8866301	3.0595703	7.3663177
9.4012003	3.0693359	7.3893204
10.623027	3.0791016	7.4117346
9.7949295	3.0888672	7.4347882
10.376167	3.0986328	7.4583368
10.213721	3.1083984	7.4809074
11.05963	3.1181641	7.5025377
10.879069	3.1279297	7.5261579
12.153131	3.1376953	7.5478077
8.9136887	3.1474609	7.5706882
12.898574	3.1572266	7.592772
10.734866	3.1669922	7.6153769
11.299644	3.1767578	7.6377988
11.929694	3.1865234	7.6614542
10.391081	3.1962891	7.6819601
12.759207	3.2060547	7.7044263
8.9231987	3.2158203	7.7269821
11.706968	3.2255859	7.7490849
9.5393152	3.2353516	7.770793
12.83671	3.2451172	7.7933683
10.267482	3.2548828	7.8156843
12.374634	3.2646484	7.8361063
12.005901	3.2744141	7.8583164
12.358267	3.2841797	7.8790026
10.089972	3.2939453	7.902339
13.751781	3.3037109	7.9232721
10.764366	3.3134766	7.9448147
11.509796	3.3232422	7.9669895
9.2218056	3.3330078	7.9878674
11.292508	3.3427734	8.0078344
8.3502493	3.3525391	8.0297022
9.8303661	3.3623047	8.0511379
10.229193	3.3720703	8.0717878
9.4056129	3.3818359	8.0927048
8.5012751	3.3916016	8.1144247
8.3453722	3.4013672	8.1341076
9.0028629	3.4111328	8.1560354
8.1206093	3.4208984	8.1756516
8.3323917	3.4306641	8.1965637
8.497201	3.4404297	8.2176323
9.5600376	3.4501953	8.2371578
7.0370269	3.4599609	8.2580433
9.6791658	3.4697266	8.277729
7.5333405	3.4794922	8.298214
10.056084	3.4892578	8.3179874
7.014873	3.4990234	8.3382387
7.2462716	3.5087891	8.3569307
9.159255	3.5185547	8.3770437
7.7675214	3.5283203	8.3975182
8.1407137	3.5380859	8.4162817
7.9709573	3.5478516	8.4368734
9.3545761	3.5576172	8.455245
6.8571534	3.5673828	8.4744139
10.616787	3.5771484	8.4940853
7.1413813	3.5869141	8.5136938
9.2891159	3.5966797	8.5325212
7.2225695	3.6064453	8.5520248
8.2814245	3.6162109	8.5708332
6.7422514	3.6259766	8.5896044
8.888566	3.6357422	8.6079807
5.9535146	3.6455078	8.6275158
9.6151371	3.6552734	8.6439285
5.483674	3.6650391	8.6635199
9.4493027	3.6748047	8.682045
6.0186954	3.6845703	8.6997061
8.7947474	3.6943359	8.7186012
6.4014225	3.7041016	8.736433
8.6247921	3.7138672	8.7544756
6.1247263	3.7236328	8.7715225
8.4745808	3.7333984	8.7896128
5.6066551	3.7431641	8.8075428
8.5429754	3.7529297	8.8232708
6.1968575	3.7626953	8.8415537
7.7048898	3.7724609	8.8595581
5.0087461	3.7822266	8.8770132
8.1480589	3.7919922	8.893137
7.6494412	3.8017578	8.9100342
6.4659629	3.8115234	8.9274302
7.3792877	3.8212891	8.942914
7.7609205	3.8310547	8.9610739
7.5007324	3.8408203	8.977397
7.4421058	3.8505859	8.9936676
7.3367963	3.8603516	9.0090361
9.4563122	3.8701172	9.0258627
7.6484518	3.8798828	9.0421419
8.1175709	3.8896484	9.0586815
8.019269	3.8994141	9.0741739
7.8473005	3.9091797	9.0892181
8.0314465	3.9189453	9.1061192
8.1227274	3.9287109	9.121254
8.6736755	3.9384766	9.1363697
6.9868054	3.9482422	9.1525974
8.5910082	3.9580078	9.1668215
8.7175875	3.9677734	9.1814413
7.4009295	3.9775391	9.1970329
8.8087053	3.9873047	9.2119217
8.9538641	3.9970703	9.2259016
10.363292	4.0068359	9.2415247
8.7819176	4.0166016	9.2555466
9.0998487	4.0263672	9.2692003
10.946836	4.0361328	9.2839985
7.4484386	4.0458984	9.2969074
9.5274067	4.0556641	9.3116674
8.8900909	4.0654297	9.3254061
8.7150726	4.0751953	9.3388586
9.4461489	4.0849609	9.3524618
7.6703029	4.0947266	9.3670111
8.7936172	4.1044922	9.3788729
7.1809626	4.1142578	9.3925161
9.3513527	4.1240234	9.405407
7.2108464	4.1337891	9.4181614
8.2503309	4.1435547	9.4319763
7.2643976	4.1533203	9.4439554
8.2678862	4.1630859	9.4573336
7.53894	4.1728516	9.4702454
7.7283478	4.1826172	9.4818039
7.7464385	4.1923828	9.4937773
9.0415239	4.2021484	9.5066814
8.5362587	4.2119141	9.517786
6.6102834	4.2216797	9.5295906
7.0294948	4.2314453	9.5408382
7.8469982	4.2412109	9.5527763
8.179224	4.2509766	9.5643702
6.9998789	4.2607422	9.5755367
8.4031258	4.2705078	9.5878172
8.9103823	4.2802734	9.5987854
8.5230808	4.2900391	9.6092043
6.8025894	4.2998047	9.6193237
8.4440804	4.3095703	9.6306849
7.774262	4.3193359	9.6407099
7.8360906	4.3291016	9.6511602
8.3597021	4.3388672	9.6614857
7.9877563	4.3486328	9.671196
7.9145541	4.3583984	9.6814241
7.5638294	4.3681641	9.6909227
9.2099304	4.3779297	9.7018986
6.8094234	4.3876953	9.7086544
9.0751801	4.3974609	9.7197485
8.2963257	4.4072266	9.7291946
7.8059616	4.4169922	9.7387209
9.0071821	4.4267578	9.7472382
8.2481422	4.4365234	9.7563534
9.5281048	4.4462891	9.7636271
10.048493	4.4560547	9.7727375
8.8167267	4.4658203	9.7814379
8.8590088	4.4755859	9.7904072
8.8177509	4.4853516	9.7980452
9.6464882	4.4951172	9.805891
9.330327	4.5048828	9.8135109
8.7444563	4.5146484	9.821311
10.510743	4.5244141	9.8288927
8.5501232	4.5341797	9.835598
9.1843777	4.5439453	9.8442163
10.346738	4.5537109	9.8502131
8.6819754	4.5634766	9.8578339
9.0207796	4.5732422	9.8643303
11.122855	4.5830078	9.8706026
8.2268848	4.5927734	9.8764229
11.664303	4.6025391	9.8841352
10.017772	4.6123047	9.889843
11.087721	4.6220703	9.8959732
12.260606	4.6318359	9.9010887
9.213109	4.6416016	9.9081497
13.490971	4.6513672	9.913722
9.2362757	4.6611328	9.919137
12.197008	4.6708984	9.9248962
10.308972	4.6806641	9.9298639
12.303772	4.6904297	9.9352856
11.368085	4.7001953	9.9408684
11.462776	4.7099609	9.9454689
11.313602	4.7197266	9.9505606
11.247013	4.7294922	9.9545898
11.805632	4.7392578	9.9592743
11.635479	4.7490234	9.9630165
12.267032	4.7587891	9.9680424
11.866296	4.7685547	9.971571
12.828596	4.7783203	9.9759817
12.066273	4.7880859	9.9792137
12.030965	4.7978516	9.9820824
13.875525	4.8076172	9.986475
11.419505	4.8173828	9.9892588
13.620517	4.8271484	9.9924383
14.552549	4.8369141	9.9949789
12.185156	4.8466797	9.9982262
12.938353	4.8564453	10.001318
13.726612	4.8662109	10.003689
12.744573	4.8759766	10.005279
14.278199	4.8857422	10.008841
11.36621	4.8955078	10.010054
14.51163	4.9052734	10.01184
12.805603	4.9150391	10.012908
14.242664	4.9248047	10.014667
12.728392	4.9345703	10.01685
14.310225	4.9443359	10.018073
14.593115	4.9541016	10.01887
14.582072	4.9638672	10.019732
14.686375	4.9736328	10.020381
14.077028	4.9833984	10.021652
12.415013	4.9931641	10.022624
10.846974	5.0029297	10.022291
8.4160595	5.0126953	10.023172
8.9348526	5.0224609	10.021667
7.0057111	5.0322266	10.021766
4.5866008	5.0419922	10.022104
2.8206966	5.0517578	10.020622
-3.2184529	5.0615234	10.020179
-8.6924524	5.0712891	10.018666
-13.157923	5.0810547	10.016812
-15.109115	5.0908203	10.015202
-17.80109	5.1005859	10.01327
-20.907364	5.1103516	10.01125
-22.175571	5.1201172	10.007927
-25.303267	5.1298828	10.00379
-23.545441	5.1396484	9.9990253
-24.565193	5.1494141	9.9951773
-25.55052	5.1591797	9.9900808
-23.972942	5.1689453	9.9850311
-24.816044	5.1787109	9.9798155
-23.441355	5.1884766	9.973671
-25.187422	5.1982422	9.9672003
-22.286293	5.2080078	9.9599543
-23.495371	5.2177734	9.9531059
-22.225361	5.2275391	9.9459944
-23.278151	5.2373047	9.9375706
-22.153872	5.2470703	9.9296436
-22.949081	5.2568359	9.9216824
-23.999088	5.2666016	9.9118395
-22.480347	5.2763672	9.9028082
-24.725475	5.2861328	9.8936396
-24.605532	5.2958984	9.8835335
-26.199884	5.3056641	9.8730698
-25.643337	5.3154297	9.8625612
-27.097982	5.3251953	9.8509874
-25.870289	5.3349609	9.8407507
-26.657131	5.3447266	9.8266497
-25.399355	5.3544922	9.8148909
-24.482399	5.3642578	9.8017902
-25.990547	5.3740234	9.7888756
-23.961765	5.3837891	9.7754612
-25.038422	5.3935547	9.7619314
-23.655769	5.4033203	9.7473192
-25.089422	5.4130859	9.7325144
-22.582512	5.4228516	9.7169714
-24.537731	5.4326172	9.702487
-23.245264	5.4423828	9.6873951
-23.069628	5.4521484	9.6713734
-23.581402	5.4619141	9.6550255
-22.524652	5.4716797	9.6383543
-22.852816	5.4814453	9.6206379
-21.926884	5.4912109	9.6044302
-21.828339	5.5009766	9.5858946
-23.050711	5.5107422	9.5677271
-20.841333	5.5205078	9.5485153
-21.007156	5.5302734	9.5293808
-20.954432	5.5400391	9.5110569
-20.595898	5.5498047	9.4902906
-22.392277	5.5595703	9.4710617
-18.99408	5.5693359	9.4493847
-21.828373	5.5791016	9.4293165
-20.522322	5.5888672	9.4088316
-21.236576	5.5986328	9.3871298
-20.016916	5.6083984	9.3653574
-20.228745	5.6181641	9.3438778
-21.211409	5.6279297	9.3214378
-18.903137	5.6376953	9.2981758
-20.166487	5.6474609	9.2756424
-19.934134	5.6572266	9.2516985
-19.371359	5.6669922	9.2276764
-18.575497	5.6767578	9.2041597
-19.652571	5.6865234	9.1792421
-19.391975	5.6962891	9.1540146
-19.355562	5.7060547	9.1282873
-23.214251	5.7158203	9.1026754
-19.813457	5.7255859	9.0761509
-21.434622	5.7353516	9.0493355
-19.342102	5.7451172	9.0224638
-24.717533	5.7548828	8.9961472
-19.493956	5.7646484	8.968401
-24.265646	5.7744141	8.9402494
-20.589586	5.7841797	8.9118633
-24.120022	5.7939453	8.8835154
-21.660189	5.8037109	8.8548212
-22.638834	5.8134766	8.8260098
-21.54397	5.8232422	8.7966337
-21.9865	5.8330078	8.7675066
-21.038774	5.8427734	8.7370615
-22.846962	5.8525391	8.7071476
-21.089928	5.8623047	8.6762667
-21.1064	5.8720703	8.6444378
-21.827593	5.8818359	8.6133747
-21.504622	5.8916016	8.5831184
-21.446426	5.9013672	8.5502672
-19.725842	5.9111328	8.5182667
-22.41456	5.9208984	8.4848166
-20.316895	5.9306641	8.4514751
-22.707344	5.9404297	8.4186077
-19.867765	5.9501953	8.3851519
-21.390303	5.9599609	8.3511543
-20.746363	5.9697266	8.3160114
-22.754517	5.9794922	8.2822771
-19.204327	5.9892578	8.2462101
-22.846739	5.9990234	8.2122135
-20.987762	6.0087891	8.1763134
-22.637016	6.0185547	8.1404343
-20.279129	6.0283203	8.1049633
-22.616539	6.0380859	8.0677147
-20.935644	6.0478516	8.030611
-22.369717	6.0576172	7.993886
-20.336441	6.0673828	7.9559164
-22.087503	6.0771484	7.9195662
-19.297283	6.0869141	7.8799191
-20.870577	6.0966797	7.8425941
-21.229918	6.1064453	7.804893
-20.867504	6.1162109	7.7659383
-21.388031	6.1259766	7.7267661
-20.223484	6.1357422	7.6861382
-20.878971	6.1455078	7.6475782
-20.481041	6.1552734	7.6068149
-20.348036	6.1650391	7.56672
-18.747606	6.1748047	7.5246348
-20.421133	6.1845703	7.4847951
-19.627974	6.1943359	7.4424639
-20.744522	6.2041016	7.4024053
-20.643602	6.2138672	7.3598757
-20.565022	6.2236328	7.3184786
-20.076345	6.2333984	7.2763667
-19.217957	6.2431641	7.2333126
-20.966993	6.2529297	7.1914015
-24.42503	6.2626953	7.1476312
-19.61624	6.2724609	7.1038289
-24.109344	6.2822266	7.0609956
-23.135136	6.2919922	7.0172491
-24.292189	6.3017578	6.9733815
-23.317757	6.3115234	6.9277077
-23.05772	6.3212891	6.8839641
-24.315166	6.3310547	6.8391232
-24.125248	6.3408203	6.7947788
-25.642012	6.3505859	6.7486434
-25.223614	6.3603516	6.7039146
-24.68133	6.3701172	6.6570611
-26.236589	6.3798828	6.610754
-24.684368	6.3896484	6.5631733
-24.743822	6.3994141	6.5179586
-26.084215	6.4091797	6.4711781
-24.836603	6.4189453	6.4245133
-24.965603	6.4287109	6.3760877
-26.475988	6.4384766	6.3288212
-23.500679	6.4482422	6.2812271
-26.859436	6.4580078	6.2332034
-24.184341	6.4677734	6.1837988
-24.271641	6.4775391	6.1356306
-25.91547	6.4873047	6.0865459
-24.792215	6.4970703	6.036921
-24.292969	6.5068359	5.9872446
-26.425114	6.5166016	5.938478
-23.915375	6.5263672	5.8884473
-24.9326	6.5361328	5.8381376
-24.428627	6.5458984	5.7873888
-23.763638	6.5556641	5.7379155
-25.871721	6.5654297	5.6880655
-22.731825	6.5751953	5.6351957
-25.100191	6.5849609	5.5854454
-25.429634	6.5947266	5.5334597
-25.279762	6.6044922	5.4830551
-22.811779	6.6142578	5.4312215
-25.380625	6.6240234	5.3787751
-22.91617	6.6337891	5.3271966
-25.905504	6.6435547	5.2741899
-20.693184	6.6533203	5.2218394
-25.084034	6.6630859	5.1696448
-20.367058	6.6728516	5.1159472
-25.728985	6.6826172	5.0625877
-20.979799	6.6923828	5.0100579
-23.371563	6.7021484	4.9558787
-21.481339	6.7119141	4.9033346
-23.749971	6.7216797	4.8491836
-24.577801	6.7314453	4.7949924
-22.486095	6.7412109	4.7403336
-24.048471	6.7509766	4.6851411
-25.18294	6.7607422	4.630187
-22.826448	6.7705078	4.5754046
-24.372805	6.7802734	4.5211735
-23.399143	6.7900391	4.4661255
-24.802353	6.7998047	4.4096427
-22.485003	6.8095703	4.354125
-25.127665	6.8193359	4.2986393
-24.242863	6.8291016	4.2428613
-25.302135	6.8388672	4.1877599
-21.674799	6.8486328	4.1309462
-25.261845	6.8583984	4.0751858
-23.124378	6.8681641	4.0189071
-25.276596	6.8779297	3.9632514
-21.091139	6.8876953	3.9063976
-24.650862	6.8974609	3.8487821
-23.453474	6.9072266	3.7910089
-21.503202	6.9169922	3.7340059
-24.774309	6.9267578	3.676662
-21.085621	6.9365234	3.6193922
-22.630533	6.9462891	3.5616324
-20.062189	6.9560547	3.5049453
-21.790014	6.9658203	3.4463956
-13.855787	6.9755859	3.388761
-25.352743	6.9853516	3.3308089
-16.847754	6.9951172	3.272505
-25.26939	7.0048828	3.2141864
-24.137518	7.0146484	3.1549783
-22.072485	7.0244141	3.0965834
-22.594093	7.0341797	3.0370145
-22.935181	7.0439453	2.9780731
-21.870609	7.0537109	2.9202609
-23.106077	7.0634766	2.8615534
-22.981781	7.0732422	2.8026104
-22.29031	7.0830078	2.7428508
-22.435211	7.0927734	2.6837587
-22.739754	7.1025391	2.6238337
-22.369459	7.1123047	2.563864
-21.055807	7.1220703	2.5056734
-22.668764	7.1318359	2.4452641
-21.326204	7.1416016	2.3851945
-22.850639	7.1513672	2.325593
-20.365965	7.1611328	2.2663429
-22.751816	7.1708984	2.2056997
-20.550226	7.1806641	2.1442561
-20.481739	7.1904297	2.0845294
-20.476873	7.2001953	2.0247684
-20.897703	7.2099609	1.9644394
-22.92065	7.2197266	1.9034877
-22.480719	7.2294922	1.8424869
-22.705551	7.2392578	1.7824068
-22.046848	7.2490234	1.7211809
-21.86076	7.2587891	1.6607776
-21.026854	7.2685547	1.5998095
-23.177732	7.2783203	1.5388801
-21.801867	7.2880859	1.4768586
-22.918337	7.2978516	1.4157712
-21.614985	7.3076172	1.3559506
-23.751705	7.3173828	1.2942433
-21.926966	7.3271484	1.2324288
-22.255106	7.3369141	1.1709497
-21.66927	7.3466797	1.1115223
-21.135574	7.3564453	1.0493457
-21.449524	7.3662109	0.98675489
-21.852098	7.3759766	0.9271577
-18.848211	7.3857422	0.86518228
-22.103544	7.3955078	0.80382973
-19.008236	7.4052734	0.7415846
-21.034933	7.4150391	0.67888349
-20.709715	7.4248047	0.61754882
-21.537277	7.4345703	0.55539161
-20.536396	7.4443359	0.49536228
-19.187737	7.4541016	0.43527335
-20.681995	7.4638672	0.37356317
-23.354683	7.4736328	0.31196922
-20.03793	7.4833984	0.25015473
-24.683844	7.4931641	0.18674582
-21.008949	7.5029297	0.12477189
-24.21434	7.5126953	0.063759089
-21.344912	7.5224609	0.002425909
-24.817905	7.5322266	-0.059242547
-20.865559	7.5419922	-0.12109429
-24.679501	7.5517578	-0.18259138
-22.306561	7.5615234	-0.24392307
-25.2272	7.5712891	-0.30629337
-21.261047	7.5810547	-0.3681086
-22.975636	7.5908203	-0.42971745
-23.97868	7.6005859	-0.49048886
-22.719381	7.6103516	-0.55246723
-22.837252	7.6201172	-0.61393827
-22.033613	7.6298828	-0.67552328
-22.589193	7.6396484	-0.73678863
-21.082092	7.6494141	-0.79746991
-21.929085	7.6591797	-0.85884184
-22.439461	7.6689453	-0.92065483
-21.899595	7.6787109	-0.98307204
-22.126408	7.6884766	-1.0446079
-21.494843	7.6982422	-1.1063658
-22.755087	7.7080078	-1.1676371
-21.766941	7.7177734	-1.2273408
-23.087988	7.7275391	-1.2891978
-21.593143	7.7373047	-1.3509989
-24.841156	7.7470703	-1.4112539
-21.416672	7.7568359	-1.4720426
-22.199017	7.7666016	-1.532752
-23.903582	7.7763672	-1.5947126
-20.863918	7.7861328	-1.6547941
-26.127811	7.7958984	-1.7152339
-19.153917	7.8056641	-1.7768569
-24.201546	7.8154297	-1.8376373
-21.572039	7.8251953	-1.8984921
-23.847038	7.8349609	-1.9579656
-21.847559	7.8447266	-2.0193248
-24.979074	7.8544922	-2.0791583
-19.868256	7.8642578	-2.1391377
-24.06109	7.8740234	-2.1989584
-21.27618	7.8837891	-2.2585235
-22.67001	7.8935547	-2.3196845
-21.863554	7.9033203	-2.379077
-22.093521	7.9130859	-2.4403162
-22.735924	7.9228516	-2.4995334
-22.901304	7.9326172	-2.5586433
-22.09897	7.9423828	-2.6189373
-24.258577	7.9521484	-2.6780128
-21.448954	7.9619141	-2.7379117
-30.432619	7.9716797	-2.7967229
-22.999617	7.9814453	-2.8566227
-27.150311	7.9912109	-2.9152155
-22.632338	8.0009766	-2.9736757
-27.049368	8.0107422	-3.0328743
-23.992418	8.0205078	-3.0918524
-27.357344	8.0302734	-3.1497247
-21.373037	8.0400391	-3.208962
-27.744425	8.0498047	-3.2671347
-23.326815	8.0595703	-3.3270001
-25.883154	8.0693359	-3.3845291
-25.119238	8.0791016	-3.4424403
-25.299822	8.0888672	-3.5013371
-25.026955	8.0986328	-3.5594866
-26.736338	8.1083984	-3.6171458
-24.763308	8.1181641	-3.6739409
-23.223331	8.1279297	-3.7325137
-26.110083	8.1376953	-3.7895777
-22.493839	8.1474609	-3.8455315
-25.007652	8.1572266	-3.9029472
-23.150631	8.1669922	-3.9595821
-25.047035	8.1767578	-4.0162668
-22.711676	8.1865234	-4.0723829
-23.057545	8.1962891	-4.1279883
-23.310144	8.2060547	-4.1841516
-23.453123	8.2158203	-4.2401471
-21.810596	8.2255859	-4.2969303
-23.669785	8.2353516	-4.3524766
-25.476004	8.2451172	-4.4081779
-26.121468	8.2548828	-4.4634304
-24.057587	8.2646484	-4.5191278
-27.195107	8.2744141	-4.5740972
-24.310335	8.2841797	-4.6292872
-27.872601	8.2939453	-4.6834455
-25.961817	8.3037109	-4.7376881
-26.395695	8.3134766	-4.7917423
-27.662724	8.3232422	-4.8462572
-25.938463	8.3330078	-4.8999786
-27.491665	8.3427734	-4.955338
-26.859179	8.3525391	-5.0070963
-28.14451	8.3623047	-5.0596504
-25.030005	8.3720703	-5.1131973
-28.142649	8.3818359	-5.1669707
-26.47912	8.3916016	-5.2202234
-27.829292	8.4013672	-5.2710137
-26.401365	8.4111328	-5.3246183
-28.971245	8.4208984	-5.3774552
-25.603094	8.4306641	-5.4287977
-28.126385	8.4404297	-5.479764
-24.041859	8.4501953	-5.5318871
-30.301872	8.4599609	-5.583631
-25.028503	8.4697266	-5.6345305
-29.210421	8.4794922	-5.6850457
-25.574619	8.4892578	-5.7361245
-26.323345	8.4990234	-5.7873211
-24.495518	8.5087891	-5.8391652
-26.63792	8.5185547	-5.8876591
-28.304838	8.5283203	-5.9379802
-26.168079	8.5380859	-5.9886017
-29.015936	8.5478516	-6.0368023
-27.043537	8.5576172	-6.0859399
-30.223337	8.5673828	-6.134964
-25.888288	8.5771484	-6.1837292
-29.585743	8.5869141	-6.2324181
-27.008635	8.5966797	-6.2800303
-27.477146	8.6064453	-6.3288808
-27.600653	8.6162109	-6.3764162
-27.276121	8.6259766	-6.4235487
-27.046144	8.6357422	-6.4705467
-26.268372	8.6455078	-6.5174146
-26.849529	8.6552734	-6.5650811
-27.287415	8.6650391	-6.6118383
-26.914244	8.6748047	-6.656743
-26.472622	8.6845703	-6.703445
-27.062883	8.6943359	-6.7486892
-25.194475	8.7041016	-6.7951045
-28.389692	8.7138672	-6.8400221
-25.644386	8.7236328	-6.8844581
-25.266304	8.7333984	-6.9297543
-25.059841	8.7431641	-6.9739518
-24.431746	8.7529297	-7.0195885
-24.342979	8.7626953	-7.0624876
-24.887955	8.7724609	-7.1060591
-24.453783	8.7822266	-7.149929
-23.320049	8.7919922	-7.192565
-24.761795	8.8017578	-7.2365007
-24.077168	8.8115234	-7.2793107
-26.091396	8.8212891	-7.3212004
-24.121336	8.8310547	-7.3642511
-23.787924	8.8408203	-7.4056211
-23.482752	8.8505859	-7.447228
-23.294054	8.8603516	-7.4892788
-23.879541	8.8701172	-7.529953
-22.692152	8.8798828	-7.5705914
-24.646475	8.8896484	-7.611187
-26.015064	8.8994141	-7.6514983
-26.945734	8.9091797	-7.6904135
-23.657549	8.9189453	-7.7300282
-28.782291	8.9287109	-7.7691216
-24.182919	8.9384766	-7.8087487
-28.914993	8.9482422	-7.8467712
-24.601492	8.9580078	-7.8846903
-27.217146	8.9677734	-7.9235835
-26.605408	8.9775391	-7.9618206
-26.941719	8.9873047	-7.9989519
-26.262377	8.9970703	-8.0368443
-25.981489	9.0068359	-8.0725889
-31.098049	9.0166016	-8.1093397
-26.133749	9.0263672	-8.1468668
-29.227825	9.0361328	-8.1819696
-27.525658	9.0458984	-8.2175713
-28.028246	9.0556641	-8.2524929
-28.275688	9.0654297	-8.2875805
-28.841558	9.0751953	-8.3225641
-28.371857	9.0849609	-8.3568277
-29.306032	9.0947266	-8.3905993
-29.061037	9.1044922	-8.4241762
-29.405766	9.1142578	-8.4573822
-27.304132	9.1240234	-8.4911785
-29.629236	9.1337891	-8.5245991
-28.949406	9.1435547	-8.5570507
-29.014318	9.1533203	-8.5891457
-28.767017	9.1630859	-8.6209955
-29.769493	9.1728516	-8.6521111
-30.730955	9.1826172	-8.6842461
-30.594843	9.1923828	-8.7147913
-28.78824	9.2021484	-8.745513
-29.371155	9.2119141	-8.7753849
-29.904266	9.2216797	-8.8053179
-29.385347	9.2314453	-8.8357162
-29.530993	9.2412109	-8.8650646
-29.046356	9.2509766	-8.8932734
-30.199776	9.2607422	-8.9219913
-28.588472	9.2705078	-8.9514532
-29.233786	9.2802734	-8.9795532
-28.272846	9.2900391	-9.0051394
-29.534147	9.2998047	-9.0341492
-29.680237	9.3095703	-9.060318
-27.815672	9.3193359	-9.0870295
-29.304472	9.3291016	-9.1140766
-27.751307	9.3388672	-9.1386509
-27.721434	9.3486328	-9.164897
-26.860844	9.3583984	-9.1890135
-28.157747	9.3681641	-9.2136536
-26.296659	9.3779297	-9.240098
-28.790115	9.3876953	-9.2630129
-27.451326	9.3974609	-9.2870159
-27.525204	9.4072266	-9.311245
-27.634623	9.4169922	-9.3331032
-27.726612	9.4267578	-9.3570776
-27.158426	9.4365234	-9.3794651
-27.001835	9.4462891	-9.4001551
-27.954847	9.4560547	-9.4226141
-26.67635	9.4658203	-9.4436865
-27.025003	9.4755859	-9.4648571
-27.719978	9.4853516	-9.4848318
-26.921299	9.4951172	-9.504674
-28.433872	9.5048828	-9.5258284
-28.35302	9.5146484	-9.5457239
-29.751984	9.5244141	-9.5646582
-29.233202	9.5341797	-9.5836611
-29.049835	9.5439453	-9.6012964
-28.867718	9.5537109	-9.6200962
-28.970268	9.5634766	-9.6365585
-29.10383	9.5732422	-9.6549921
-28.74271	9.5830078	-9.6717348
-30.153711	9.5927734	-9.6883535
-29.988565	9.6025391	-9.7045088
-29.759203	9.6123047	-9.7205315
-29.110991	9.6220703	-9.735425
-28.835073	9.6318359	-9.7508469
-28.995495	9.6416016	-9.7645493
-29.405636	9.6513672	-9.7792511
-29.419712	9.6611328	-9.7943697
-29.321074	9.6708984	-9.8089018
-29.755104	9.6806641	-9.821125
-26.614731	9.6904297	-9.8351669
-30.831724	9.7001953	-9.8476572
-29.141758	9.7099609	-9.8601561
-27.45929	9.7197266	-9.8707008
-30.641794	9.7294922	-9.8829279
-27.997501	9.7392578	-9.8938847
-29.762403	9.7490234	-9.9057589
-30.172895	9.7587891	-9.9154081
-29.468723	9.7685547	-9.9258499
-30.22221	9.7783203	-9.9345751
-29.851475	9.7880859	-9.9446383
-29.604731	9.7978516	-9.9536276
-29.931253	9.8076172	-9.9623289
-30.551245	9.8173828	-9.9703894
-30.752121	9.8271484	-9.9793749
-30.990074	9.8369141	-9.9863796
-31.530008	9.8466797	-9.9928865
-30.466297	9.8564453	-9.9990587
-30.602165	9.8662109	-10.005602
-33.701153	9.8759766	-10.011387
-30.647648	9.8857422	-10.018202
-31.332298	9.8955078	-10.022555
-31.644829	9.9052734	-10.028471
-31.06806	9.9150391	-10.032803
-31.324488	9.9248047	-10.03665
-31.453442	9.9345703	-10.039647
-32.232819	9.9443359	-10.043186
-32.403877	9.9541016	-10.04519
-31.636597	9.9638672	-10.048515
-33.135071	9.9736328	-10.04996
-32.643448	9.9833984	-10.051601
-33.216377	9.9931641	-10.052991
-30.83176	10.00293	-10.05472
-31.110552	10.012695	-10.054997
-29.502052	10.022461	-10.055182
-29.098009	10.032227	-10.054252
-26.39629	10.041992	-10.054379
-22.50272	10.051758	-10.053656
-17.183029	10.061523	-10.05236
-13.361499	10.071289	-10.052155
-9.99195	10.081055	-10.049377
-3.8705418	10.09082	-10.046048
-2.322928	10.100586	-10.044066
0.90458196	10.110352	-10.039098
1.6423874	10.120117	-10.037073
2.9303832	10.129883	-10.034069
2.5395188	10.139648	-10.029561
4.0394835	10.149414	-10.02432
4.1213236	10.15918	-10.019981
3.6668265	10.168945	-10.014035
3.4080935	10.178711	-10.009489
2.8284383	10.188477	-10.001977
3.5157428	10.198242	-9.9960213
0.41525346	10.208008	-9.9893942
3.7867343	10.217773	-9.9806147
-1.4234334	10.227539	-9.9738703
4.6181259	10.237305	-9.9660187
-0.54413688	10.24707	-9.9566011
5.6728835	10.256836	-9.9479704
2.0728912	10.266602	-9.939168
6.3308516	10.276367	-9.9297314
5.4598436	10.286133	-9.9192801
5.5855722	10.295898	-9.9083147
7.6779981	10.305664	-9.8987379
4.7932496	10.31543	-9.887002
8.0912609	10.325195	-9.8762703
5.2276535	10.334961	-9.8643827
6.8522987	10.344727	-9.8516417
4.8018761	10.354492	-9.8397427
6.2457051	10.364258	-9.8271255
5.480484	10.374023	-9.8138313
5.7014055	10.383789	-9.7994642
4.2054219	10.393555	-9.7859764
4.103035	10.40332	-9.7703028
5.2245798	10.413086	-9.7558546
4.9046941	10.422852	-9.7402582
4.0948739	10.432617	-9.7256308
4.4820714	10.442383	-9.709672
5.2644873	10.452148	-9.6943617
6.5802245	10.461914	-9.6768942
5.3505998	10.47168	-9.658659
6.5913305	10.481445	-9.6429777
5.5037208	10.491211	-9.6253853
5.4439182	10.500977	-9.6069784
4.8760791	10.510742	-9.588336
5.953433	10.520508	-9.5692053
6.0775318	10.530273	-9.5504503
3.7372928	10.540039	-9.5321436
3.8504834	10.549805	-9.5112753
2.0961976	10.55957	-9.4915018
3.4806085	10.569336	-9.4709463
1.8245541	10.579102	-9.4505777
3.7286546	10.588867	-9.4283237
1.0211836	10.598633	-9.4066525
3.1822827	10.608398	-9.3845482
3.2516546	10.618164	-9.3619499
2.8847716	10.62793	-9.3394976
3.0317693	10.637695	-9.3159847
1.1966214	10.647461	-9.2927713
3.8645229	10.657227	-9.269105
2.5957706	10.666992	-9.2450905
2.6964116	10.676758	-9.2205009
1.9076862	10.686523	-9.1955004
1.680199	10.696289	-9.1701784
1.6860547	10.706055	-9.1446571
1.6330276	10.71582	-9.1188087
2.8474722	10.725586	-9.0924902
1.8648337	10.735352	-9.0668402
2.4790294	10.745117	-9.03969
2.3879693	10.754883	-9.0119772
1.2884848	10.764648	-8.9844522
1.7352053	10.774414	-8.957572
2.0670588	10.78418	-8.9280367
0.8571893	10.793945	-8.9007025
2.8221285	10.803711	-8.8711414
1.7429353	10.813477	-8.8424673
3.8197265	10.823242	-8.8121996
-0.15510014	10.833008	-8.7818623
2.3123925	10.842773	-8.7523088
0.05713664	10.852539	-8.7222815
3.0360999	10.862305	-8.6908531
2.6525347	10.87207	-8.6596441
1.7414452	10.881836	-8.6281614
2.8435373	10.891602	-8.5957584
2.9805815	10.901367	-8.5634756
2.8361683	10.911133	-8.5311604
1.8161023	10.920898	-8.499074
3.3184538	10.930664	-8.4655638
3.5346253	10.94043	-8.4313364
4.8126793	10.950195	-8.3980627
2.5589368	10.959961	-8.3629475
4.6913862	10.969727	-8.329298
2.5660033	10.979492	-8.2963572
5.1982117	10.989258	-8.2594452
5.6546998	10.999023	-8.2243748
6.3159852	11.008789	-8.188283
6.5435772	11.018555	-8.1520166
4.5825377	11.02832	-8.1158705
4.4555755	11.038086	-8.077755
3.7808204	11.047852	-8.0417309
5.1802373	11.057617	-8.0051327
2.3157918	11.067383	-7.9682679
4.812458	11.077148	-7.9303427
2.1512387	11.086914	-7.8921261
3.6972692	11.09668	-7.853096
4.041707	11.106445	-7.8152223
4.2409635	11.116211	-7.7763357
3.869168	11.125977	-7.7370992
2.7612317	11.135742	-7.6966105
4.3445382	11.145508	-7.6582155
3.7390041	11.155273	-7.6178608
2.2914376	11.165039	-7.5776329
5.3448601	11.174805	-7.5352407
2.8894749	11.18457	-7.494698
3.9821258	11.194336	-7.4540625
3.1257398	11.204102	-7.4111052
2.9912102	11.213867	-7.3691978
6.26893	11.223633	-7.3281674
2.7636998	11.233398	-7.2854342
5.0598059	11.243164	-7.2436266
4.0361657	11.25293	-7.2000399
5.6357121	11.262695	-7.1565962
2.2729392	11.272461	-7.1134148
5.3861179	11.282227	-7.06918
5.7644677	11.291992	-7.0251336
3.4358354	11.301758	-6.9808078
6.4499907	11.311523	-6.9372177
3.5609818	11.321289	-6.8917294
6.7275715	11.331055	-6.8468184
4.6272297	11.34082	-6.8010988
6.1349478	11.350586	-6.7552695
5.0534029	11.360352	-6.7095714
5.3249764	11.370117	-6.6638813
4.5709081	11.379883	-6.6175895
4.5902214	11.389648	-6.5709229
3.5593402	11.399414	-6.5245237
4.5374618	11.40918	-6.4772906
5.0412841	11.418945	-6.4302487
5.7816973	11.428711	-6.3830323
3.7437305	11.438477	-6.3360581
5.6952124	11.448242	-6.2869973
4.7459035	11.458008	-6.2376194
6.0596156	11.467773	-6.189991
5.6513352	11.477539	-6.1404171
6.4389548	11.487305	-6.0915351
4.4152026	11.49707	-6.0416846
6.9336967	11.506836	-5.9926805
3.685127	11.516602	-5.9428124
5.7024531	11.526367	-5.8926625
5.9107666	11.536133	-5.8420868
2.7826288	11.545898	-5.791492
6.3724351	11.555664	-5.7416387
2.6974943	11.56543	-5.690711
6.2198377	11.575195	-5.639214
2.7250614	11.584961	-5.5898495
6.4526916	11.594727	-5.5371838
2.2942781	11.604492	-5.4858694
4.7441225	11.614258	-5.4344535
2.4516251	11.624023	-5.3818622
5.585258	11.633789	-5.3297868
2.05565	11.643555	-5.2775927
4.6971369	11.65332	-5.2251091
3.9636624	11.663086	-5.1707582
3.9007516	11.672852	-5.1184402
4.0613928	11.682617	-5.0647101
3.6310987	11.692383	-5.0115833
4.7788138	11.702148	-4.9591093
4.3475184	11.711914	-4.9051991
4.7601757	11.72168	-4.8515596
5.5168524	11.731445	-4.7966585
7.5086603	11.741211	-4.7419376
3.7042191	11.750977	-4.6883597
5.7507539	11.760742	-4.6326423
5.2398186	11.770508	-4.5786829
4.6217465	11.780273	-4.5233393
4.9761262	11.790039	-4.4675679
2.7953646	11.799805	-4.4133468
4.9985943	11.80957	-4.3569694
3.842241	11.819336	-4.3018541
3.6114361	11.829102	-4.2461143
3.6890619	11.838867	-4.1893187
4.092371	11.848633	-4.1343136
3.9782491	11.858398	-4.0773182
4.5312452	11.868164	-4.0222111
2.5839546	11.87793	-3.963989
5.0826578	11.887695	-3.9074211
2.5301239	11.897461	-3.8513594
6.3349376	11.907227	-3.7937403
2.7038505	11.916992	-3.7359729
4.5914321	11.926758	-3.679069
1.9064639	11.936523	-3.6215327
5.6435003	11.946289	-3.5629363
3.3000019	11.956055	-3.5059907
4.3627572	11.96582	-3.4486077
4.0809855	11.975586	-3.3902884
6.0775318	11.985352	-3.3318982
3.2460666	11.995117	-3.2741687
6.6539855	12.004883	-3.2152646
3.2751238	12.014648	-3.1555481
5.6048856	12.024414	-3.0978634
3.5361037	12.03418	-3.0393817
7.3644681	12.043945	-2.9814868
4.3356323	12.053711	-2.9218993
5.3602853	12.063477	-2.8624601
2.0629377	12.073242	-2.8030417
3.0183349	12.083008	-2.7449183
5.6377959	12.092773	-2.6851759
6.9643602	12.102539	-2.6261778
-1.7557992	12.112305	-2.5651245
7.4919662	12.12207	-2.505578
-0.80028546	12.131836	-2.4457834
4.24193	12.141602	-2.385778
1.2328849	12.151367	-2.3255408
2.8071458	12.161133	-2.265872
2.0822277	12.170898	-2.2062399
1.5010824	12.180664	-2.1464326
1.8826919	12.19043	-2.0853453
1.3414304	12.200195	-2.0258405
1.6148667	12.209961	-1.9651048
3.191689	12.219727	-1.9039042
1.5106052	12.229492	-1.8433958
1.6985927	12.239258	-1.7833159
1.2979959	12.249023	-1.7229133
1.7440412	12.258789	-1.6612992
1.0245945	12.268555	-1.600141
2.1605637	12.27832	-1.5399582
3.6144745	12.288086	-1.4791079
3.2829003	12.297852	-1.4175839
3.067986	12.307617	-1.3557047
3.5587583	12.317383	-1.2956679
2.0202947	12.327148	-1.2341775
4.9496069	12.336914	-1.1728578
1.5891041	12.34668	-1.1114106
5.9835262	12.356445	-1.0504551
1.1192634	12.366211	-0.98946989
3.786001	12.375977	-0.92863292
2.4115086	12.385742	-0.86626935
1.8012477	12.395508	-0.80435205
4.6725616	12.405273	-0.74297339
0.3310037	12.415039	-0.68114251
4.7229114	12.424805	-0.619892
0.78631568	12.43457	-0.55764765
4.1274004	12.444336	-0.4966937
0.7051276	12.454102	-0.43488219
4.5702677	12.463867	-0.3724806
1.6526436	12.473633	-0.31162947
2.2623687	12.483398	-0.24919733
2.0105507	12.493164	-0.1879409
6.9516826	12.50293	-0.12598783
3.6846731	12.512695	-0.065255165
2.1487358	12.522461	-0.0039890409
4.205678	12.532227	0.057905912
2.1389685	12.541992	0.12043267
3.5486767	12.551758	0.18095225
3.279536	12.561523	0.24357587
4.0290413	12.571289	0.30522048
3.0474737	12.581055	0.36723763
1.7773826	12.59082	0.42957067
3.0932598	12.600586	0.48983395
2.4157577	12.610352	0.55084378
0.67745566	12.620117	0.6139189
1.7176615	12.629883	0.67529231
1.7505955	12.639648	0.73532611
1.8739957	12.649414	0.79760551
2.290972	12.65918	0.85954219
1.7301878	12.668945	0.92073083
1.8334132	12.678711	0.98162293
2.2201798	12.688477	1.0433167
1.9065686	12.698242	1.1042148
1.9842176	12.708008	1.1669145
3.4521568	12.717773	1.2284636
4.3040609	12.727539	1.2889669
3.6453595	12.737305	1.3492465
5.2562218	12.74707	1.4103308
2.6393681	12.756836	1.4715672
4.6067753	12.766602	1.5321686
3.2321782	12.776367	1.5932515
5.0502715	12.786133	1.6546488
2.8486481	12.795898	1.7147288
4.5959487	12.805664	1.7755985
0.81086767	12.81543	1.8370628
4.7112813	12.825195	1.8973663
3.8003781	12.834961	1.957652
2.9680436	12.844727	2.0183399
3.0723517	12.854492	2.0764842
2.6484952	12.864258	2.138941
3.7853839	12.874023	2.1987109
1.7993269	12.883789	2.2584364
3.1536911	12.893555	2.3176403
3.5036705	12.90332	2.3789287
2.8329668	12.913086	2.4384589
2.9427814	12.922852	2.4982243
6.5623784	12.932617	2.5578783
9.7587814	12.942383	2.6180282
6.1688943	12.952148	2.6776195
6.4446707	12.961914	2.7373121
3.6253593	12.97168	2.7967958
5.4032774	12.981445	2.8560667
2.6488559	12.991211	2.9146805
4.7033305	13.000977	2.973938
2.1756277	13.010742	3.0326352
5.3120546	13.020508	3.0916631
2.6962605	13.030273	3.1500964
4.3189735	13.040039	3.207901
1.8860563	13.049805	3.2664404
3.7095044	13.05957	3.3255115
2.2942667	13.069336	3.3827603
3.1151342	13.079102	3.4405217
3.8095052	13.088867	3.4980371
2.6820111	13.098633	3.5550804
3.1699426	13.108398	3.6136076
3.3610384	13.118164	3.6709695
2.4676323	13.12793	3.729537
3.8859086	13.137695	3.7859082
3.8473752	13.147461	3.8430049
3.923569	13.157227	3.9004698
2.9244227	13.166992	3.9580538
3.9027305	13.176758	4.015501
4.4369373	13.186523	4.0702567
3.7015998	13.196289	4.1263623
4.3139558	13.206055	4.1831746
3.0266936	13.21582	4.2375727
4.7049603	13.225586	4.2938128
4.4477057	13.235352	4.3500409
3.4346595	13.245117	4.4055104
4.1842227	13.254883	4.4619007
4.0690298	13.264648	4.5161886
4.4780898	13.274414	4.5701461
5.1420298	13.28418	4.6253471
4.8248448	13.293945	4.6808915
6.1774626	13.303711	4.7340617
7.1716843	13.313477	4.7887831
7.7761707	13.323242	4.8426924
7.3891134	13.333008	4.8970551
4.9449153	13.342773	4.9516993
7.8698268	13.352539	5.0044508
4.6601868	13.362305	5.058454
5.8896141	13.37207	5.1113501
4.8305955	13.381836	5.1647053
6.0539227	13.391602	5.2158194
6.3665562	13.401367	5.2697001
5.0953474	13.411133	5.3229003
4.7365904	13.420898	5.373971
4.0846992	13.430664	5.4268436
3.7431717	13.44043	5.4784894
5.7317667	13.450195	5.5294695
4.4735498	13.459961	5.5827127
6.489677	13.469727	5.6320267
4.6484523	13.479492	5.6833563
5.4103088	13.489258	5.7337151
4.5643306	13.499023	5.7832375
5.3010297	13.508789	5.834949
3.1831675	13.518555	5.8839755
5.2636838	13.52832	5.9344888
3.8369675	13.538086	5.9843035
2.9709539	13.547852	6.0339198
5.3748603	13.557617	6.0825019
3.7764549	13.567383	6.1316295
5.8551435	13.577148	6.1802416
5.8908248	13.586914	6.2295856
7.2458992	13.59668	6.2776194
5.1571989	13.606445	6.3254924
6.0791497	13.616211	6.3745098
3.8356287	13.625977	6.4212875
6.0309772	13.635742	6.468287
4.3445268	13.645508	6.515974
4.4040031	13.655273	6.5622778
6.1892786	13.665039	6.6096501
4.318543	13.674805	6.6564827
5.9062734	13.68457	6.7025394
3.5080128	13.694336	6.7477064
5.589705	13.704102	6.7935305
4.0260611	13.713867	6.8385005
4.2878904	13.723633	6.8839493
5.5000653	13.733398	6.9276452
3.154145	13.743164	6.9720893
6.3314219	13.75293	7.0165367
4.1692286	13.762695	7.0606337
2.5021145	13.772461	7.1045995
4.4433284	13.782227	7.1485147
3.4540427	13.791992	7.1911497
4.677032	13.801758	7.2346883
3.1095114	13.811523	7.2772503
5.9826531	13.821289	7.3198571
3.4874654	13.831055	7.3626266
4.393549	13.84082	7.4039459
3.302819	13.850586	7.4450374
4.7897105	13.860352	7.4855447
2.4085515	13.870117	7.5277328
7.0668058	13.879883	7.5676723
5.4319272	13.889648	7.608366
6.1082072	13.899414	7.6497302
5.7169237	13.90918	7.6883764
6.6017151	13.918945	7.7280135
3.4745667	13.928711	7.7683063
8.0585012	13.938477	7.8053741
4.1068416	13.948242	7.8445807
7.1889606	13.958008	7.8834281
4.3911977	13.967773	7.9219398
6.552774	13.977539	7.9583926
3.1593139	13.987305	7.9973831
7.1961317	13.99707	8.0342159
3.7320423	14.006836	8.0717382
5.5190639	14.016602	8.1080971
3.5135891	14.026367	8.1443701
6.7736607	14.036133	8.180584
3.1565316	14.045898	8.2161274
7.2013354	14.055664	8.2508888
2.3887026	14.06543	8.2877474
7.9102926	14.075195	8.3213177
2.8423617	14.084961	8.355567
6.7871647	14.094727	8.3891029
3.5490258	14.104492	8.4250565
6.3319807	14.114258	8.4567289
5.1234264	14.124023	8.4904623
6.3361831	14.133789	8.5229588
5.9211974	14.143555	8.5546169
6.5662899	14.15332	8.5868721
6.8448715	14.163086	8.6196022
8.0969181	14.172852	8.6515579
5.08955	14.182617	8.6819248
8.3247776	14.192383	8.713829
7.1452231	14.202148	8.7438946
6.1343541	14.211914	8.7743168
7.6711645	14.22168	8.8055134
6.4381633	14.231445	8.8346634
8.121913	14.241211	8.8641644
7.542316	14.250977	8.8926077
7.8893967	14.260742	8.9204121
9.6860113	14.270508	8.9496021
8.1764183	14.280273	8.97717
7.8768115	14.290039	9.0048685
9.9685154	14.299805	9.0322046
9.1527233	14.30957	9.0598001
9.4227142	14.319336	9.0851889
11.710962	14.329102	9.1110277
10.322045	14.338867	9.1374636
10.780815	14.348633	9.1627893
10.006618	14.358398	9.1876268
11.670951	14.368164	9.2126112
9.8994112	14.37793	9.2379332
10.496076	14.387695	9.2618122
11.383055	14.397461	9.2848091
12.17944	14.407227	9.3079548
9.9510422	14.416992	9.3319368
11.918332	14.426758	9.3543482
10.983006	14.436523	9.3770552
9.5861855	14.446289	9.3997774
12.975494	14.456055	9.421176
10.646543	14.46582	9.4417276
13.453106	14.475586	9.4622498
10.847522	14.485352	9.4835043
11.942327	14.495117	9.504776
12.189068	14.504883	9.5245628
9.1374741	14.514648	9.5439453
13.716402	14.524414	9.5622931
9.6629257	14.53418	9.5819521
14.525274	14.543945	9.5999613
8.5300303	14.553711	9.6180325
12.018159	14.563477	9.6365709
8.1513777	14.573242	9.6533556
8.2994919	14.583008	9.6715164
11.991081	14.592773	9.6870689
7.8848453	14.602539	9.7040014
10.164351	14.612305	9.7195263
8.4031258	14.62207	9.7351789
8.5549078	14.631836	9.7495604
9.1950302	14.641602	9.7651453
8.7122898	14.651367	9.7789202
8.5407753	14.661133	9.794138
7.7114558	14.670898	9.8074522
9.6747656	14.680664	9.819479
8.051959	14.69043	9.832943
8.74158	14.700195	9.8464069
7.6758676	14.709961	9.8578749
8.6839314	14.719727	9.8695488
6.980123	14.729492	9.8809166
10.104081	14.739258	9.8930473
8.4913692	14.749023	9.9036436
9.339385	14.758789	9.9138718
8.4059076	14.768555	9.923501
9.3249254	14.77832	9.9344759
8.8111143	14.788086	9.9429798
8.6529179	14.797852	9.9524317
9.8201675	14.807617	9.9613724
9.4658928	14.817383	9.9681053
9.7988644	14.827148	9.9754219
11.604477	14.836914	9.9833641
10.562572	14.84668	9.9913864
9.6833563	14.856445	9.9985895
11.082133	14.866211	10.003948
10.275398	14.875977	10.009937
10.997698	14.885742	10.015449
10.207213	14.895508	10.020545
10.16187	14.905273	10.025743
11.743512	14.915039	10.030352
12.056646	14.924805	10.033441
10.041718	14.93457	10.037273
12.481492	14.944336	10.039729
11.038733	14.954102	10.042574
12.406363	14.963867	10.044527
11.633465	14.973633	10.047876
11.770578	14.983398	10.049908
11.850428	14.993164	10.050639
12.515666	15.00293	10.05187
10.787498	15.012695	10.052917
11.320412	15.022461	10.053388
6.541121	15.032227	10.054358
2.8958662	15.041992	10.052532
-1.8981984	15.051758	10.052082
-8.360075	15.061523	10.050114
-13.113558	15.071289	10.049454
-16.623608	15.081055	10.047279
-18.159929	15.09082	10.044779
-20.430668	15.100586	10.042339
-20.260654	15.110352	10.038823
-21.85544	15.120117	10.034917
-22.099167	15.129883	10.031472
-22.342232	15.139648	10.026993
-22.452719	15.149414	10.022502
-23.333019	15.15918	10.017054
-23.051422	15.168945	10.011055
-22.672466	15.178711	10.00701
-23.23877	15.188477	10.000725
-23.467897	15.198242	9.9930449
-21.875183	15.208008	9.9850969
-21.900318	15.217773	9.9794073
-20.951405	15.227539	9.9714098
-21.008972	15.237305	9.9636641
-21.475321	15.24707	9.9538965
-23.846888	15.256836	9.9455166
-22.976078	15.266602	9.9372416
-21.942635	15.276367	9.9279509
-25.025778	15.286133	9.9175558
-22.909767	15.295898	9.9075212
-22.205967	15.305664	9.897049
-23.475929	15.31543	9.8854675
-23.465137	15.325195	9.874073
-24.337683	15.334961	9.8625956
-24.185062	15.344727	9.851059
-23.492437	15.354492	9.8382874
-23.620098	15.364258	9.8249483
-21.644997	15.374023	9.8111553
-22.992481	15.383789	9.7972078
-22.773224	15.393555	9.7831812
-22.991724	15.40332	9.7676697
-23.120234	15.413086	9.7534704
-20.911987	15.422852	9.7391949
-23.007124	15.432617	9.72365
-21.799479	15.442383	9.7079859
-21.195562	15.452148	9.6911936
-21.448301	15.461914	9.6745777
-22.063265	15.47168	9.657568
-21.913647	15.481445	9.6407299
-21.377556	15.491211	9.6224842
-21.91239	15.500977	9.6048965
-20.75087	15.510742	9.5867558
-21.128298	15.520508	9.5679874
-20.37459	15.530273	9.548974
-21.415379	15.540039	9.5297604
-20.069651	15.549805	9.5092449
-20.43862	15.55957	9.4893751
-19.170973	15.569336	9.4686251
-20.278454	15.579102	9.4481688
-18.597404	15.588867	9.425725
-22.496971	15.598633	9.405282
-18.983463	15.608398	9.383255
-23.217323	15.618164	9.3605499
-20.817446	15.62793	9.3381119
-21.8004	15.637695	9.3156319
-21.180592	15.647461	9.2919989
-20.590891	15.657227	9.2676048
-23.779436	15.666992	9.2447834
-21.351513	15.676758	9.2188015
-22.821386	15.686523	9.1947126
-20.823452	15.696289	9.1691227
-24.587463	15.706055	9.1435432
-20.824081	15.71582	9.1184187
-23.724476	15.725586	9.0914278
-23.331343	15.735352	9.0647383
-24.336123	15.745117	9.038723
-20.821869	15.754883	9.0123444
-24.139334	15.764648	8.9840565
-21.887838	15.774414	8.9560328
-24.652901	15.78418	8.9270859
-23.103727	15.793945	8.8994551
-21.6329	15.803711	8.8701754
-25.024429	15.813477	8.8410082
-21.943811	15.823242	8.8108959
-23.188173	15.833008	8.7806854
-22.900675	15.842773	8.7511902
-20.212355	15.852539	8.7206345
-23.063599	15.862305	8.6906643
-21.651272	15.87207	8.6585569
-20.747467	15.881836	8.6276922
-21.721004	15.891602	8.5953712
-21.605101	15.901367	8.5638638
-22.357016	15.911133	8.5317192
-21.568489	15.920898	8.4982367
-23.420456	15.930664	8.465004
-21.042933	15.94043	8.4313259
-22.074394	15.950195	8.3977251
-21.720446	15.959961	8.3635006
-20.931545	15.969727	8.3286867
-22.807148	15.979492	8.2936707
-20.648027	15.989258	8.2590189
-22.955437	15.999023	8.2234278
-20.519749	16.008789	8.187109
-22.927135	16.018555	8.1514759
-21.006598	16.02832	8.1165152
-23.308361	16.038086	8.0796509
-21.088671	16.047852	8.0433006
-22.099726	16.057617	8.0050764
-22.865051	16.067383	7.9681439
-21.992695	16.077148	7.930048
-22.030972	16.086914	7.8919053
-22.013811	16.09668	7.8533783
-21.150372	16.106445	7.8144774
-23.803465	16.116211	7.7758579
-19.929035	16.125977	7.7354312
-21.559187	16.135742	7.6974707
-21.220417	16.145508	7.6568546
-21.637754	16.155273	7.6177435
-21.782553	16.165039	7.577415
-20.551832	16.174805	7.5370984
-22.162661	16.18457	7.4959068
-21.94763	16.194336	7.4548559
-20.152529	16.204102	7.4126215
-23.041246	16.213867	7.3712916
-19.663315	16.223633	7.3296041
-21.96636	16.233398	7.287848
-22.516598	16.243164	7.2439966
-18.938782	16.25293	7.201077
-21.079357	16.262695	7.1585312
-19.551802	16.272461	7.1144419
-18.110964	16.282227	7.0712805
-22.409613	16.291992	7.0266352
-23.213774	16.301758	6.9830775
-21.087891	16.311523	6.937973
-23.310236	16.321289	6.8945856
-23.834209	16.331055	6.8494706
-22.315151	16.34082	6.8022504
-23.932405	16.350586	6.7570939
-23.927238	16.360352	6.7114906
-22.21862	16.370117	6.6655693
-24.497986	16.379883	6.6196589
-22.605749	16.389648	6.5726714
-24.521082	16.399414	6.526412
-21.282955	16.40918	6.4785776
-24.726055	16.418945	6.4311819
-22.844086	16.428711	6.3840017
-24.026281	16.438477	6.3366337
-24.512817	16.448242	6.2881274
-22.917778	16.458008	6.2401252
-22.045315	16.467773	6.1901436
-23.945305	16.477539	6.1424494
-21.504797	16.487305	6.0931087
-25.168468	16.49707	6.0455532
-22.305817	16.506836	5.9952273
-25.45789	16.516602	5.9461713
-22.355944	16.526367	5.8967905
-25.187691	16.536133	5.845964
-22.750534	16.545898	5.7955322
-23.173449	16.555664	5.7446346
-23.759167	16.56543	5.6942358
-24.274422	16.575195	5.6412086
-23.136427	16.584961	5.5921001
-21.823507	16.594727	5.5398703
-22.518671	16.604492	5.4886222
-21.903694	16.614258	5.4365978
-21.307844	16.624023	5.3853569
-21.819118	16.633789	5.3331213
-21.088331	16.643555	5.2814603
-21.806602	16.65332	5.2276015
-19.617565	16.663086	5.174665
-21.398823	16.672852	5.1228089
-23.031153	16.682617	5.0697832
-25.129562	16.692383	5.015841
-22.83638	16.702148	4.962419
-23.817411	16.711914	4.9077301
-22.293606	16.72168	4.8542233
-23.230503	16.731445	4.7997279
-23.828714	16.741211	4.7469349
-22.339613	16.750977	4.6907215
-24.848328	16.760742	4.6360998
-23.806725	16.770508	4.5816736
-26.379583	16.780273	4.5259581
-23.580193	16.790039	4.4707685
-25.01445	16.799805	4.4159594
-26.446394	16.80957	4.3596492
-22.840185	16.819336	4.3048935
-27.767382	16.829102	4.2479262
-20.272249	16.838867	4.1920872
-27.339544	16.848633	4.1365161
-22.193998	16.858398	4.0803747
-23.287872	16.868164	4.024087
-23.598793	16.87793	3.9672196
-22.967604	16.887695	3.9109735
-21.794764	16.897461	3.853704
-23.482414	16.907227	3.7957177
-23.492554	16.916992	3.7379398
-26.973907	16.926758	3.6814511
-22.029224	16.936523	3.6238165
-27.731701	16.946289	3.5668015
-22.525827	16.956055	3.5088391
-25.916378	16.96582	3.4513845
-23.440842	16.975586	3.3931942
-24.661411	16.985352	3.3355176
-25.025244	16.995117	3.2775774
-24.470758	17.004883	3.2189682
-25.373814	17.014648	3.1590834
-28.616085	17.024414	3.1013966
-28.369751	17.03418	3.0424447
-22.611721	17.043945	2.9837713
-27.650782	17.053711	2.9242187
-26.930798	17.063477	2.8656914
-26.737898	17.073242	2.8060019
-28.246037	17.083008	2.7469351
-30.402	17.092773	2.6884542
-27.165585	17.102539	2.6273906
-30.90786	17.112305	2.5679424
-27.178844	17.12207	2.5069714
-31.030386	17.131836	2.4483352
-20.720646	17.141602	2.3889885
-22.818987	17.151367	2.3290336
-25.905855	17.161133	2.2700877
-27.150743	17.170898	2.2085607
-25.257271	17.180664	2.1477535
-27.472536	17.19043	2.087991
-19.574841	17.200195	2.0282359
-25.051983	17.209961	1.9680514
-17.12495	17.219727	1.9079715
-25.321659	17.229492	1.8471704
-18.384529	17.239258	1.7867208
-26.260513	17.249023	1.7242134
-19.753433	17.258789	1.6645461
-24.963497	17.268555	1.6042262
-19.926519	17.27832	1.541993
-22.853865	17.288086	1.4816821
-21.721132	17.297852	1.4209628
-22.618555	17.307617	1.3590918
-22.447237	17.317383	1.2984469
-22.52817	17.327148	1.2371137
-21.91637	17.336914	1.1760294
-22.680742	17.34668	1.114291
-20.696373	17.356445	1.0535672
-20.850834	17.366211	0.99133849
-20.936527	17.375977	0.92993826
-20.6572	17.385742	0.86821765
-23.101608	17.395508	0.80747455
-21.259056	17.405273	0.74647367
-27.337904	17.415039	0.68339854
-21.289604	17.424805	0.62166601
-23.798853	17.43457	0.56037009
-22.524525	17.444336	0.49868524
-23.567081	17.454102	0.43769926
-20.888041	17.463867	0.37481189
-25.075079	17.473633	0.31435341
-22.037735	17.483398	0.25224686
-23.329945	17.493164	0.19038767
-22.353243	17.50293	0.12854338
-22.959511	17.512695	0.06878525
-21.200663	17.522461	0.006057322
-23.154623	17.532227	-0.055630505
-21.407324	17.541992	-0.11685789
-24.199636	17.551758	-0.17862618
-20.958727	17.561523	-0.24104342
-24.030777	17.571289	-0.30227602
-20.918983	17.581055	-0.36314651
-23.411737	17.59082	-0.42577907
-20.587166	17.600586	-0.48693419
-22.431835	17.610352	-0.54945499
-20.733894	17.620117	-0.6114006
-23.249279	17.629883	-0.67226815
-19.951992	17.639648	-0.73366535
-22.000797	17.649414	-0.79594404
-20.337908	17.65918	-0.85745382
-26.543894	17.668945	-0.91780055
-20.56501	17.678711	-0.97970295
-27.314993	17.688477	-1.0409422
-20.899681	17.698242	-1.1036843
-24.75062	17.708008	-1.1634551
-24.515648	17.717773	-1.2245148
-25.148607	17.727539	-1.286447
-23.853012	17.737305	-1.3475038
-24.853273	17.74707	-1.4087095
-24.198719	17.756836	-1.470498
-25.762768	17.766602	-1.5304863
-23.161667	17.776367	-1.5903324
-25.917206	17.786133	-1.6505494
-24.989723	17.795898	-1.7130136
-25.190063	17.805664	-1.7745048
-23.727409	17.81543	-1.8350945
-24.876196	17.825195	-1.8954329
-23.519247	17.834961	-1.9566529
-24.946571	17.844727	-2.0156815
-23.362553	17.854492	-2.0766876
-24.948339	17.864258	-2.1357901
-21.731272	17.874023	-2.1967239
-24.25852	17.883789	-2.2559018
-20.980427	17.893555	-2.3176165
-23.168104	17.90332	-2.3766272
-25.023111	17.913086	-2.4361684
-23.933954	17.922852	-2.4960406
-26.770821	17.932617	-2.5554373
-24.047237	17.942383	-2.6164927
-23.657839	17.952148	-2.6770823
-24.379429	17.961914	-2.7352355
-23.363018	17.97168	-2.7947135
-22.756216	17.981445	-2.8542371
-26.080235	17.991211	-2.9129176
-23.575302	18.000977	-2.9714682
-27.18668	18.010742	-3.0304134
-21.644983	18.020508	-3.0906394
-24.429884	18.030273	-3.1487062
-23.490273	18.040039	-3.2076254
-23.523289	18.049805	-3.2660456
-22.821407	18.05957	-3.3237622
-24.679897	18.069336	-3.3831193
-23.374043	18.079102	-3.4403965
-25.295641	18.088867	-3.4985356
-25.986671	18.098633	-3.555686
-23.328735	18.108398	-3.6150813
-23.588305	18.118164	-3.6715291
-24.228775	18.12793	-3.728003
-21.654228	18.137695	-3.7864408
-26.781054	18.147461	-3.8441956
-25.758438	18.157227	-3.9008281
-25.619776	18.166992	-3.9568655
-27.567009	18.176758	-4.0136404
-23.596197	18.186523	-4.0699034
-27.7146	18.196289	-4.1268363
-23.553078	18.206055	-4.1825542
-27.001696	18.21582	-4.2389469
-25.197783	18.225586	-4.2951064
-28.415047	18.235352	-4.3506494
-26.293005	18.245117	-4.4065366
-28.648891	18.254883	-4.4610443
-26.346964	18.264648	-4.5163894
-29.501204	18.274414	-4.5714006
-26.399105	18.28418	-4.6267691
-28.540638	18.293945	-4.6817503
-27.43738	18.303711	-4.736249
-29.630564	18.313477	-4.7901721
-27.341173	18.323242	-4.8444376
-32.988945	18.333008	-4.8990817
-31.630333	18.342773	-4.952004
-33.883751	18.352539	-5.0050035
-29.558559	18.362305	-5.0591455
-26.560596	18.37207	-5.1126556
-30.359789	18.381836	-5.1658263
-29.820204	18.391602	-5.219738
-27.146692	18.401367	-5.2709298
-32.239014	18.411133	-5.3244634
-23.165089	18.420898	-5.3769708
-28.545712	18.430664	-5.4269686
-30.114769	18.44043	-5.4792137
-23.00198	18.450195	-5.5304923
-28.014555	18.459961	-5.5821695
-25.90192	18.469727	-5.6346254
-27.579523	18.479492	-5.6850567
-26.382856	18.489258	-5.735754
-27.295574	18.499023	-5.7873435
-25.120169	18.508789	-5.8369069
-28.730358	18.518555	-5.8877759
-25.375175	18.52832	-5.9373245
-29.444624	18.538086	-5.9863091
-24.695368	18.547852	-6.0363545
-28.204975	18.557617	-6.085711
-25.406967	18.567383	-6.1343083
-29.057987	18.577148	-6.1824603
-24.29611	18.586914	-6.229795
-28.273067	18.59668	-6.2791147
-24.08079	18.606445	-6.3279586
-27.191231	18.616211	-6.3739853
-25.478542	18.625977	-6.4230671
-25.453396	18.635742	-6.4704442
-28.771208	18.645508	-6.5166731
-23.767374	18.655273	-6.5638599
-28.230028	18.665039	-6.6108217
-23.389351	18.674805	-6.6566095
-28.949463	18.68457	-6.7017984
-24.154539	18.694336	-6.7488685
-25.404303	18.704102	-6.7946568
-27.206053	18.713867	-6.8396931
-26.84038	18.723633	-6.8851128
-24.158171	18.733398	-6.9294553
-25.751802	18.743164	-6.9742589
-24.146318	18.75293	-7.017818
-24.603737	18.762695	-7.0619144
-24.630827	18.772461	-7.1065464
-24.451723	18.782227	-7.1492887
-23.470913	18.791992	-7.1924996
-23.278851	18.801758	-7.2356906
-23.386091	18.811523	-7.2786841
-24.773903	18.821289	-7.3198724
-26.378698	18.831055	-7.3625922
-25.782476	18.84082	-7.4053278
-26.428572	18.850586	-7.4470644
-29.673195	18.860352	-7.4886942
-26.057743	18.870117	-7.5285616
-26.360703	18.879883	-7.5698929
-26.804441	18.889648	-7.6104698
-26.697222	18.899414	-7.6505466
-26.979158	18.90918	-7.6912184
-26.400724	18.918945	-7.7307591
-27.187613	18.928711	-7.7692714
-26.940147	18.938477	-7.8084803
-26.680227	18.948242	-7.8462892
-27.291313	18.958008	-7.8850889
-25.43478	18.967773	-7.9228349
-26.112749	18.977539	-7.9610825
-25.522057	18.987305	-7.9982681
-27.057261	18.99707	-8.0347042
-24.265039	19.006836	-8.0727797
-25.120575	19.016602	-8.1097622
-25.272638	19.026367	-8.1461792
-23.84236	19.036133	-8.1822662
-26.337593	19.045898	-8.2180424
-22.671244	19.055664	-8.2539139
-26.60742	19.06543	-8.2883501
-23.851591	19.075195	-8.3224068
-26.178732	19.084961	-8.3559732
-25.686085	19.094727	-8.390769
-26.971962	19.104492	-8.4251127
-24.551071	19.114258	-8.4590607
-26.582111	19.124023	-8.492465
-25.70838	19.133789	-8.5244665
-27.294212	19.143555	-8.5567408
-25.87533	19.15332	-8.5876741
-27.304911	19.163086	-8.6205206
-25.799032	19.172852	-8.6522541
-24.181919	19.182617	-8.6837769
-24.81757	19.192383	-8.7139292
-25.218679	19.202148	-8.7452593
-26.980637	19.211914	-8.7768965
-24.903322	19.22168	-8.8066101
-26.524719	19.231445	-8.8358688
-26.404486	19.241211	-8.8647566
-26.719784	19.250977	-8.8929586
-25.622232	19.260742	-8.9227543
-25.413301	19.270508	-8.9512405
-27.491222	19.280273	-8.9787769
-24.503691	19.290039	-9.007412
-26.828121	19.299805	-9.0337772
-25.029957	19.30957	-9.0602236
-26.257906	19.319336	-9.0859585
-26.105961	19.329102	-9.1124477
-25.484734	19.338867	-9.1376505
-25.794167	19.348633	-9.1628294
-25.556412	19.358398	-9.188118
-25.576155	19.368164	-9.2127752
-25.933561	19.37793	-9.2376738
-25.041273	19.387695	-9.2625732
-24.598009	19.397461	-9.2860937
-26.463707	19.407227	-9.3098736
-24.614075	19.416992	-9.3325176
-26.686419	19.426758	-9.3558617
-25.700054	19.436523	-9.3778439
-27.170393	19.446289	-9.3998346
-26.165623	19.456055	-9.4217119
-28.278248	19.46582	-9.441843
-25.079632	19.475586	-9.4637051
-28.716156	19.485352	-9.4839458
-28.773909	19.495117	-9.5045996
-25.159016	19.504883	-9.5249605
-28.532919	19.514648	-9.544733
-27.353212	19.524414	-9.5635567
-27.994543	19.53418	-9.5832958
-26.7733	19.543945	-9.6012812
-28.01367	19.553711	-9.6189213
-27.551897	19.563477	-9.6374168
-28.125813	19.573242	-9.6555471
-29.180561	19.583008	-9.6717148
-27.785055	19.592773	-9.6887379
-26.929636	19.602539	-9.7055073
-26.863918	19.612305	-9.7207451
-27.598579	19.62207	-9.7357435
-26.702509	19.631836	-9.752121
-27.790386	19.641602	-9.7665501
-27.841681	19.651367	-9.7812853
-27.724613	19.661133	-9.7944603
-28.654446	19.670898	-9.8075705
-28.469891	19.680664	-9.8213367
-29.231794	19.69043	-9.8342371
-27.21937	19.700195	-9.8480892
-29.197092	19.709961	-9.8594675
-28.392498	19.719727	-9.8719158
-28.704874	19.729492	-9.8829899
-28.993864	19.739258	-9.8939285
-27.307903	19.749023	-9.9054375
-29.56472	19.758789	-9.9155283
-29.67395	19.768555	-9.9250221
-28.136093	19.77832	-9.9342709
-28.416618	19.788086	-9.9446907
-30.928408	19.797852	-9.9536037
-29.203657	19.807617	-9.9621143
-29.760971	19.817383	-9.9705515
-29.110909	19.827148	-9.9788122
-29.582298	19.836914	-9.9862928
-28.936401	19.84668	-9.9930696
-30.441174	19.856445	-10.00001
-29.784731	19.866211	-10.005391
-30.922611	19.875977	-10.011859
-29.937014	19.885742	-10.016821
-30.323212	19.895508	-10.022155
-31.926624	19.905273	-10.026489
-29.560644	19.915039	-10.030822
-30.897942	19.924805	-10.035001
-31.144287	19.93457	-10.038253
-31.100471	19.944336	-10.041808
-31.17877	19.954102	-10.045977
-31.685188	19.963867	-10.047812
-31.541321	19.973633	-10.050231
-33.939442	19.983398	-10.051892
-31.059084	19.993164	-10.053838
-31.486038	20.00293	-10.054685
-31.112577	20.012695	-10.055496
-31.770452	20.022461	-10.055492
-28.44825	20.032227	-10.05591
-23.963163	20.041992	-10.055398
-18.931973	20.051758	-10.054711
-13.984484	20.061523	-10.052747
-9.5434017	20.071289	-10.051574
-5.5779705	20.081055	-10.050062
-3.6638927	20.09082	-10.047607
-0.54260015	20.100586	-10.045142
0.9768526	20.110352	-10.041111
2.2579799	20.120117	-10.037435
2.0675478	20.129883	-10.033548
2.4552922	20.139648	-10.029464
3.1990349	20.149414	-10.024432
4.3011503	20.15918	-10.019555
3.7537305	20.168945	-10.014332
1.6921898	20.178711	-10.008242
2.7820933	20.188477	-10.00239
2.8138514	20.198242	-9.9957867
2.6819646	20.208008	-9.9885168
1.339335	20.217773	-9.9810905
1.3421639	20.227539	-9.9750109
2.0373263	20.237305	-9.9660873
0.78210139	20.24707	-9.9579887
3.3164747	20.256836	-9.9492941
4.4025946	20.266602	-9.9404955
4.4175425	20.276367	-9.9311819
3.8290629	20.286133	-9.9213896
6.0623045	20.295898	-9.9097528
6.0224438	20.305664	-9.8993301
6.7620654	20.31543	-9.8881483
7.0723124	20.325195	-9.8764315
7.0522075	20.334961	-9.8647566
6.2250066	20.344727	-9.8521242
7.4280658	20.354492	-9.8392887
4.6486382	20.364258	-9.8264446
6.4827271	20.374023	-9.8130207
4.6790695	20.383789	-9.7998877
6.5602713	20.393555	-9.786643
4.4607673	20.40332	-9.7711515
5.1731477	20.413086	-9.7561159
3.9345236	20.422852	-9.7413435
5.8032455	20.432617	-9.7254515
5.2150922	20.442383	-9.7111015
3.7240562	20.452148	-9.6938562
4.8176618	20.461914	-9.6769505
4.0722079	20.47168	-9.6596832
4.1757593	20.481445	-9.6426735
5.0448112	20.491211	-9.624917
3.9615202	20.500977	-9.6072493
4.4293118	20.510742	-9.5884657
5.3470025	20.520508	-9.569418
3.7613091	20.530273	-9.549984
5.6565156	20.540039	-9.5308151
3.1338422	20.549805	-9.5108967
5.2784452	20.55957	-9.4913149
3.7752674	20.569336	-9.4701014
4.4070415	20.579102	-9.4498367
4.0670276	20.588867	-9.4276905
3.4916098	20.598633	-9.4062471
3.3688149	20.608398	-9.3846102
4.1638036	20.618164	-9.3627882
4.0960732	20.62793	-9.3403349
2.8954935	20.637695	-9.3160944
4.3188224	20.647461	-9.2931204
4.2099504	20.657227	-9.2690153
5.0905161	20.666992	-9.2453461
5.430274	20.676758	-9.220891
6.2583132	20.686523	-9.1963615
3.1900244	20.696289	-9.1713495
5.7400904	20.706055	-9.1444998
2.1491084	20.71582	-9.1178942
5.4130564	20.725586	-9.0930071
2.9129326	20.735352	-9.0666752
2.8942828	20.745117	-9.0389194
4.2171335	20.754883	-9.013135
3.7502613	20.764648	-8.985054
3.13411	20.774414	-8.9570932
3.0326657	20.78418	-8.9290667
4.1406255	20.793945	-8.9002132
1.9436703	20.803711	-8.8703938
5.0860691	20.813477	-8.8420124
4.085619	20.823242	-8.8120985
4.8735528	20.833008	-8.7821331
4.0746179	20.842773	-8.7511292
5.1898417	20.852539	-8.7212563
5.141634	20.862305	-8.6914091
5.9076586	20.87207	-8.658741
4.6999774	20.881836	-8.6274929
6.3356013	20.891602	-8.5964155
4.9861612	20.901367	-8.5632477
5.9306273	20.911133	-8.5314369
5.7368188	20.920898	-8.4976692
5.7706261	20.930664	-8.4653902
6.6548471	20.94043	-8.4318972
4.254817	20.950195	-8.3985214
7.0903335	20.959961	-8.3642645
2.8181007	20.969727	-8.3300505
6.5447412	20.979492	-8.2952909
3.4461379	20.989258	-8.2597122
5.9369254	20.999023	-8.2245226
2.6099849	21.008789	-8.1896982
6.1671019	21.018555	-8.1529293
3.4985831	21.02832	-8.1163301
6.5165572	21.038086	-8.0799007
3.656908	21.047852	-8.0430899
7.1813354	21.057617	-8.0059509
4.2779021	21.067383	-7.9692307
5.4141159	21.077148	-7.9301715
4.8651476	21.086914	-7.8921785
5.2470131	21.09668	-7.853754
6.2171836	21.106445	-7.8149652
5.4629869	21.116211	-7.7760453
5.8298116	21.125977	-7.7356858
5.1595621	21.135742	-7.6967416
3.1413743	21.145508	-7.6572394
4.4313025	21.155273	-7.6172915
3.1972654	21.165039	-7.5767183
5.9320827	21.174805	-7.5354271
1.5039114	21.18457	-7.4936595
5.193264	21.194336	-7.4532771
2.1779444	21.204102	-7.4111881
4.3841195	21.213867	-7.3691511
4.8464165	21.223633	-7.3282413
3.6097248	21.233398	-7.2857218
4.6724572	21.243164	-7.2423835
4.9614463	21.25293	-7.19943
4.209229	21.262695	-7.1562481
5.9934449	21.272461	-7.11373
4.717824	21.282227	-7.0695744
6.1039462	21.291992	-7.0252085
3.9305305	21.301758	-6.9805412
4.6101866	21.311523	-6.9358125
6.5340662	21.321289	-6.8913074
3.8426836	21.331055	-6.8461857
5.6569347	21.34082	-6.8011799
3.0559952	21.350586	-6.7554474
5.2182355	21.360352	-6.7092175
3.5855803	21.370117	-6.6628885
5.0295959	21.379883	-6.6166844
3.8750353	21.389648	-6.5705481
4.1289954	21.399414	-6.5231128
4.3356442	21.40918	-6.4758205
4.1503224	21.418945	-6.4294906
3.5596895	21.428711	-6.3812995
5.2126589	21.438477	-6.33391
5.4053731	21.448242	-6.2863469
2.6370399	21.458008	-6.2377052
3.5236707	21.467773	-6.1889529
5.1470356	21.477539	-6.1409106
5.198247	21.487305	-6.0907326
3.7428341	21.49707	-6.0421176
4.7452164	21.506836	-5.9923902
6.2608275	21.516602	-5.9429417
6.3277431	21.526367	-5.8930664
4.5649824	21.536133	-5.8425059
5.8876352	21.545898	-5.7926164
4.9223423	21.555664	-5.7413893
6.1205935	21.56543	-5.6908073
5.9371467	21.575195	-5.6404443
5.3806696	21.584961	-5.5892491
5.727634	21.594727	-5.537787
6.7605872	21.604492	-5.4857688
2.8443174	21.614258	-5.4343181
9.5197468	21.624023	-5.3824196
3.6168611	21.633789	-5.3299761
6.1184053	21.643555	-5.2780075
8.1911325	21.65332	-5.2250996
6.2788954	21.663086	-5.1730871
7.061532	21.672852	-5.1200404
3.5496311	21.682617	-5.0647812
5.9142361	21.692383	-5.0126195
2.4374108	21.702148	-4.9595723
6.2238774	21.711914	-4.9046516
2.8433161	21.72168	-4.8509622
5.1903071	21.731445	-4.7969146
1.7753686	21.741211	-4.7425022
4.4445972	21.750977	-4.6881647
2.1752319	21.760742	-4.6335659
6.2735286	21.770508	-4.5787878
2.5234301	21.780273	-4.5240335
5.378993	21.790039	-4.4694128
3.1125383	21.799805	-4.4126244
4.4594054	21.80957	-4.3585343
4.2881699	21.819336	-4.302135
2.4593668	21.829102	-4.246541
5.6221151	21.838867	-4.1902041
1.7988379	21.848633	-4.1347275
5.503674	21.858398	-4.0774627
3.1689298	21.868164	-4.0214701
7.8672895	21.87793	-3.9647579
4.8854623	21.887695	-3.9076574
4.7093258	21.897461	-3.8518271
4.9080815	21.907227	-3.7942507
8.6949787	21.916992	-3.7363858
10.312465	21.926758	-3.6790528
5.7412081	21.936523	-3.6223962
6.9332075	21.946289	-3.5637007
5.6215677	21.956055	-3.5065987
6.6088514	21.96582	-3.4491882
5.5646405	21.975586	-3.3898115
3.1111412	21.985352	-3.3315949
7.256691	21.995117	-3.2737448
4.7449956	22.004883	-3.2163575
7.1581335	22.014648	-3.1567364
3.7325079	22.024414	-3.0983105
4.8591404	22.03418	-3.0401714
2.2542896	22.043945	-2.9814899
3.1009083	22.053711	-2.9215953
3.1353557	22.063477	-2.862031
2.8951442	22.073242	-2.8036146
1.6934937	22.083008	-2.7447329
5.0194445	22.092773	-2.6843741
1.2124423	22.102539	-2.6261308
3.9046164	22.112305	-2.56636
3.9706705	22.12207	-2.5065093
4.0591693	22.131836	-2.4461231
5.1294456	22.141602	-2.3864746
10.634866	22.151367	-2.3271389
7.223	22.161133	-2.2663772
9.6222029	22.170898	-2.2072866
5.8167267	22.180664	-2.1466465
7.2206368	22.19043	-2.0859458
3.8826489	22.200195	-2.0256071
6.169488	22.209961	-1.9656732
3.5131233	22.219727	-1.9040622
3.1072879	22.229492	-1.8429965
2.9601274	22.239258	-1.783143
2.7636299	22.249023	-1.721742
4.079845	22.258789	-1.6612039
0.2515735	22.268555	-1.5992671
5.6780758	22.27832	-1.5396423
0.53452092	22.288086	-1.4783263
5.1856389	22.297852	-1.4170028
0.65435886	22.307617	-1.3559312
4.932075	22.317383	-1.2947216
0.61320609	22.327148	-1.2334071
5.1718669	22.336914	-1.1734754
4.5118504	22.34668	-1.1116989
4.9844966	22.356445	-1.0496602
3.4821336	22.366211	-0.98880231
4.7829118	22.375977	-0.92764348
2.4567592	22.385742	-0.86557341
4.4132934	22.395508	-0.8041814
3.0435739	22.405273	-0.74172914
3.5396428	22.415039	-0.68053532
2.2976427	22.424805	-0.61825514
2.0630193	22.43457	-0.55770278
2.7348404	22.444336	-0.49687624
2.2789812	22.454102	-0.43477938
2.5418239	22.463867	-0.37298426
2.7025001	22.473633	-0.31137317
1.9042404	22.483398	-0.24989024
2.9361458	22.493164	-0.18796921
1.7587562	22.50293	-0.12655854
3.9365144	22.512695	-0.065495074
2.5730114	22.522461	-0.0028505921
4.9983964	22.532227	0.058691204
2.525677	22.541992	0.11993796
4.4867978	22.551758	0.1807034
2.2476771	22.561523	0.24344772
4.4964371	22.571289	0.30585527
4.2593455	22.581055	0.36644936
3.2159383	22.59082	0.42785704
3.7302146	22.600586	0.49017668
2.5022309	22.610352	0.55166185
3.9576204	22.620117	0.61338991
1.6345875	22.629883	0.67544281
5.0400386	22.639648	0.73560476
1.0323361	22.649414	0.79757124
4.5467515	22.65918	0.85948408
-0.048789661	22.668945	0.92039108
4.6090455	22.678711	0.98193288
0.15961705	22.688477	1.0427892
4.52738	22.698242	1.1042237
1.593004	22.708008	1.1652365
3.6328216	22.717773	1.2274086
2.7710805	22.727539	1.2877584
2.7896488	22.737305	1.3489292
1.7882674	22.74707	1.4107063
4.3873091	22.756836	1.4704988
2.2455585	22.766602	1.5325725
4.2062488	22.776367	1.5945063
3.7926366	22.786133	1.6542137
3.20205	22.795898	1.7141745
3.6793063	22.805664	1.7758713
2.5923598	22.81543	1.8367022
4.7118983	22.825195	1.8969983
8.2006445	22.834961	1.9578741
10.180473	22.844727	2.0178378
6.0613036	22.854492	2.0783737
6.6773033	22.864258	2.1393924
2.7635136	22.874023	2.1996617
4.877255	22.883789	2.2607222
4.181324	22.893555	2.319838
3.7362101	22.90332	2.379389
4.1779714	22.913086	2.4387777
3.6691897	22.922852	2.498071
1.7270329	22.932617	2.5581539
4.2538624	22.942383	2.618566
1.223979	22.952148	2.6777358
4.4018726	22.961914	2.7370901
1.4852266	22.97168	2.7963684
3.2774756	22.981445	2.8550773
2.1851506	22.991211	2.9151127
4.0752811	23.000977	2.9731541
2.9558783	23.010742	3.0319645
2.2815309	23.020508	3.0900643
3.5315518	23.030273	3.1487868
3.0845637	23.040039	3.2064676
3.2649376	23.049805	3.2665551
3.0413153	23.05957	3.3250973
2.8650043	23.069336	3.3842027
3.6386192	23.079102	3.4399896
2.5139191	23.088867	3.4988701
4.303071	23.098633	3.5554662
3.9599488	23.108398	3.6133676
3.9245818	23.118164	3.6718473
2.4113338	23.12793	3.729625
3.0502677	23.137695	3.7866876
2.4127192	23.147461	3.8431869
2.4702983	23.157227	3.8998098
4.2688103	23.166992	3.9572656
5.1997018	23.176758	4.0132985
4.019949	23.186523	4.0701108
2.8516283	23.196289	4.1256518
3.0117342	23.206055	4.1837783
5.1802955	23.21582	4.2380753
1.7137266	23.225586	4.2941375
2.9655406	23.235352	4.3512163
4.2838626	23.245117	4.4051528
2.5345943	23.254883	4.4603705
2.7610106	23.264648	4.5161052
2.4823472	23.274414	4.5712752
2.7898815	23.28418	4.6251955
2.8259935	23.293945	4.6807528
2.3526838	23.303711	4.7357798
2.6586583	23.313477	4.7894478
4.1937456	23.323242	4.8445821
3.6682818	23.333008	4.898736
3.4437747	23.342773	4.9513788
5.0998874	23.352539	5.0057993
3.1438656	23.362305	5.058661
5.6417079	23.37207	5.1111059
4.2052126	23.381836	5.1642089
3.2588956	23.391602	5.2174792
5.7062135	23.401367	5.2693353
5.2757792	23.411133	5.3218918
6.7030892	23.420898	5.3735986
6.9915318	23.430664	5.4260864
5.8464708	23.44043	5.4785461
4.5827007	23.450195	5.5296407
7.8846588	23.459961	5.5808125
7.0024281	23.469727	5.6325989
7.6771598	23.479492	5.683826
6.7607617	23.489258	5.7334366
7.3684497	23.499023	5.783926
7.0992622	23.508789	5.8350205
6.5894098	23.518555	5.8856306
8.366991	23.52832	5.935432
5.3343363	23.538086	5.9848309
7.0906591	23.547852	6.033957
4.4110813	23.557617	6.0846195
7.1975636	23.567383	6.1325459
3.3990829	23.577148	6.182085
5.5850019	23.586914	6.22928
2.4795299	23.59668	6.2764688
7.2431402	23.606445	6.3265338
3.2938552	23.616211	6.3740163
6.6084437	23.625977	6.4214649
3.5881414	23.635742	6.4698234
6.2516074	23.645508	6.5159411
3.0724914	23.655273	6.5633492
5.6437564	23.665039	6.608911
4.2948871	23.674805	6.655489
4.7179289	23.68457	6.7021937
7.4295211	23.694336	6.7469778
5.7015104	23.704102	6.792438
6.0579505	23.713867	6.8379059
6.2203617	23.723633	6.8832474
4.5136313	23.733398	6.9272099
5.9007435	23.743164	6.9724741
6.8668857	23.75293	7.0162773
5.0518661	23.762695	7.0597172
6.0373449	23.772461	7.1046534
3.0076947	23.782227	7.1479616
4.9524708	23.791992	7.1905894
3.902684	23.801758	7.234755
4.3720241	23.811523	7.2771325
3.3586869	23.821289	7.319397
4.7497101	23.831055	7.3617859
3.8918574	23.84082	7.4034123
4.9917145	23.850586	7.4456902
3.4063239	23.860352	7.4873714
5.0403643	23.870117	7.5281305
3.7970371	23.879883	7.5688543
2.8889976	23.889648	7.6087384
2.9928982	23.899414	7.6491504
4.1504273	23.90918	7.6891809
2.9236426	23.918945	7.7280269
3.4433556	23.928711	7.7669802
3.655802	23.938477	7.807198
3.2216077	23.948242	7.8447924
3.6590617	23.958008	7.8841391
2.7593691	23.967773	7.9215021
5.2723918	23.977539	7.9603405
2.3906934	23.987305	7.9964161
3.3308635	23.99707	8.0336647
3.5779784	24.006836	8.0707664
2.9619434	24.016602	8.1084909
6.944593	24.026367	8.1448393
3.9585633	24.036133	8.1807718
7.1824646	24.045898	8.2163658
6.6298409	24.055664	8.25173
4.1546764	24.06543	8.2870598
5.1467328	24.075195	8.321723
7.1852117	24.084961	8.3556442
5.8860054	24.094727	8.3893566
5.7549214	24.104492	8.4236441
5.8374834	24.114258	8.4582644
7.0662589	24.124023	8.4895401
4.4189162	24.133789	8.5223389
6.4743333	24.143555	8.5554647
4.1463065	24.15332	8.5871916
7.3379374	24.163086	8.6199331
2.7904403	24.172852	8.6518745
6.0783815	24.182617	8.6811543
3.2264972	24.192383	8.713213
4.4088693	24.202148	8.7438107
5.00842	24.211914	8.7747831
5.3921599	24.22168	8.8050413
6.2723527	24.231445	8.8329468
6.1936674	24.241211	8.8642445
6.8051972	24.250977	8.8922234
5.6403575	24.260742	8.9204712
5.3200755	24.270508	8.9493771
5.5372481	24.280273	8.9771385
4.801003	24.290039	9.0045052
6.2357054	24.299805	9.0328302
3.6548357	24.30957	9.0583067
4.5012217	24.319336	9.0850544
4.1858411	24.329102	9.1114569
4.2103114	24.338867	9.1376972
3.5945325	24.348633	9.1634779
6.9801927	24.358398	9.1885061
3.3155084	24.368164	9.2128839
7.7631788	24.37793	9.2375813
4.8959746	24.387695	9.2607603
7.3755045	24.397461	9.2850428
4.6769156	24.407227	9.3083887
6.7204933	24.416992	9.331872
4.3890324	24.426758	9.3547211
5.5164213	24.436523	9.3774948
5.7045255	24.446289	9.3994141
9.4274759	24.456055	9.4211683
8.5558043	24.46582	9.4420567
12.026681	24.475586	9.4633923
11.446921	24.485352	9.4839306
11.075544	24.495117	9.5051899
11.461041	24.504883	9.5243912
8.7877502	24.514648	9.544405
9.852438	24.524414	9.5637217
7.7653561	24.53418	9.5813379
8.4802618	24.543945	9.5997152
7.1895308	24.553711	9.6183805
9.7339859	24.563477	9.6355934
6.9112053	24.573242	9.6530151
9.077404	24.583008	9.6694317
5.9226413	24.592773	9.6872416
7.9337974	24.602539	9.7034826
6.969995	24.612305	9.7187672
6.7678862	24.62207	9.7355547
6.2770329	24.631836	9.7500277
7.4564595	24.641602	9.7638187
4.4686604	24.651367	9.7798939
7.2109981	24.661133	9.7930374
5.6789489	24.670898	9.8070431
5.2529736	24.680664	9.8213625
6.4565101	24.69043	9.8332958
5.7256432	24.700195	9.8462906
6.0938883	24.709961	9.8587666
6.9590983	24.719727	9.8693104
6.5500617	24.729492	9.8819208
7.0393553	24.739258	9.8933964
7.5138988	24.749023	9.9030066
7.7331672	24.758789	9.9128485
8.6151886	24.768555	9.9240227
7.6459723	24.77832	9.9334564
7.4933052	24.788086	9.9434528
5.7491126	24.797852	9.9519415
7.7107921	24.807617	9.9602509
7.8475571	24.817383	9.9679861
6.8297958	24.827148	9.9764452
9.25035	24.836914	9.9832487
7.6338534	24.84668	9.9915457
7.7950768	24.856445	9.9976377
6.5743809	24.866211	10.004124
8.401042	24.875977	10.0089
6.455905	24.885742	10.015233
9.4216547	24.895508	10.019819
7.7315607	24.905273	10.02502
8.0878267	24.915039	10.028854
9.9890757	24.924805	10.033952
7.8777895	24.93457	10.037634
8.0680704	24.944336	10.040527
9.1892776	24.954102	10.042543
8.5253038	24.963867	10.045261
8.8026171	24.973633	10.048496
9.4210958	24.983398	10.04979
9.3433771	24.993164	10.051243
8.099782	25.00293	10.051862
7.6820374	25.012695	10.052705
6.0708842	25.022461	10.053621
4.245492	25.032227	10.052952
1.1206255	25.041992	10.0524
-4.3039212	25.051758	10.05102
-8.0637522	25.061523	10.050075
-13.165886	25.071289	10.049096
-16.223814	25.081055	10.04628
-17.174473	25.09082	10.043934
-20.163797	25.100586	10.041277
-19.889465	25.110352	10.038064
-22.408997	25.120117	10.034479
-22.379868	25.129883	10.031022
-21.314062	25.139648	10.027188
-23.727503	25.149414	10.022635
-22.247946	25.15918	10.01738
-22.033846	25.168945	10.013337
-20.628143	25.178711	10.00728
-20.533894	25.188477	10.000494
-20.428432	25.198242	9.9933262
-20.566095	25.208008	9.9872541
-21.069288	25.217773	9.9790707
-20.03459	25.227539	9.9715157
-23.007229	25.237305	9.9636164
-21.47064	25.24707	9.9548559
-22.857286	25.256836	9.9458504
-21.625578	25.266602	9.9368305
-24.100336	25.276367	9.9287968
-25.286455	25.286133	9.917305
-23.925806	25.295898	9.9075499
-25.5096	25.305664	9.8966684
-24.209637	25.31543	9.8856077
-25.751406	25.325195	9.8745956
-24.632622	25.334961	9.8624649
-26.29941	25.344727	9.8499031
-24.982576	25.354492	9.8367882
-24.679199	25.364258	9.8235445
-24.4946	25.374023	9.8100395
-24.494074	25.383789	9.7973976
-24.402607	25.393555	9.7837563
-24.529499	25.40332	9.7685308
-22.703922	25.413086	9.7541924
-22.109226	25.422852	9.7403107
-23.035984	25.432617	9.7235575
-20.982161	25.442383	9.7071199
-23.268593	25.452148	9.6909361
-20.892138	25.461914	9.6748381
-21.294737	25.47168	9.6581755
-21.40127	25.481445	9.6400232
-19.222322	25.491211	9.6228237
-22.14982	25.500977	9.6035223
-21.383282	25.510742	9.5862684
-20.700077	25.520508	9.5680504
-20.950335	25.530273	9.5475788
-19.827578	25.540039	9.5284481
-19.614748	25.549805	9.5090446
-18.269791	25.55957	9.4885988
-18.874907	25.569336	9.4686079
-18.848829	25.579102	9.4466228
-20.106964	25.588867	9.4264908
-21.057598	25.598633	9.4042959
-21.601515	25.608398	9.3838272
-20.174961	25.618164	9.3616858
-18.035259	25.62793	9.338686
-19.248074	25.637695	9.3148079
-20.551367	25.647461	9.2912121
-23.025589	25.657227	9.2681675
-21.902088	25.666992	9.2437487
-20.912464	25.676758	9.219697
-23.603603	25.686523	9.1953802
-20.811474	25.696289	9.169836
-21.582771	25.706055	9.1435404
-21.603762	25.71582	9.1191721
-20.708155	25.725586	9.0926828
-20.178547	25.735352	9.0646687
-20.220701	25.745117	9.0372877
-20.144239	25.754883	9.0115433
-21.974613	25.764648	8.9838314
-19.940931	25.774414	8.955884
-21.53467	25.78418	8.9280386
-19.659031	25.793945	8.8995829
-22.191555	25.803711	8.8706646
-20.772406	25.813477	8.8403416
-21.354691	25.823242	8.8119688
-21.462515	25.833008	8.7818756
-20.351891	25.842773	8.7513971
-22.326632	25.852539	8.7203932
-19.975565	25.862305	8.6900053
-21.045805	25.87207	8.6585951
-22.365503	25.881836	8.627182
-21.191895	25.891602	8.5954752
-21.368917	25.901367	8.5645437
-20.965294	25.911133	8.5309582
-22.482023	25.920898	8.4977646
-19.909208	25.930664	8.4642019
-21.62652	25.94043	8.4307861
-19.563105	25.950195	8.3976107
-22.200809	25.959961	8.361742
-20.505802	25.969727	8.328208
-20.599108	25.979492	8.2926826
-19.597309	25.989258	8.2586823
-19.682291	25.999023	8.2218866
-21.043348	26.008789	8.1871395
-19.709787	26.018555	8.1505928
-20.053156	26.02832	8.1156406
-20.165939	26.038086	8.07831
-19.731478	26.047852	8.0413103
-19.543049	26.057617	8.0044899
-18.529325	26.067383	7.9680772
-21.035328	26.077148	7.928647
-22.290356	26.086914	7.8913884
-20.407944	26.09668	7.852459
-24.016924	26.106445	7.8154058
-22.100866	26.116211	7.7757912
-23.877621	26.125977	7.7358394
-21.072746	26.135742	7.6967702
-24.084339	26.145508	7.657258
-20.789577	26.155273	7.6175528
-22.957054	26.165039	7.5776157
-22.048223	26.174805	7.5366077
-21.901878	26.18457	7.4959769
-21.386461	26.194336	7.4539423
-22.909594	26.204102	7.4121699
-22.930988	26.213867	7.370636
-21.696323	26.223633	7.3286057
-24.835869	26.233398	7.2862921
-21.531132	26.243164	7.2437687
-22.4186	26.25293	7.2002068
-22.492186	26.262695	7.1564956
-23.086927	26.272461	7.1137962
-21.041592	26.282227	7.0710869
-23.967051	26.291992	7.0261745
-20.754698	26.301758	6.981957
-23.531284	26.311523	6.9380803
-20.613277	26.321289	6.8920178
-22.8405	26.331055	6.8480821
-20.866888	26.34082	6.8029628
-21.437265	26.350586	6.7572489
-21.614599	26.360352	6.7113681
-22.706146	26.370117	6.6651492
-22.067631	26.379883	6.6187487
-22.044987	26.389648	6.572257
-22.061903	26.399414	6.525661
-21.297287	26.40918	6.4789591
-22.388239	26.418945	6.4322948
-20.954386	26.428711	6.3834682
-21.444923	26.438477	6.3360887
-20.443985	26.448242	6.2872171
-24.0301	26.458008	6.2390552
-21.806358	26.467773	6.1909332
-23.191458	26.477539	6.1425581
-25.28443	26.487305	6.0925379
-23.795723	26.49707	6.0438485
-24.451559	26.506836	5.9958115
-25.361601	26.516602	5.9455352
-22.924133	26.526367	5.895771
-23.72444	26.536133	5.8452101
-23.150118	26.545898	5.7945132
-23.154263	26.555664	5.7456164
-24.048553	26.56543	5.6949301
-21.947176	26.575195	5.6429534
-21.953194	26.584961	5.592823
-23.421961	26.594727	5.5404544
-23.323147	26.604492	5.4886398
-21.169672	26.614258	5.4372044
-24.036842	26.624023	5.3852291
-21.252258	26.633789	5.3322525
-23.982092	26.643555	5.2797542
-22.926937	26.65332	5.226913
-21.759119	26.663086	5.1746173
-22.139587	26.672852	5.1222606
-22.100855	26.682617	5.0696402
-23.036764	26.692383	5.0151601
-21.081161	26.702148	4.9623461
-22.783957	26.711914	4.9090147
-21.035339	26.72168	4.8538594
-22.288795	26.731445	4.7995286
-21.983847	26.741211	4.7467175
-21.061348	26.750977	4.6915503
-21.561493	26.760742	4.6367826
-22.898603	26.770508	4.5822411
-21.498964	26.780273	4.5264139
-20.826132	26.790039	4.4720559
-20.985527	26.799805	4.4161615
-21.542526	26.80957	4.3605642
-23.613136	26.819336	4.3047624
-22.034765	26.829102	4.2499185
-22.16946	26.838867	4.1931272
-23.281492	26.848633	4.1371555
-22.347214	26.858398	4.0799084
-22.978779	26.868164	4.0249867
-22.368074	26.87793	3.9686487
-22.884365	26.887695	3.9106936
-22.992363	26.897461	3.8545191
-24.526775	26.907227	3.7965508
-24.044094	26.916992	3.7389801
-22.774923	26.926758	3.681603
-23.06885	26.936523	3.6236181
-23.880276	26.946289	3.567338
-22.543093	26.956055	3.50945
-24.6619	26.96582	3.4527957
-20.69705	26.975586	3.3931196
-25.811396	26.985352	3.3355565
-20.544138	26.995117	3.2768698
-22.876192	27.004883	3.2186613
-22.424768	27.014648	3.160152
-22.395723	27.024414	3.1010449
-22.674538	27.03418	3.0433729
-22.699718	27.043945	2.9838607
-24.124432	27.053711	2.9249578
-26.198383	27.063477	2.865994
-21.922495	27.073242	2.8061345
-25.177921	27.083008	2.7469425
-24.131163	27.092773	2.6873112
-24.626579	27.102539	2.6287527
-22.799744	27.112305	2.5697141
-26.370213	27.12207	2.509871
-21.010765	27.131836	2.4487586
-24.345751	27.141602	2.389349
-24.374668	27.151367	2.3306103
-27.272898	27.161133	2.2691517
-24.006609	27.170898	2.2083237
-25.564909	27.180664	2.1481543
-25.806133	27.19043	2.0885587
-23.147102	27.200195	2.027729
-28.093857	27.209961	1.9678652
-25.974133	27.219727	1.907897
-28.572117	27.229492	1.8460304
-25.120564	27.239258	1.7864883
-27.878479	27.249023	1.727067
-23.258884	27.258789	1.6637176
-25.282021	27.268555	1.6034946
-22.487074	27.27832	1.5417367
-28.702221	27.288086	1.4814124
-25.85014	27.297852	1.4206634
-27.721247	27.307617	1.3592706
-20.799076	27.317383	1.2974769
-25.862291	27.327148	1.2363046
-20.96314	27.336914	1.174885
-26.051163	27.34668	1.1143625
-21.615076	27.356445	1.0543585
-24.317381	27.366211	0.99087059
-22.198015	27.375977	0.92967004
-24.347811	27.385742	0.86769015
-22.765621	27.395508	0.80760419
-25.072845	27.405273	0.74575543
-20.220724	27.415039	0.68395138
-23.793859	27.424805	0.62243342
-21.562038	27.43457	0.55980235
-22.497471	27.444336	0.49935728
-22.216084	27.454102	0.43691397
-23.544289	27.463867	0.37634075
-22.251009	27.473633	0.31461865
-21.092512	27.483398	0.25262684
-22.303789	27.493164	0.19049346
-21.90863	27.50293	0.12975186
-21.752228	27.512695	0.067183375
-22.930687	27.522461	0.0056177378
-21.153223	27.532227	-0.056357682
-22.69186	27.541992	-0.11727363
-21.451876	27.551758	-0.17940104
-23.047647	27.561523	-0.24150014
-25.47719	27.571289	-0.30286238
-21.149881	27.581055	-0.36413297
-23.212145	27.59082	-0.42436868
-22.941874	27.600586	-0.48693419
-23.036625	27.610352	-0.54801702
-23.612753	27.620117	-0.61041564
-23.159128	27.629883	-0.67117882
-21.806581	27.639648	-0.73255152
-24.592562	27.649414	-0.79488307
-20.147383	27.65918	-0.85842979
-25.251507	27.668945	-0.91920269
-20.417896	27.678711	-0.98044205
-24.257553	27.688477	-1.0410242
-19.013754	27.698242	-1.1026591
-25.275152	27.708008	-1.1634037
-21.385693	27.717773	-1.2255177
-23.733255	27.727539	-1.287149
-21.451561	27.737305	-1.3479136
-21.52737	27.74707	-1.4085613
-23.720867	27.756836	-1.4700718
-21.097948	27.766602	-1.5301704
-23.05368	27.776367	-1.5904129
-22.461939	27.786133	-1.6526699
-23.353193	27.795898	-1.7136298
-22.039272	27.805664	-1.773528
-26.50629	27.81543	-1.8357284
-23.766712	27.825195	-1.8962212
-24.259102	27.834961	-1.9565508
-25.759428	27.844727	-2.0157232
-22.802864	27.854492	-2.0776072
-24.197926	27.864258	-2.1382563
-21.911728	27.874023	-2.1973462
-24.196867	27.883789	-2.2583447
-22.000029	27.893555	-2.318593
-22.989756	27.90332	-2.3784087
-22.724342	27.913086	-2.4387174
-23.161015	27.922852	-2.4987175
-24.399778	27.932617	-2.5581837
-21.074387	27.942383	-2.6175394
-26.427618	27.952148	-2.6764936
-22.368122	27.961914	-2.7359679
-25.850918	27.97168	-2.7953453
-21.405844	27.981445	-2.8545916
-26.62273	27.991211	-2.9130607
-20.421307	28.000977	-2.9727504
-25.557459	28.010742	-3.0316763
-21.689722	28.020508	-3.0896246
-24.309288	28.030273	-3.1485238
-20.743114	28.040039	-3.2077916
-23.9708	28.049805	-3.2654576
-21.879002	28.05957	-3.3241987
-23.290293	28.069336	-3.3822112
-21.896582	28.079102	-3.4401252
-23.349281	28.088867	-3.4970059
-21.469057	28.098633	-3.555794
-28.023392	28.108398	-3.6127672
-22.445038	28.118164	-3.6704428
-23.457327	28.12793	-3.7285447
-25.704269	28.137695	-3.785722
-22.546715	28.147461	-3.8427815
-27.241175	28.157227	-3.8983657
-21.741295	28.166992	-3.9565518
-25.049318	28.176758	-4.0134811
-23.55274	28.186523	-4.0699201
-26.264961	28.196289	-4.1253552
-24.372629	28.206055	-4.1829696
-25.595051	28.21582	-4.2389936
-23.869961	28.225586	-4.295064
-25.319599	28.235352	-4.3506384
-22.557249	28.245117	-4.4064813
-25.551859	28.254883	-4.4621797
-23.645908	28.264648	-4.5172973
-25.382742	28.274414	-4.5723557
-23.001268	28.28418	-4.6280437
-22.940037	28.293945	-4.6815305
-24.947886	28.303711	-4.7358737
-21.88275	28.313477	-4.7909536
-23.986271	28.323242	-4.8451281
-23.313297	28.333008	-4.8994393
-23.946119	28.342773	-4.9531059
-23.058907	28.352539	-5.0058246
-25.594921	28.362305	-5.0598307
-21.572773	28.37207	-5.1129236
-25.373884	28.381836	-5.1660566
-21.169312	28.391602	-5.2186937
-23.896236	28.401367	-5.2702622
-22.207153	28.411133	-5.3225646
-22.828661	28.420898	-5.3756332
-24.570013	28.430664	-5.4275179
-26.069384	28.44043	-5.4788842
-21.07243	28.450195	-5.5322504
-30.172884	28.459961	-5.5814276
-19.399879	28.469727	-5.6332679
-9.5354509	28.479492	-5.6675591
-22.589148	28.489258	-5.6827874
-19.418751	28.499023	-5.690114
-22.37711	28.508789	-5.6924982
-22.476875	28.518555	-5.6926346
-22.520206	28.52832	-5.6934648
-19.636715	28.538086	-5.6927042
-17.043797	28.547852	-5.6927772
-15.685521	28.557617	-5.6932793
-13.490673	28.567383	-5.6915126
-10.591943	28.577148	-5.690773
-8.4434061	28.586914	-5.6904941
-6.1180444	28.59668	-5.6904287
-7.177505	28.606445	-5.6884117
-6.8787718	28.616211	-5.6882186
-5.1588516	28.625977	-5.6870313
-5.9954009	28.635742	-5.6882248
-5.6262941	28.645508	-5.686192
-6.4726686	28.655273	-5.6861243
-4.7885695	28.665039	-5.6853151
-5.6303339	28.674805	-5.684381
-4.783401	28.68457	-5.6837945
-4.2855854	28.694336	-5.6830196
-4.4023385	28.704102	-5.6823025
-3.50771	28.713867	-5.6823111
-3.8253958	28.723633	-5.681251
-3.5122736	28.733398	-5.6806126
-3.7640798	28.743164	-5.6789899
-3.8009138	28.75293	-5.6785836
-2.8558774	28.762695	-5.6780324
-3.059092	28.772461	-5.6779757
-4.2954226	28.782227	-5.6766839
-3.491179	28.791992	-5.676137
-3.2717361	28.801758	-5.6749554
-2.3706117	28.811523	-5.6730227
-3.8330908	28.821289	-5.6737289
-2.3087604	28.831055	-5.6736565
-2.2962341	28.84082	-5.6722956
-3.7149758	28.850586	-5.672132
-3.0001276	28.860352	-5.6716495
-3.1780336	28.870117	-5.6707406
-1.3137585	28.879883	-5.6715498
-3.0024793	28.889648	-5.6701021
-2.1482003	28.899414	-5.6687846
-1.7464393	28.90918	-5.6683092
-2.4731736	28.918945	-5.6672478
-2.2649183	28.928711	-5.6674109
-2.496352	28.938477	-5.6659141
-1.6390928	28.948242	-5.6663761
-2.1981308	28.958008	-5.6653442
-1.9398168	28.967773	-5.6649284
