MTS793|MPT|ENU|1|2|.|/|:|1|0|0|A

Data Acquisition						Time:	14.110352	s	4/10/2018 10:53:54 AM
Axial Force	Running Time	Axial Displacement
N	s	mm
11.821324	0.012695313	-1.2741536
13.103336	0.022460938	-1.2741566
12.974045	0.032226563	-1.2744055
12.550876	0.041992188	-1.2744486
12.27893	0.051757813	-1.2744739
14.888938	0.061523438	-1.2730167
36.219921	0.071289063	-1.2658968
65.918396	0.081054688	-1.249522
44.487305	0.090820313	-1.2187853
60.311646	0.10058594	-1.1760086
76.987717	0.11035156	-1.1219368
50.208233	0.12011719	-1.0562942
71.044426	0.12988281	-0.9799242
73.532608	0.13964844	-0.89118481
59.425865	0.14941406	-0.79034567
72.432907	0.15917969	-0.68255961
74.380905	0.16894531	-0.56521595
75.772758	0.17871094	-0.4359901
81.952957	0.18847656	-0.29735416
80.109642	0.19824219	-0.153929
93.35112	0.20800781	-0.00070780516
89.631828	0.21777344	0.15984178
93.40181	0.22753906	0.3271535
98.612946	0.23730469	0.50096065
82.806709	0.24707031	0.68027377
86.548325	0.25683594	0.86212456
90.837921	0.26660156	1.0479122
72.372253	0.27636719	1.2390659
88.573303	0.28613281	1.432003
81.326454	0.29589844	1.6248598
96.638954	0.30566406	1.8194765
105.20278	0.31542969	2.0144403
94.707947	0.32519531	2.2095993
102.40359	0.33496094	2.4041057
79.059471	0.34472656	2.5931075
92.853645	0.35449219	2.7796552
75.288986	0.36425781	2.9663949
71.210838	0.37402344	3.1456158
76.557373	0.38378906	3.320925
66.33007	0.39355469	3.4929349
81.044983	0.40332031	3.6559746
66.171394	0.41308594	3.8141279
77.432991	0.42285156	3.9624736
67.093079	0.43261719	4.1051941
71.070076	0.44238281	4.2393789
64.569344	0.45214844	4.3647871
61.681721	0.46191406	4.4813142
53.85714	0.47167969	4.5894547
48.233856	0.48144531	4.6884971
57.054504	0.49121094	4.7761545
29.390968	0.50097656	4.8502669
52.062141	0.51074219	4.9149976
42.735661	0.52050781	4.9699559
16.965567	0.53027344	5.0142484
40.069294	0.54003906	5.0460176
33.443619	0.54980469	5.06569
21.654413	0.55957031	5.0724311
10.796834	0.56933594	5.0666766
-12.254808	0.57910156	5.0423727
-11.224183	0.58886719	4.9985604
-14.397258	0.59863281	4.9367266
-20.929054	0.60839844	4.8562093
-29.724485	0.61816406	4.756628
-40.610889	0.62792969	4.6346111
-48.6656	0.63769531	4.4924245
-58.202332	0.64746094	4.3354526
-69.459221	0.65722656	4.1614609
-133.86147	0.66699219	3.9733052
-102.21687	0.67675781	3.7690282
-60.730034	0.68652344	3.5519421
-96.929359	0.69628906	3.3225865
-84.041222	0.70605469	3.0817599
-76.853554	0.71582031	2.8322725
-98.314278	0.72558594	2.5703816
-94.922585	0.73535156	2.2976012
-117.16957	0.74511719	2.0150199
-111.13484	0.75488281	1.7237157
-107.12112	0.76464844	1.4263823
-106.42179	0.77441406	1.1271014
-85.059807	0.78417969	0.81975162
-85.581467	0.79394531	0.51281154
-114.84579	0.80371094	0.20250678
-99.363243	0.81347656	-0.10873824
-135.97594	0.82324219	-0.41878521
-92.977448	0.83300781	-0.72748512
-96.167717	0.84277344	-1.0309801
-81.603317	0.85253906	-1.3318151
-72.793991	0.86230469	-1.6289248
-90.566093	0.87207031	-1.9168854
-80.249527	0.88183594	-2.201961
-81.986443	0.89160156	-2.4759948
-78.216728	0.90136719	-2.739501
-64.423477	0.91113281	-2.9938459
-59.229729	0.92089844	-3.237921
-58.640747	0.93066406	-3.4656122
-56.681179	0.94042969	-3.6827922
-53.558777	0.95019531	-3.885679
-52.00235	0.95996094	-4.0743918
-49.051701	0.96972656	-4.2462974
-46.27269	0.97949219	-4.40381
-43.686737	0.98925781	-4.5460939
-39.838394	0.99902344	-4.6675816
-36.086773	1.0087891	-4.7723575
-30.330812	1.0185547	-4.8640223
-25.337574	1.0283203	-4.9369068
-19.883249	1.0380859	-4.9916534
-14.710415	1.0478516	-5.0294371
-10.819884	1.0576172	-5.0502286
-6.3142276	1.0673828	-5.052568
-4.441	1.0771484	-5.0363898
2.6973081	1.0869141	-4.9979477
70.798172	1.0966797	-4.9428148
83.789902	1.1064453	-4.8648238
49.82534	1.1162109	-4.7647624
93.433861	1.1259766	-4.6503487
77.039406	1.1357422	-4.5131578
77.062103	1.1455078	-4.3593125
91.57959	1.1552734	-4.1895137
81.960167	1.1650391	-4.0049582
90.665504	1.1748047	-3.8020639
96.143341	1.1845703	-3.5870581
92.719162	1.1943359	-3.3569322
92.493698	1.2041016	-3.1141832
107.45323	1.2138672	-2.8589816
92.352623	1.2236328	-2.5936365
111.71221	1.2333984	-2.3194818
101.27931	1.2431641	-2.0360975
110.04789	1.2529297	-1.746659
110.18076	1.2626953	-1.4531746
96.258392	1.2724609	-1.1514485
99.381638	1.2822266	-0.84663332
109.51	1.2919922	-0.53614974
107.83656	1.3017578	-0.22627264
130.88274	1.3115234	0.083367527
116.09032	1.3212891	0.39319694
105.0751	1.3310547	0.70117265
111.00267	1.3408203	1.0066539
97.97081	1.3505859	1.3092458
92.786995	1.3603516	1.6078711
111.34425	1.3701172	1.8952429
108.15433	1.3798828	2.1785543
107.15147	1.3896484	2.4513483
100.52148	1.3994141	2.7179151
76.946228	1.4091797	2.9736564
80.190659	1.4189453	3.215301
76.493477	1.4287109	3.446816
66.573616	1.4384766	3.6671088
74.645729	1.4482422	3.8718491
75.564522	1.4580078	4.0605083
61.688656	1.4677734	4.2354627
70.434074	1.4775391	4.39467
54.837921	1.4873047	4.5358791
56.080208	1.4970703	4.6619697
45.847511	1.5068359	4.7707543
37.751137	1.5166016	4.8636541
38.588932	1.5263672	4.9390421
35.748055	1.5361328	4.9967213
12.922077	1.5458984	5.0375385
26.687643	1.5556641	5.0563617
17.118547	1.5654297	5.0599351
0.95295256	1.5751953	5.0431595
-10.134815	1.5849609	5.0077305
-11.60031	1.5947266	4.9573407
-18.664438	1.6044922	4.8836155
-27.313398	1.6142578	4.7899113
-36.344349	1.6240234	4.6750231
-44.738338	1.6337891	4.5428591
-54.299065	1.6435547	4.3946071
-62.478672	1.6533203	4.2242036
-71.772469	1.6630859	4.0439787
-153.86296	1.6728516	3.844738
-64.310234	1.6826172	3.6292701
-72.380859	1.6923828	3.4056559
-151.19997	1.7021484	3.1693637
-62.591358	1.7119141	2.922003
-71.714676	1.7216797	2.665019
-139.7711	1.7314453	2.3996024
-100.8745	1.7412109	2.1224186
-146.37753	1.7509766	1.8350244
-135.2683	1.7607422	1.5402839
-74.244202	1.7705078	1.2366086
-115.13205	1.7802734	0.93625784
-84.999435	1.7900391	0.62889308
-117.63249	1.7998047	0.31910688
-113.55246	1.8095703	0.0069335103
-113.4771	1.8193359	-0.30267686
-106.45247	1.8291016	-0.61166883
-96.796104	1.8388672	-0.91887563
-88.438225	1.8486328	-1.221621
-74.364388	1.8583984	-1.5192018
-89.632813	1.8681641	-1.81036
-75.035889	1.8779297	-2.0931811
-94.914131	1.8876953	-2.3699389
-74.765953	1.8974609	-2.6387393
-64.59053	1.9072266	-2.8975918
-60.175476	1.9169922	-3.1490743
-58.779366	1.9267578	-3.380482
-57.955181	1.9365234	-3.603004
-56.530701	1.9462891	-3.8125708
-54.44833	1.9560547	-4.0088921
-52.027031	1.9658203	-4.1891756
-48.070435	1.9755859	-4.3511524
-44.072151	1.9853516	-4.4993057
-41.885361	1.9951172	-4.6296301
-37.384697	2.0048828	-4.7405615
-32.93996	2.0146484	-4.8366413
-26.542332	2.0244141	-4.9179764
-23.018719	2.0341797	-4.9799261
-17.239328	2.0439453	-5.0240054
-13.503444	2.0537109	-5.0526781
-9.5822153	2.0634766	-5.064261
-6.3884768	2.0732422	-5.0518007
-0.9028241	2.0830078	-5.0211625
7.5087767	2.0927734	-4.97223
123.25385	2.1025391	-4.9067812
34.268127	2.1123047	-4.8127427
85.141922	2.1220703	-4.7045035
87.714119	2.1318359	-4.5762224
69.781677	2.1416016	-4.4277387
84.754227	2.1513672	-4.2650518
94.753845	2.1611328	-4.085341
80.648262	2.1708984	-3.8906097
97.493057	2.1806641	-3.6822052
99.354797	2.1904297	-3.4586296
85.880119	2.2001953	-3.2190666
103.07993	2.2099609	-2.970983
92.15667	2.2197266	-2.7095511
100.45539	2.2294922	-2.4382188
107.55563	2.2392578	-2.1592469
108.13342	2.2490234	-1.871182
114.3418	2.2587891	-1.5785724
103.80322	2.2685547	-1.2781606
88.074097	2.2783203	-0.97385496
114.82248	2.2880859	-0.66822469
106.77431	2.2978516	-0.35737455
113.58508	2.3076172	-0.048108399
120.18198	2.3173828	0.26272982
111.34309	2.3271484	0.57181865
110.85007	2.3369141	0.8782208
94.739037	2.3466797	1.1815548
98.140213	2.3564453	1.4805779
98.790619	2.3662109	1.7752916
110.11852	2.3759766	2.0593584
113.11278	2.3857422	2.338603
93.854469	2.3955078	2.6082635
97.162598	2.4052734	2.8688045
73.659569	2.4150391	3.1184628
77.623322	2.4248047	3.3507168
76.956825	2.4345703	3.5727799
79.398003	2.4443359	3.7857666
61.208755	2.4541016	3.9803281
90.312317	2.4638672	4.1616783
54.403252	2.4736328	4.3265743
68.218651	2.4833984	4.4758067
50.779362	2.4931641	4.6089039
36.420395	2.5029297	4.7257466
56.049458	2.5126953	4.8231082
27.837069	2.5224609	4.9070282
44.058933	2.5322266	4.9715204
17.899879	2.5419922	5.0167575
14.535315	2.5517578	5.0447001
19.380404	2.5615234	5.0527349
7.0844078	2.5712891	5.0455408
-9.7830782	2.5810547	5.0162091
-11.473009	2.5908203	4.9736009
-16.763853	2.6005859	4.9075203
-25.270088	2.6103516	4.8225389
-32.785885	2.6201172	4.7175484
-42.180054	2.6298828	4.5941787
-50.000462	2.6396484	4.4494019
-60.66946	2.6494141	4.2881236
-68.443085	2.6591797	4.1150494
-88.255295	2.6689453	3.9218888
-122.618	2.6787109	3.7141755
-61.623337	2.6884766	3.4919336
-123.08203	2.6982422	3.2623932
-113.67979	2.7080078	3.0199766
-63.528797	2.7177734	2.7666926
-109.45264	2.7275391	2.5063574
-111.71237	2.7373047	2.2302628
-109.12428	2.7470703	1.9460917
-144.81467	2.7568359	1.6559541
-108.19959	2.7666016	1.3568312
-88.333481	2.7763672	1.0532095
-98.165939	2.7861328	0.74844658
-91.487938	2.7958984	0.44147819
-129.98196	2.8056641	0.12989491
-108.53673	2.8154297	-0.18202364
-123.6995	2.8251953	-0.49077421
-91.81588	2.8349609	-0.80067068
-87.989166	2.8447266	-1.1039555
-88.249054	2.8544922	-1.404202
-70.960495	2.8642578	-1.6999424
-85.046539	2.8740234	-1.9843147
-81.270027	2.8837891	-2.2647188
-84.977989	2.8935547	-2.5367289
-67.947342	2.9033203	-2.7975752
-60.417107	2.9130859	-3.0513704
-57.24371	2.9228516	-3.2910392
-59.420116	2.9326172	-3.5186992
-56.656719	2.9423828	-3.7352965
-55.307312	2.9521484	-3.9379091
-52.246254	2.9619141	-4.1184292
-49.801567	2.9716797	-4.2838306
-45.166363	2.9814453	-4.4401393
-43.168465	2.9912109	-4.5792999
-37.41692	3.0009766	-4.6974974
-33.782154	3.0107422	-4.8019094
-27.658033	3.0205078	-4.8899651
-23.481552	3.0302734	-4.959826
-18.793356	3.0400391	-5.0115662
-14.172483	3.0498047	-5.0449982
-10.77879	3.0595703	-5.0632281
-6.3892336	3.0693359	-5.0619946
-1.5252037	3.0791016	-5.0401764
4.955195	3.0888672	-4.997252
108.55405	3.0986328	-4.9380345
53.609482	3.1083984	-4.853672
67.619911	3.1181641	-4.753335
95.358994	3.1279297	-4.6344237
61.589687	3.1376953	-4.494339
91.892235	3.1474609	-4.3388309
73.397919	3.1572266	-4.1641846
90.835007	3.1669922	-3.9758801
83.905708	3.1767578	-3.7724705
103.56926	3.1865234	-3.5546019
88.501495	3.1962891	-3.3205404
88.595024	3.2060547	-3.0735641
103.96033	3.2158203	-2.8187037
86.459892	3.2255859	-2.5525899
111.52081	3.2353516	-2.2743211
104.78986	3.2451172	-1.9902394
107.62757	3.2548828	-1.6989186
113.784	3.2646484	-1.4002562
84.214355	3.2744141	-1.0989785
119.5732	3.2841797	-0.79193413
90.374565	3.2939453	-0.48415512
125.44325	3.3037109	-0.17534196
120.84811	3.3134766	0.13673902
108.29018	3.3232422	0.44679344
110.98034	3.3330078	0.75416416
96.627647	3.3427734	1.059936
104.38496	3.3525391	1.358609
88.028427	3.3623047	1.65402
119.71043	3.3720703	1.9435301
100.28443	3.3818359	2.2261963
108.87826	3.3916016	2.4979055
93.009453	3.4013672	2.7630091
77.036598	3.4111328	3.0158565
82.473358	3.4208984	3.2569513
69.42038	3.4306641	3.484951
73.859535	3.4404297	3.6993117
73.847694	3.4501953	3.9011405
72.210266	3.4599609	4.0874629
63.969345	3.4697266	4.2608619
64.181488	3.4794922	4.4187531
53.888062	3.4892578	4.5588031
53.505245	3.4990234	4.6797976
49.787292	3.5087891	4.7837453
37.547565	3.5185547	4.8724875
44.474514	3.5283203	4.9453182
31.214651	3.5380859	4.9982562
13.217353	3.5478516	5.0347047
24.789515	3.5576172	5.0516739
11.656759	3.5673828	5.0521626
-2.6867259	3.5771484	5.0315423
-9.6783743	3.5869141	4.9909725
-14.811184	3.5966797	4.9340053
-21.794195	3.6064453	4.8585191
-30.002207	3.6162109	4.7603474
-39.711689	3.6259766	4.6452985
-48.211403	3.6357422	4.5096145
-59.309975	3.6455078	4.3537602
-67.84333	3.6552734	4.1865082
-139.97154	3.6650391	4.0006561
-91.870338	3.6748047	3.7961245
-58.240547	3.6845703	3.5790443
-71.128044	3.6943359	3.3556893
-116.75111	3.7041016	3.1205401
-97.213913	3.7138672	2.8713748
-90.148529	3.7236328	2.6110678
-109.17923	3.7333984	2.3424208
-103.80391	3.7431641	2.0577073
-123.21211	3.7529297	1.771459
-122.06464	3.7626953	1.4786214
-106.52647	3.7724609	1.1760488
-76.918327	3.7822266	0.87209642
-109.64014	3.7919922	0.56260526
-92.298332	3.8017578	0.25074333
-128.7757	3.8115234	-0.055982172
-119.51239	3.8212891	-0.36842525
-97.386147	3.8310547	-0.67621469
-104.83931	3.8408203	-0.98406225
-61.150486	3.8505859	-1.285331
-83.28524	3.8603516	-1.5798151
-92.468063	3.8701172	-1.8699839
-78.151375	3.8798828	-2.1545739
-80.166428	3.8896484	-2.4293795
-82.514107	3.8994141	-2.6941895
-58.918064	3.9091797	-2.953115
-58.651672	3.9189453	-3.1979158
-56.768055	3.9287109	-3.4297795
-58.24786	3.9384766	-3.6519675
-55.026043	3.9482422	-3.8598061
-54.637402	3.9580078	-4.0474029
-51.417389	3.9677734	-4.2233558
-49.311039	3.9775391	-4.3816285
-42.74015	3.9873047	-4.5264335
-38.97818	3.9970703	-4.6550527
-34.525955	4.0068359	-4.7655401
-31.088572	4.0166016	-4.8564105
-24.105259	4.0263672	-4.9312339
-19.979837	4.0361328	-4.9922361
-15.504704	4.0458984	-5.0343661
-10.312127	4.0556641	-5.0579219
-5.6433144	4.0654297	-5.0644011
-2.5974004	4.0751953	-5.0530119
2.8692303	4.0849609	-5.0186453
63.272095	4.0947266	-4.9661846
91.51812	4.1044922	-4.8919053
33.350994	4.1142578	-4.7949462
105.67177	4.1240234	-4.6832232
68.5783	4.1337891	-4.550983
84.846428	4.1435547	-4.4034777
88.193283	4.1533203	-4.2374969
81.735611	4.1630859	-4.0531249
79.601524	4.1728516	-3.8557081
106.69207	4.1826172	-3.6442995
84.298569	4.1923828	-3.4153476
88.589241	4.2021484	-3.1737282
101.92658	4.2119141	-2.9233322
89.027466	4.2216797	-2.6588454
109.76606	4.2314453	-2.3864655
96.939842	4.2412109	-2.1039293
103.55447	4.2509766	-1.8153667
114.43108	4.2607422	-1.5217274
96.340996	4.2705078	-1.2198061
97.574318	4.2802734	-0.91334581
98.100891	4.2900391	-0.60716122
111.84725	4.2998047	-0.29814988
123.76796	4.3095703	0.01065135
118.17263	4.3193359	0.32198429
109.29183	4.3291016	0.63168108
105.92397	4.3388672	0.93762279
97.249374	4.3486328	1.2410567
90.153679	4.3583984	1.5382767
112.28171	4.3681641	1.8275142
109.49396	4.3779297	2.1125362
103.76111	4.3876953	2.3891017
105.81905	4.3974609	2.6570394
79.933083	4.4072266	2.9154227
90.19796	4.4169922	3.1614184
68.944351	4.4267578	3.3955841
65.010124	4.4365234	3.616622
83.7798	4.4462891	3.8231194
69.853485	4.4560547	4.016088
73.886345	4.4658203	4.1928754
67.665253	4.4755859	4.356946
72.721581	4.4853516	4.501967
53.719181	4.4951172	4.6328025
45.159409	4.5048828	4.7444539
50.512814	4.5146484	4.8378363
32.407017	4.5244141	4.917757
45.143036	4.5341797	4.9783273
13.894902	4.5439453	5.0221963
21.505543	4.5537109	5.0466733
17.984758	4.5634766	5.0539689
4.0983548	4.5732422	5.0402269
-9.6250095	4.5830078	5.0078526
-14.439737	4.5927734	4.9560533
-19.230286	4.6025391	4.8896775
-27.259068	4.6123047	4.8007293
-36.157482	4.6220703	4.6915159
-46.699131	4.6318359	4.5626507
-52.726341	4.6416016	4.4183745
-63.423874	4.6513672	4.2559266
-71.515236	4.6611328	4.0742216
-177.64395	4.6708984	3.8829536
-60.062321	4.6806641	3.6683261
-61.224472	4.6904297	3.4447522
-72.01915	4.7001953	3.2124653
-117.26353	4.7099609	2.9714391
-92.020401	4.7197266	2.7147338
-112.5528	4.7294922	2.4473011
-108.66986	4.7392578	2.1722212
-129.71506	4.7490234	1.8891587
-126.84824	4.7587891	1.59636
-124.01005	4.7685547	1.296863
-110.85547	4.7783203	0.99333376
-68.075302	4.7880859	0.68530291
-107.97733	4.7978516	0.37781298
-112.69576	4.8076172	0.070086122
-121.72475	4.8173828	-0.2411142
-125.75043	4.8271484	-0.55389702
-89.862221	4.8369141	-0.86443722
-74.344757	4.8466797	-1.1656672
-86.402191	4.8564453	-1.4618397
-71.832512	4.8662109	-1.7569244
-90.889542	4.8759766	-2.0416365
-84.953056	4.8857422	-2.3186789
-83.133018	4.8955078	-2.5876851
-68.486023	4.9052734	-2.8476775
-60.012016	4.9150391	-3.100343
-58.077614	4.9248047	-3.3392191
-57.565826	4.9345703	-3.5658836
-57.325768	4.9443359	-3.7780359
-53.429337	4.9541016	-3.9757655
-53.027145	4.9638672	-4.1542292
-47.745182	4.9736328	-4.3204174
-46.548271	4.9833984	-4.4736295
-39.252846	4.9931641	-4.6059771
-36.958813	5.0029297	-4.7220736
-31.482044	5.0126953	-4.8231483
-27.410162	5.0224609	-4.903285
-20.451239	5.0322266	-4.9692273
-18.911564	5.0419922	-5.0209136
-13.115035	5.0517578	-5.0517902
-9.4352865	5.0615234	-5.0668674
-4.2622561	5.0712891	-5.0641208
-1.1541531	5.0810547	-5.0369039
7.1222196	5.0908203	-4.9924374
129.2618	5.1005859	-4.9265265
29.734592	5.1103516	-4.8355432
85.53791	5.1201172	-4.7328429
84.011803	5.1298828	-4.6105371
69.566963	5.1396484	-4.4670162
81.428749	5.1494141	-4.3072386
77.68969	5.1591797	-4.1317883
92.685036	5.1689453	-3.9403989
85.024078	5.1787109	-3.7331491
110.0125	5.1884766	-3.5119727
81.360985	5.1982422	-3.2737687
101.89217	5.2080078	-3.0248909
96.45887	5.2177734	-2.7669101
93.987381	5.2275391	-2.4966836
112.19116	5.2373047	-2.2185445
100.53148	5.2470703	-1.9332856
115.48041	5.2568359	-1.6403764
98.146278	5.2666016	-1.3398111
96.523361	5.2763672	-1.0383576
108.76041	5.2861328	-0.73283166
104.24722	5.2958984	-0.42303056
124.57877	5.3056641	-0.11209249
118.92782	5.3154297	0.19624233
117.58294	5.3251953	0.50633103
95.369263	5.3349609	0.8137241
105.57207	5.3447266	1.1164874
92.919975	5.3544922	1.4174849
98.296127	5.3642578	1.7120719
115.80977	5.3740234	1.9988909
107.83477	5.3837891	2.2797556
99.866203	5.3935547	2.5499344
100.323	5.4033203	2.8115258
78.192047	5.4130859	3.062068
73.652702	5.4228516	3.3020661
72.071182	5.4326172	3.5283878
73.94165	5.4423828	3.7415431
64.883087	5.4521484	3.9392188
82.360031	5.4619141	4.1233926
76.237976	5.4716797	4.292181
61.781147	5.4814453	4.4453249
45.750977	5.4912109	4.5818195
51.807304	5.5009766	4.699604
51.487579	5.5107422	4.8009915
29.136183	5.5205078	4.8877316
44.638165	5.5302734	4.9537702
24.538172	5.5400391	5.0044789
11.776469	5.5498047	5.035831
22.922911	5.5595703	5.0506101
7.4982409	5.5693359	5.0468488
-10.650349	5.5791016	5.0196366
-11.556281	5.5888672	4.9777789
-17.246231	5.5986328	4.9179358
-22.40938	5.6083984	4.8382564
-31.656168	5.6181641	4.7392116
-39.858231	5.6279297	4.6194568
-48.926132	5.6376953	4.4762149
-57.099049	5.6474609	4.3222027
-67.504913	5.6572266	4.147047
-144.53831	5.6669922	3.9636598
-124.41848	5.6767578	3.7567735
-59.635345	5.6865234	3.537123
-76.515228	5.6962891	3.3119752
-110.81877	5.7060547	3.0703604
-77.069504	5.7158203	2.8204978
-119.25292	5.7255859	2.558136
-96.263504	5.7353516	2.2855654
-131.52519	5.7451172	2.0057275
-119.22633	5.7548828	1.7139659
-100.8904	5.7646484	1.4177217
-139.82384	5.7744141	1.1166036
-83.662521	5.7841797	0.80928057
-92.400307	5.7939453	0.50187111
-100.23471	5.8037109	0.19153357
-118.08038	5.8134766	-0.11805147
-116.18533	5.8232422	-0.42913109
-112.88612	5.8330078	-0.73720068
-85.474716	5.8427734	-1.0417372
-74.266991	5.8525391	-1.3429403
-77.791115	5.8623047	-1.6389713
-81.42926	5.8720703	-1.9271448
-90.95282	5.8818359	-2.2071912
-79.902382	5.8916016	-2.4815097
-71.843155	5.9013672	-2.746664
-62.051533	5.9111328	-3.0006051
-59.316109	5.9208984	-3.2431617
-57.362545	5.9306641	-3.4729421
-56.989525	5.9404297	-3.6901102
-55.776783	5.9501953	-3.8977385
-52.941067	5.9599609	-4.0837107
-50.039112	5.9697266	-4.2566853
-46.678238	5.9794922	-4.4118881
-42.886703	5.9892578	-4.5536699
-39.269215	5.9990234	-4.6753464
-35.20739	6.0087891	-4.7834129
-29.375357	6.0185547	-4.875174
-24.161709	6.0283203	-4.9513845
-19.233068	6.0380859	-5.005239
-14.564232	6.0478516	-5.0413342
-10.125689	6.0576172	-5.0655322
-7.470418	6.0673828	-5.0701289
-0.7163384	6.0771484	-5.0514655
3.3891411	6.0869141	-5.0142913
98.375519	6.0966797	-4.9570112
60.472061	6.1064453	-4.877481
56.051132	6.1162109	-4.7807989
98.425148	6.1259766	-4.6650023
59.390034	6.1357422	-4.5269594
95.365692	6.1455078	-4.3774977
78.653023	6.1552734	-4.2059107
83.390594	6.1650391	-4.0199771
85.861496	6.1748047	-3.8193808
96.810661	6.1845703	-3.6032066
85.658752	6.1943359	-3.3736377
94.975723	6.2041016	-3.1304657
99.882416	6.2138672	-2.8745725
85.075127	6.2236328	-2.6079669
108.90211	6.2333984	-2.3333192
100.37696	6.2431641	-2.0507381
110.60993	6.2529297	-1.7592356
113.94324	6.2626953	-1.4636397
95.145309	6.2724609	-1.162456
105.44946	6.2822266	-0.85794777
102.48392	6.2919922	-0.54885596
111.10004	6.3017578	-0.23927093
129.38965	6.3115234	0.0718683
112.42284	6.3212891	0.3818363
115.60497	6.3310547	0.69234371
93.73542	6.3408203	0.99817663
102.15105	6.3505859	1.2985303
90.61396	6.3603516	1.5964165
103.94286	6.3701172	1.8856287
122.8146	6.3798828	2.1668971
108.21379	6.3896484	2.4428382
100.96868	6.3994141	2.7091548
94.311836	6.4091797	2.9653072
76.995003	6.4189453	3.2089963
72.83326	6.4287109	3.4392848
73.062775	6.4384766	3.6575289
74.538559	6.4482422	3.8607092
83.68277	6.4580078	4.0512161
72.940056	6.4677734	4.2261705
65.465195	6.4775391	4.3847604
61.772518	6.4873047	4.5279517
62.151978	6.4970703	4.6552019
41.804829	6.5068359	4.7634616
40.980026	6.5166016	4.8548923
38.583008	6.5263672	4.9283042
38.078083	6.5361328	4.987164
12.578257	6.5458984	5.0246997
19.374594	6.5556641	5.0468607
12.002617	6.5654297	5.0498948
-0.62672186	6.5751953	5.0328894
-10.6144	6.5849609	4.9980087
-13.781071	6.5947266	4.9448595
-20.051584	6.6044922	4.8729286
-28.542942	6.6142578	4.7800674
-36.389393	6.6240234	4.6697574
-45.511002	6.6337891	4.5407696
-54.520695	6.6435547	4.3897614
-65.049515	6.6533203	4.2221932
-76.940056	6.6630859	4.0382967
-155.95308	6.6728516	3.8427563
-59.902576	6.6826172	3.6265209
-86.219284	6.6923828	3.4033134
-116.357	6.7021484	3.1684041
-62.416599	6.7119141	2.9231846
-96.691261	6.7216797	2.6665688
-103.02534	6.7314453	2.3976593
-102.7718	6.7412109	2.1204963
-143.90193	6.7509766	1.8325269
-83.193764	6.7607422	1.5367672
-121.02024	6.7705078	1.2401059
-86.940659	6.7802734	0.93458593
-87.202225	6.7900391	0.628528
-118.68153	6.7998047	0.31626374
-92.154343	6.8095703	0.0085830688
-142.81087	6.8193359	-0.30097663
-87.663765	6.8291016	-0.61313659
-102.69361	6.8388672	-0.9214133
-85.932533	6.8486328	-1.2213916
-69.841415	6.8583984	-1.5219376
-79.573387	6.8681641	-1.8114939
-93.192146	6.8779297	-2.0969524
-79.640839	6.8876953	-2.3739948
-79.328148	6.8974609	-2.6405857
-63.21542	6.9072266	-2.899246
-59.348614	6.9169922	-3.1484694
-57.648483	6.9267578	-3.3831537
-57.69059	6.9365234	-3.6067009
-55.468784	6.9462891	-3.8162172
-53.117168	6.9560547	-4.0115027
-51.462498	6.9658203	-4.1878819
-47.723824	6.9755859	-4.3513627
-45.511303	6.9853516	-4.5017271
-42.026024	6.9951172	-4.6306534
-37.489399	7.0048828	-4.7417507
-32.12476	7.0146484	-4.8370361
-27.377111	7.0244141	-4.9194546
-21.199125	7.0341797	-4.9835877
-16.53512	7.0439453	-5.0302954
-11.813093	7.0537109	-5.0596728
-6.0385909	7.0634766	-5.0676866
-3.1464384	7.0732422	-5.0607281
1.9807369	7.0830078	-5.0316124
47.989075	7.0927734	-4.9833641
103.71029	7.1025391	-4.9129577
29.654171	7.1123047	-4.819952
102.72575	7.1220703	-4.7140641
65.066002	7.1318359	-4.5833468
79.2715	7.1416016	-4.4396071
86.241531	7.1513672	-4.2761803
83.315491	7.1611328	-4.096015
82.273857	7.1708984	-3.9009571
100.43105	7.1806641	-3.6920116
87.604317	7.1904297	-3.4657807
91.165115	7.2001953	-3.2269344
101.39411	7.2099609	-2.9753923
85.639359	7.2197266	-2.7169242
108.46251	7.2294922	-2.4451165
102.42358	7.2392578	-2.1651134
104.89155	7.2490234	-1.8761084
118.14776	7.2587891	-1.5837655
93.724815	7.2685547	-1.2844608
104.59828	7.2783203	-0.97965002
102.98101	7.2880859	-0.6693095
102.00717	7.2978516	-0.36194623
132.04779	7.3076172	-0.05364567
108.44923	7.3173828	0.26057214
118.89059	7.3271484	0.56772381
101.32401	7.3369141	0.8753255
100.09778	7.3466797	1.1776835
89.24649	7.3564453	1.4766157
96.350853	7.3662109	1.7684386
111.40388	7.3759766	2.0543485
105.76234	7.3857422	2.3348079
106.98766	7.3955078	2.6023536
83.321144	7.4052734	2.8628559
75.01638	7.4150391	3.1108215
79.966324	7.4248047	3.347096
63.434914	7.4345703	3.5704284
74.964661	7.4443359	3.7816076
70.138229	7.4541016	3.9774151
77.021286	7.4638672	4.1578131
60.635647	7.4736328	4.3251648
61.81398	7.4833984	4.4728055
51.324196	7.4931641	4.605444
42.278633	7.5029297	4.7209158
53.103329	7.5126953	4.8197703
25.34585	7.5224609	4.9009757
46.731533	7.5322266	4.9654202
20.746666	7.5419922	5.0137086
14.296862	7.5517578	5.0424175
18.134295	7.5615234	5.0518498
6.2145176	7.5712891	5.0430164
-10.846252	7.5810547	5.0142274
-13.259892	7.5908203	4.9670086
-18.426346	7.6005859	4.9045281
-24.774599	7.6103516	4.8194332
-33.600979	7.6201172	4.7146811
-41.662262	7.6298828	4.591681
-50.12434	7.6396484	4.4529662
-58.689178	7.6494141	4.2902513
-67.378166	7.6591797	4.1144967
-80.93882	7.6689453	3.9238021
-138.45432	7.6787109	3.7172272
-62.464901	7.6884766	3.4936042
-115.11794	7.6982422	3.2658026
-96.632233	7.7080078	3.0236154
-70.648781	7.7177734	2.7699158
-120.68355	7.7275391	2.5065274
-98.434669	7.7373047	2.2317901
-124.26449	7.7470703	1.9491941
-136.60358	7.7568359	1.6588002
-106.10136	7.7666016	1.3613627
-99.240616	7.7763672	1.0574937
-95.472466	7.7861328	0.74979365
-111.31507	7.7958984	0.44084936
-128.45103	7.8056641	0.13004392
-99.458733	7.8154297	-0.17996728
-136.04391	7.8251953	-0.48847795
-81.044228	7.8349609	-0.79738051
-98.387939	7.8447266	-1.1008427
-89.805717	7.8544922	-1.4005303
-71.054321	7.8642578	-1.698406
-85.44207	7.8740234	-1.9857794
-91.287186	7.8837891	-2.2635565
-75.418106	7.8935547	-2.5342689
-79.098534	7.9033203	-2.7952461
-57.836136	7.9130859	-3.049387
-57.227909	7.9228516	-3.2900379
-61.162968	7.9326172	-3.5171673
-55.09787	7.9423828	-3.7330806
-55.55098	7.9521484	-3.9351435
-51.78738	7.9619141	-4.1195645
-49.855022	7.9716797	-4.2898641
-46.399597	7.9814453	-4.4405012
-43.751369	7.9912109	-4.5779424
-39.193626	8.0009766	-4.70154
-34.991325	8.0107422	-4.8014536
-29.060699	8.0205078	-4.8894882
-25.201599	8.0302734	-4.9566269
-18.003967	8.0400391	-5.0101161
-12.833998	8.0498047	-5.0454035
-8.276268	8.0595703	-5.0659046
-5.7449331	8.0693359	-5.0635681
1.0745484	8.0791016	-5.0426469
8.3565941	8.0888672	-5.0029321
117.50783	8.0986328	-4.9453855
43.720821	8.1083984	-4.861413
74.712799	8.1181641	-4.7590108
90.886879	8.1279297	-4.6387463
61.83606	8.1376953	-4.4993906
92.874725	8.1474609	-4.3438869
74.619835	8.1572266	-4.1705294
88.547478	8.1669922	-3.9812281
81.624245	8.1767578	-3.7791178
104.8764	8.1865234	-3.5602317
85.432404	8.1962891	-3.326273
88.236305	8.2060547	-3.0814588
104.47577	8.2158203	-2.8239191
88.812363	8.2255859	-2.5548756
107.70966	8.2353516	-2.2786841
103.70963	8.2451172	-1.9946694
109.70543	8.2548828	-1.7025322
109.63663	8.2646484	-1.4040067
92.634598	8.2744141	-1.1006564
105.18219	8.2841797	-0.7955119
117.18656	8.2939453	-0.48533678
106.566	8.3037109	-0.17502159
131.40553	8.3134766	0.13424307
113.5181	8.3232422	0.44476539
104.50507	8.3330078	0.75111985
107.31828	8.3427734	1.0562569
94.369102	8.3525391	1.3571024
92.089729	8.3623047	1.6534104
111.26414	8.3720703	1.9422903
105.36623	8.3818359	2.2236958
108.85744	8.3916016	2.4954736
101.62518	8.4013672	2.7593136
83.311081	8.4111328	3.01314
77.630226	8.4208984	3.2541127
75.021423	8.4306641	3.4814715
85.251328	8.4404297	3.6980107
56.585217	8.4501953	3.9020226
82.784584	8.4599609	4.0868549
66.110985	8.4697266	4.257782
56.498291	8.4794922	4.4134421
56.940987	8.4892578	4.5547142
48.517933	8.4990234	4.6766596
46.553505	8.5087891	4.7819033
32.544632	8.5185547	4.8690634
47.360752	8.5283203	4.9407945
35.164425	8.5380859	4.9951272
13.588985	8.5478516	5.0311165
20.028709	8.5576172	5.0479307
10.2842	8.5673828	5.0454302
-7.0941401	8.5771484	5.0265031
-10.316458	8.5869141	4.9867706
-14.472391	8.5966797	4.9279914
-21.096249	8.6064453	4.8547134
-28.52038	8.6162109	4.7588363
-37.954746	8.6259766	4.6473308
-46.445011	8.6357422	4.5121474
-54.382637	8.6455078	4.3582335
-62.684216	8.6552734	4.188086
-70.454483	8.6650391	4.0026383
-149.91885	8.6748047	3.8030238
-61.617374	8.6845703	3.5863667
-71.824135	8.6943359	3.3565626
-101.72455	8.7041016	3.1224756
-97.441765	8.7138672	2.8738215
-82.231567	8.7236328	2.6142731
-111.65258	8.7333984	2.3450255
-98.483986	8.7431641	2.063875
-138.31548	8.7529297	1.7784178
-118.71641	8.7626953	1.4809787
-89.714722	8.7724609	1.1817843
-102.08273	8.7822266	0.87459534
-82.189339	8.7919922	0.56445301
-128.85828	8.8017578	0.25433302
-118.46235	8.8115234	-0.053632259
-116.00014	8.8212891	-0.3641963
-102.61375	8.8310547	-0.67334026
-97.510757	8.8408203	-0.97910464
-85.698997	8.8505859	-1.2807205
-81.934593	8.8603516	-1.5783682
-79.542999	8.8701172	-1.868154
-81.348793	8.8798828	-2.1515846
-83.139168	8.8896484	-2.4255917
-84.953102	8.8994141	-2.6903524
-58.174377	8.9091797	-2.9475002
-58.117279	8.9189453	-3.1947942
-57.400017	8.9287109	-3.4266114
-58.302132	8.9384766	-3.6468446
-57.003334	8.9482422	-3.8567185
-54.349529	8.9580078	-4.0474834
-52.56152	8.9677734	-4.2231994
-48.040016	8.9775391	-4.3817596
-44.883137	8.9873047	-4.5262175
-38.720142	8.9970703	-4.6503782
-36.965881	9.0068359	-4.7616034
-30.441071	9.0166016	-4.8563123
-27.629372	9.0263672	-4.9311132
-21.411617	9.0361328	-4.991889
-17.558783	9.0458984	-5.0388126
-11.735806	9.0556641	-5.061482
-7.2462254	9.0654297	-5.0685792
-1.8585241	9.0751953	-5.0549626
2.8394163	9.0849609	-5.020915
56.543301	9.0947266	-4.9689336
94.903397	9.1044922	-4.8987923
36.427277	9.1142578	-4.8023181
104.15422	9.1240234	-4.6893687
65.787689	9.1337891	-4.557529
88.246338	9.1435547	-4.409133
80.595001	9.1533203	-4.2427344
92.329659	9.1630859	-4.0589108
74.794273	9.1728516	-3.8617015
104.96544	9.1826172	-3.6477447
82.13472	9.1923828	-3.4208729
91.670151	9.2021484	-3.1801372
99.269508	9.2119141	-2.927278
96.727097	9.2216797	-2.6645601
102.87604	9.2314453	-2.3907275
106.50079	9.2412109	-2.1087244
101.6172	9.2509766	-1.8197045
116.95109	9.2607422	-1.5241787
95.171524	9.2705078	-1.2221932
102.61805	9.2802734	-0.91824532
108.38799	9.2900391	-0.61004907
115.22292	9.2998047	-0.30053407
120.56222	9.3095703	0.0097736716
114.42657	9.3193359	0.32036155
110.37156	9.3291016	0.62868744
103.37444	9.3388672	0.93554407
96.348282	9.3486328	1.2373239
91.977501	9.3583984	1.535058
105.71098	9.3681641	1.8266306
117.24753	9.3779297	2.1116705
105.84508	9.3876953	2.3875208
107.15006	9.3974609	2.6544616
86.1287	9.4072266	2.9119835
75.174561	9.4169922	3.1579614
83.06337	9.4267578	3.3915162
76.215866	9.4365234	3.6125436
67.653351	9.4462891	3.8200498
79.262169	9.4560547	4.0133624
70.101166	9.4658203	4.1920781
70.088661	9.4755859	4.3534503
64.643929	9.4853516	4.5014696
47.830708	9.4951172	4.6311097
48.673267	9.5048828	4.7423048
49.824528	9.5146484	4.8365221
30.529638	9.5244141	4.9143448
51.379112	9.5341797	4.9755201
12.601528	9.5439453	5.0203876
12.085564	9.5537109	5.044724
16.677065	9.5634766	5.0495491
2.7843866	9.5732422	5.0368295
-9.8788643	9.5830078	5.0058498
-12.929225	9.5927734	4.9566073
-19.333883	9.6025391	4.8886166
-25.135185	9.6123047	4.801394
-35.883942	9.6220703	4.6949043
-42.96183	9.6318359	4.5660124
-53.647118	9.6416016	4.4202132
-60.454987	9.6513672	4.2564125
-68.2659	9.6611328	4.0761471
-100.9688	9.6708984	3.8822784
-103.54453	9.6806641	3.6735325
-60.741779	9.6904297	3.4494712
-74.322754	9.7001953	3.2166898
-104.23709	9.7099609	2.9725001
-91.429497	9.7197266	2.7190118
-84.16732	9.7294922	2.451375
-117.51575	9.7392578	2.1779597
-113.56319	9.7490234	1.8927917
-127.92911	9.7587891	1.6002581
-125.80454	9.7685547	1.2991502
-92.598099	9.7783203	0.99549294
-84.840645	9.7880859	0.6874159
-103.24954	9.7978516	0.37687421
-127.40617	9.8076172	0.069211423
-130.37692	9.8173828	-0.24185181
-103.89027	9.8271484	-0.55216402
-103.57671	9.8369141	-0.85831434
-90.194679	9.8466797	-1.1602685
-87.535667	9.8564453	-1.4597327
-81.84684	9.8662109	-1.7511203
-88.817932	9.8759766	-2.0379364
-82.390923	9.8857422	-2.3189888
-79.952408	9.8955078	-2.5874629
-69.858047	9.9052734	-2.8464227
-58.868797	9.9150391	-3.0969262
-58.094807	9.9248047	-3.3343287
-57.014904	9.9345703	-3.5607769
-56.756332	9.9443359	-3.7738099
-54.913933	9.9541016	-3.9700224
-52.207371	9.9638672	-4.1515365
-51.430832	9.9736328	-4.3178039
-47.039581	9.9833984	-4.4726224
-44.943462	9.9931641	-4.6044216
-38.977013	10.00293	-4.7206459
-34.192917	10.012695	-4.8195825
-28.554501	10.022461	-4.9041033
-23.173494	10.032227	-4.9712672
-19.34272	10.041992	-5.0209599
-13.969419	10.051758	-5.0533371
-8.8899975	10.061523	-5.0669312
-4.6826315	10.071289	-5.0624223
0.55995768	10.081055	-5.0399752
11.724617	10.09082	-4.9942613
123.89984	10.100586	-4.9305735
29.631832	10.110352	-4.8415976
89.931892	10.120117	-4.7376485
85.272842	10.129883	-4.6143188
67.369621	10.139648	-4.4710951
84.554718	10.149414	-4.3105483
78.375435	10.15918	-4.1341109
95.335167	10.168945	-3.9419427
80.492729	10.178711	-3.7364812
108.78519	10.188477	-3.5135417
80.336075	10.198242	-3.2767549
96.523605	10.208008	-3.0287788
101.96524	10.217773	-2.770184
96.868492	10.227539	-2.5001168
113.13467	10.237305	-2.2231505
99.772934	10.24707	-1.9348502
116.50779	10.256836	-1.6430825
101.49075	10.266602	-1.3439208
100.88192	10.276367	-1.0420487
110.50028	10.286133	-0.73483139
97.166588	10.295898	-0.42440444
126.41788	10.305664	-0.11417866
117.29298	10.31543	0.19694716
118.14124	10.325195	0.50479323
100.96337	10.334961	0.81317872
99.985901	10.344727	1.1168911
93.437943	10.354492	1.4158533
97.958832	10.364258	1.7111093
121.12792	10.374023	1.9970059
112.31109	10.383789	2.2765234
96.936836	10.393555	2.5469661
99.342934	10.40332	2.8087556
75.573685	10.413086	3.0603468
85.836342	10.422852	3.2986732
72.356094	10.432617	3.5263703
69.91658	10.442383	3.738971
70.116333	10.452148	3.9380922
75.104607	10.461914	4.1219444
67.91993	10.47168	4.2909904
60.857544	10.481445	4.4442134
52.876472	10.491211	4.5790539
50.000214	10.500977	4.6978698
56.160408	10.510742	4.7998147
27.504168	10.520508	4.8854456
49.930004	10.530273	4.9535737
25.093405	10.540039	5.0032272
11.458889	10.549805	5.0361052
23.705383	10.55957	5.0493999
8.5004721	10.569336	5.0455317
-11.891371	10.579102	5.0221963
-12.194179	10.588867	4.9778953
-16.130775	10.598633	4.9176469
-24.282303	10.608398	4.8372283
-31.393953	10.618164	4.7360258
-40.659435	10.62793	4.6203241
-49.006927	10.637695	4.4837279
-58.286057	10.647461	4.3235912
-66.43261	10.657227	4.1506858
-105.68723	10.666992	3.9627581
-114.8073	10.676758	3.7598894
-58.174473	10.686523	3.5407975
-70.23439	10.696289	3.3134863
-129.67624	10.706055	3.0741425
-74.040657	10.71582	2.8224916
-114.02466	10.725586	2.562119
-125.68147	10.735352	2.2902818
-94.205025	10.745117	2.0071089
-140.39037	10.754883	1.7180502
-114.28075	10.764648	1.4187187
-111.30194	10.774414	1.1183276
-85.705284	10.78418	0.8151114
-84.066811	10.793945	0.50673783
-121.79713	10.803711	0.19427687
-100.84079	10.813477	-0.11545569
-136.3239	10.823242	-0.42537153
-93.18911	10.833008	-0.73484331
-96.188347	10.842773	-1.04132
-81.59375	10.852539	-1.3421208
-76.495766	10.862305	-1.6356736
-87.955597	10.87207	-1.9244061
-80.151413	10.881836	-2.2064195
-92.01339	10.891602	-2.4801044
-60.890118	10.901367	-2.7439044
-61.586117	10.911133	-2.9980049
-58.746502	10.920898	-3.2433226
-60.544315	10.930664	-3.4713717
-57.187187	10.94043	-3.6917672
-55.567245	10.950195	-3.8945451
-53.69836	10.959961	-4.0824027
-52.008755	10.969727	-4.2542725
-48.424385	10.979492	-4.4115572
-44.394947	10.989258	-4.5506449
-39.065025	10.999023	-4.6760278
-35.436577	11.008789	-4.781446
-30.401384	11.018555	-4.8740716
-25.60066	11.02832	-4.945302
-20.952408	11.038086	-5.0042553
-14.908927	11.047852	-5.0409765
-11.414348	11.057617	-5.0674677
-5.8428965	11.067383	-5.0687656
-2.7942007	11.077148	-5.0516634
4.2911735	11.086914	-5.0154715
97.473801	11.09668	-4.9578724
68.861664	11.106445	-4.8801823
54.002426	11.116211	-4.7806664
93.602066	11.125977	-4.665494
70.229431	11.135742	-4.5300455
85.928459	11.145508	-4.3779583
71.287308	11.155273	-4.2077317
104.54145	11.165039	-4.0212603
69.266441	11.174805	-3.8204238
100.62894	11.18457	-3.6041512
91.813675	11.194336	-3.3744097
91.62648	11.204102	-3.1301527
97.699471	11.213867	-2.8752804
93.683128	11.223633	-2.6097
113.04622	11.233398	-2.3354366
97.79792	11.243164	-2.052027
112.53227	11.25293	-1.7609551
111.07698	11.262695	-1.465939
96.299622	11.272461	-1.1635587
106.53632	11.282227	-0.85720569
98.031509	11.291992	-0.54872036
121.79433	11.301758	-0.23724884
117.53612	11.311523	0.072598457
123.59096	11.321289	0.38185418
111.31156	11.331055	0.69012195
98.156136	11.34082	0.99530518
102.8907	11.350586	1.2974113
88.861305	11.360352	1.5929744
112.91605	11.370117	1.8827707
117.07721	11.379883	2.164942
102.47564	11.389648	2.4404154
99.301537	11.399414	2.7064176
86.257179	11.40918	2.9623613
82.451965	11.418945	3.2044485
69.012207	11.428711	3.4355044
75.932655	11.438477	3.6552577
70.074707	11.448242	3.8617463
74.764763	11.458008	4.051651
71.466293	11.467773	4.2253585
67.134804	11.477539	4.3834133
56.553997	11.487305	4.5280948
52.889843	11.49707	4.6536579
48.500736	11.506836	4.762064
35.515026	11.516602	4.8544126
35.700726	11.526367	4.9289598
38.933754	11.536133	4.9851403
13.375445	11.545898	5.0256953
14.047371	11.555664	5.0454898
14.583103	11.56543	5.0484285
0.60257733	11.575195	5.0330057
-11.299608	11.584961	4.9961939
-13.757521	11.594727	4.9454556
-20.746572	11.604492	4.8738284
-27.881353	11.614258	4.7829671
-35.456684	11.624023	4.6678438
-43.950603	11.633789	4.5399709
-53.595783	11.643555	4.3916211
-61.35284	11.65332	4.2245092
-70.835442	11.663086	4.0415897
-163.50121	11.672852	3.846462
-77.005264	11.682617	3.6306381
-64.138496	11.692383	3.4059451
-78.305695	11.702148	3.172359
-99.052902	11.711914	2.926594
-98.55442	11.72168	2.6672468
-123.8331	11.731445	2.4007707
-106.88274	11.741211	2.1214173
-123.12724	11.750977	1.8339024
-125.18673	11.760742	1.5406966
-106.96179	11.770508	1.2402415
-112.84947	11.780273	0.9378776
-89.194534	11.790039	0.62670857
-95.714607	11.799805	0.31600893
-118.08183	11.80957	0.0050917268
-106.51019	11.819336	-0.30393004
-128.25264	11.829102	-0.61039776
-87.915962	11.838867	-0.91940612
-81.693565	11.848633	-1.2189999
-91.138412	11.858398	-1.5187651
-65.582268	11.868164	-1.8092439
-93.086716	11.87793	-2.0950093
-79.88678	11.887695	-2.3699641
-85.033501	11.897461	-2.6406035
-58.958969	11.907227	-2.8983071
-58.53231	11.916992	-3.1466379
-60.150692	11.926758	-3.3809214
-57.053238	11.936523	-3.6035016
-56.114525	11.946289	-3.8170071
-54.856846	11.956055	-4.0102201
-51.384651	11.96582	-4.1881948
-49.331181	11.975586	-4.350461
-44.981995	11.985352	-4.4978247
-42.24498	11.995117	-4.629849
-36.654106	12.004883	-4.7417698
-32.33976	12.014648	-4.8390045
-27.127262	12.024414	-4.9160404
-22.543396	12.03418	-4.9803481
-18.145041	12.043945	-5.0270023
-12.739887	12.053711	-5.059536
-8.5675392	12.063477	-5.0694599
-4.6059375	12.073242	-5.0575943
0.12355158	12.083008	-5.0305099
23.029325	12.092773	-4.9829664
118.94591	12.102539	-4.9132676
31.116161	12.112305	-4.8217697
95.817322	12.12207	-4.7147245
75.189346	12.131836	-4.5863943
79.602333	12.141602	-4.4397025
74.584984	12.151367	-4.2771816
86.383118	12.161133	-4.0985746
81.528091	12.170898	-3.9028451
90.713127	12.180664	-3.6926045
101.00796	12.19043	-3.4680023
87.101288	12.200195	-3.2297702
103.13847	12.209961	-2.9791622
91.073013	12.219727	-2.7177544
102.09943	12.229492	-2.4468093
113.03593	12.239258	-2.1658823
96.558708	12.249023	-1.8784955
126.33582	12.258789	-1.5841335
85.946976	12.268555	-1.2831047
108.42022	12.27832	-0.98021477
100.06808	12.288086	-0.67271292
105.98558	12.297852	-0.3619954
124.71925	12.307617	-0.053904951
119.75677	12.317383	0.25640726
117.75699	12.327148	0.56712925
100.28683	12.336914	0.87432116
109.0716	12.34668	1.1765361
93.728119	12.356445	1.4746532
98.003944	12.366211	1.7679453
109.75015	12.375977	2.0531192
110.90904	12.385742	2.3321435
96.448006	12.395508	2.6013567
97.821175	12.405273	2.8609707
76.789886	12.415039	3.1094642
75.031052	12.424805	3.3456311
73.201164	12.43457	3.569299
65.292236	12.444336	3.7805035
77.971344	12.454102	3.976378
92.414101	12.463867	4.1560369
66.718643	12.473633	4.3216095
63.82169	12.483398	4.4713812
57.286354	12.493164	4.6039386
46.480366	12.50293	4.7197061
50.25246	12.512695	4.8179045
27.835846	12.522461	4.8995895
48.836571	12.532227	4.9640522
18.447544	12.541992	5.0112767
15.565206	12.551758	5.0410705
14.698936	12.561523	5.0506487
7.9963708	12.571289	5.0431504
-11.601648	12.581055	5.0163851
-13.292581	12.59082	4.9668236
-17.903093	12.600586	4.9022899
-25.342196	12.610352	4.8166976
-32.68578	12.620117	4.7125711
-41.288612	12.629883	4.5934453
-48.679836	12.639648	4.4536991
-57.917892	12.649414	4.2939873
-65.525017	12.65918	4.1184187
-74.175003	12.668945	3.9267852
-160.77173	12.678711	3.7170649
-61.009266	12.688477	3.4964025
-76.387123	12.698242	3.266129
-101.58056	12.708008	3.0251219
-87.235191	12.717773	2.7722776
-105.93259	12.727539	2.5077388
-128.12776	12.737305	2.2345648
-109.80831	12.74707	1.9503027
-122.13161	12.756836	1.6605511
-124.29411	12.766602	1.3612077
-94.702049	12.776367	1.0590389
-114.41256	12.786133	0.75368434
-87.763695	12.795898	0.44327527
-113.16097	12.805664	0.13150871
-106.12069	12.81543	-0.17809272
-119.49175	12.825195	-0.48383772
-107.96156	12.834961	-0.79319924
-74.465408	12.844727	-1.0998473
-91.425308	12.854492	-1.4009088
-71.824089	12.864258	-1.6952202
-80.147903	12.874023	-1.9824817
-88.019875	12.883789	-2.2612782
-80.132416	12.893555	-2.5326595
-65.088715	12.90332	-2.7945666
-60.196323	12.913086	-3.0486584
-57.445724	12.922852	-3.2895386
-61.448196	12.932617	-3.516057
-56.932247	12.942383	-3.7326188
-54.475479	12.952148	-3.9335444
-53.106365	12.961914	-4.1174068
-49.256741	12.97168	-4.2852135
-47.160126	12.981445	-4.4407411
-43.299465	12.991211	-4.5790224
-38.839191	13.000977	-4.6977968
-34.291775	13.010742	-4.8003407
-30.612574	13.020508	-4.8893971
-24.72871	13.030273	-4.9610958
-20.215359	13.040039	-5.0132113
-14.666339	13.049805	-5.0513997
-10.79794	13.05957	-5.0693946
-6.035471	13.069336	-5.0658255
-1.4448305	13.079102	-5.0459013
5.5040584	13.088867	-5.0042734
111.16232	13.098633	-4.9442768
52.940308	13.108398	-4.8615441
69.894928	13.118164	-4.7588305
85.418541	13.12793	-4.6407356
69.71669	13.137695	-4.5014768
83.49678	13.147461	-4.3449059
76.58139	13.157227	-4.1726365
88.307495	13.166992	-3.9841652
79.63047	13.176758	-3.7787006
99.883347	13.186523	-3.5597756
85.389091	13.196289	-3.3261135
95.839935	13.206055	-3.0798764
96.402962	13.21582	-2.8243899
97.737885	13.225586	-2.5568933
109.14077	13.235352	-2.2790818
93.068245	13.245117	-1.9939318
124.14686	13.254883	-1.7045066
99.025185	13.264648	-1.4054507
94.698128	13.274414	-1.1026919
105.53954	13.28418	-0.79796612
101.06045	13.293945	-0.48675984
128.77791	13.303711	-0.17738342
114.48434	13.313477	0.13273954
118.32658	13.323242	0.44220239
103.95063	13.333008	0.74984133
102.56422	13.342773	1.054199
104.49832	13.352539	1.35535
96.868134	13.362305	1.6526654
99.634064	13.37207	1.9400403
115.7104	13.381836	2.2207782
106.97179	13.391602	2.4946451
104.65624	13.401367	2.7577579
89.088692	13.411133	3.0119107
74.878242	13.420898	3.2531097
73.330139	13.430664	3.4822373
72.774925	13.44043	3.6983371
74.587044	13.450195	3.8983405
85.345444	13.459961	4.0855212
61.985729	13.469727	4.2581916
61.942444	13.479492	4.4139848
56.773602	13.489258	4.5528336
52.855938	13.499023	4.6758876
47.457253	13.508789	4.7802968
37.722977	13.518555	4.8700347
37.967083	13.52832	4.9414768
30.667032	13.538086	4.9933715
14.995923	13.547852	5.0298853
16.183498	13.557617	5.0459847
12.10582	13.567383	5.0464525
6.0340858	13.577148	5.0356402
1.9448576	13.586914	5.0241456
2.8374488	13.59668	5.0187273
2.0513194	13.606445	5.0133214
-3.7795281	13.616211	5.0105171
3.6773272	13.625977	5.0069613
3.3136458	13.635742	5.0083084
0.99983299	13.645508	5.0082192
6.5882807	13.655273	5.0067706
7.9520044	13.665039	5.0074563
8.9692526	13.674805	5.0076323
7.7718635	13.68457	5.0078139
8.7935247	13.694336	5.0085263
12.466893	13.704102	5.0102129
12.480235	13.713867	5.0111012
13.008911	13.723633	5.0102038
11.769356	13.733398	5.0111012
2.3203785	13.743164	5.0084844
2.6292517	13.75293	5.0055428
-0.16129343	13.762695	5.0058885
-0.22416934	13.772461	5.0053344
-1.5762634	13.782227	5.0031943
5.5624638	13.791992	5.0050421
-1.0916847	13.801758	5.0038533
-3.8420432	13.811523	5.002399
1.1520576	13.821289	5.0015407
0.44920015	13.831055	4.9999876
-5.8083329	13.84082	4.9994426
-6.4140301	13.850586	4.9974127
-5.9190092	13.860352	4.9972458
-6.3400483	13.870117	4.9952731
-0.72580296	13.879883	4.9941077
-0.24959445	13.889648	4.9963698
-5.1547189	13.899414	4.9937472
-2.8370297	13.90918	4.9926085
-2.0358479	13.918945	4.9934611
-6.8645692	13.928711	4.9921913
0.20406441	13.938477	4.9933748
-2.664607	13.948242	4.9923434
-6.3581042	13.958008	4.9922304
-7.7259727	13.967773	4.9896879
-8.6445713	13.977539	4.9884005
-3.002584	13.987305	4.9893899
-4.7163458	13.99707	4.9897389
-4.8060551	14.006836	4.9895897
1.0936172	14.016602	4.9900608
-3.5326929	14.026367	4.9884157
-0.5871523	14.036133	4.9898071
-4.3901033	14.045898	4.988833
-2.9794173	14.055664	4.9879355
-3.9193664	14.06543	4.9890056
-9.3124571	14.075195	4.986505
