MTS793|MPT|ENU|1|2|.|/|:|1|0|0|A

Data Acquisition						Time:	12.415039	s	4/12/2018 4:46:57 PM
Axial Force	Running Time	Axial Displacement
N	s	mm
4.7911191	0.012695313	-4.4512815
4.9735885	0.022460938	-4.4516559
4.2545958	0.032226563	-4.4524117
3.3346937	0.041992188	-4.4523764
4.4436078	0.051757813	-4.4512534
11.829613	0.061523438	-4.4506884
9.1107674	0.071289063	-4.4381895
7.152627	0.081054688	-4.4096813
6.9252214	0.090820313	-4.3594942
6.2876034	0.10058594	-4.2869368
7.3127451	0.11035156	-4.1927667
7.8383832	0.12011719	-4.0786924
7.1456308	0.12988281	-3.9417372
6.0987659	0.13964844	-3.7845221
8.4558392	0.14941406	-3.6075354
7.1149902	0.15917969	-3.4108911
8.7667608	0.16894531	-3.1951804
10.866788	0.17871094	-2.9631164
10.184116	0.18847656	-2.713248
10.597449	0.19824219	-2.4489787
11.440041	0.20800781	-2.1703725
12.224762	0.21777344	-1.8787261
11.850079	0.22753906	-1.5741858
12.698107	0.23730469	-1.2594888
12.636674	0.24707031	-0.93697447
12.561377	0.25683594	-0.60521865
12.644695	0.26660156	-0.26559085
13.783481	0.27636719	0.078867838
11.23182	0.28613281	0.42919096
12.045656	0.29589844	0.78237623
11.236138	0.30566406	1.1352432
11.765037	0.31542969	1.4918829
11.364068	0.32519531	1.8454819
10.037748	0.33496094	2.1970406
11.343194	0.34472656	2.547122
12.725767	0.35449219	2.8907213
10.117702	0.36425781	3.2294641
8.957798	0.37402344	3.5597589
10.001089	0.38378906	3.8812234
10.208355	0.39355469	4.1955442
11.922408	0.40332031	4.4960027
12.931822	0.41308594	4.7852788
13.969058	0.42285156	5.0616336
17.693558	0.43261719	5.3234477
17.365208	0.44238281	5.5706377
14.503696	0.45214844	5.8019872
14.740078	0.46191406	6.0165005
15.046226	0.47167969	6.2124233
15.936873	0.48144531	6.3914475
13.626762	0.49121094	6.550941
12.856047	0.50097656	6.6913948
15.588012	0.51074219	6.8120809
15.894626	0.52050781	6.9130154
13.38845	0.53027344	6.9930573
12.292573	0.54003906	7.054852
13.537123	0.54980469	7.095408
12.143096	0.55957031	7.1160164
-9.3000708	0.56933594	7.1128545
-14.490552	0.57910156	7.084434
-13.763039	0.58886719	7.0293527
-14.205731	0.59863281	6.9472136
-13.115792	0.60839844	6.8358564
-13.559859	0.61816406	6.6977334
-13.717683	0.62792969	6.5329638
-14.222797	0.63769531	6.3399539
-13.753958	0.64746094	6.1281862
-16.271149	0.65722656	5.8948541
-15.429046	0.66699219	5.6393299
-14.396675	0.67675781	5.363945
-15.369395	0.68652344	5.061635
-14.677515	0.69628906	4.7410951
-15.985336	0.70605469	4.4029903
-15.107368	0.71582031	4.0479388
-17.87145	0.72558594	3.6789699
-17.189457	0.73535156	3.2947304
-16.25563	0.74511719	2.8982608
-16.478786	0.75488281	2.4937971
-18.605579	0.76464844	2.0787883
-18.863892	0.77441406	1.6557938
-17.399492	0.78417969	1.2293085
-18.176378	0.79394531	0.79603857
-17.229292	0.80371094	0.36040983
-15.943043	0.81347656	-0.0743635
-12.364017	0.82324219	-0.50974244
-11.629635	0.83300781	-0.94054365
-17.432041	0.84277344	-1.3688523
-20.201935	0.85253906	-1.7918502
-20.368967	0.86230469	-2.2070315
-17.296999	0.87207031	-2.612731
-19.099947	0.88183594	-3.0094044
-19.912561	0.89160156	-3.3939247
-18.383621	0.90136719	-3.7651973
-18.069567	0.91113281	-4.1224585
-24.650175	0.92089844	-4.4619164
-19.376911	0.93066406	-4.785727
-21.452478	0.94042969	-5.0934048
-17.489981	0.95019531	-5.3809247
-19.534048	0.95996094	-5.6446538
-22.603245	0.96972656	-5.8917909
-18.130953	0.97949219	-6.1203899
-17.809473	0.98925781	-6.3266902
-20.458456	0.99902344	-6.5068908
-17.478794	1.0087891	-6.6612105
-15.97451	1.0185547	-6.7881937
-15.969865	1.0283203	-6.8928084
-17.999241	1.0380859	-6.9726195
-16.676004	1.0478516	-7.0247564
-15.36489	1.0576172	-7.0539603
-5.1821117	1.0673828	-7.0587087
8.6895304	1.0771484	-7.0345278
11.173088	1.0869141	-6.9850564
10.37874	1.0966797	-6.9081202
8.9612904	1.1064453	-6.8032608
9.5678139	1.1162109	-6.6712937
7.9218411	1.1259766	-6.5121145
7.2200785	1.1357422	-6.3292723
7.6042256	1.1455078	-6.1194739
9.0473328	1.1552734	-5.8857675
9.9348373	1.1650391	-5.6304102
9.5025167	1.1748047	-5.3522596
9.1315603	1.1845703	-5.0538144
10.908814	1.1943359	-4.7366138
10.420685	1.2041016	-4.4016671
13.830384	1.2138672	-4.0513196
13.650198	1.2236328	-3.6840844
13.524305	1.2333984	-3.3045349
12.673495	1.2431641	-2.912972
14.96087	1.2529297	-2.5090003
14.198397	1.2626953	-2.0974026
13.577379	1.2724609	-1.6779643
13.822456	1.2822266	-1.251281
13.617136	1.2919922	-0.82209438
15.563972	1.3017578	-0.38883054
13.585412	1.3115234	0.046777073
13.162219	1.3212891	0.47993389
13.258029	1.3310547	0.91171908
12.082409	1.3408203	1.3401967
12.720247	1.3505859	1.7629585
11.794199	1.3603516	2.1800652
12.981822	1.3701172	2.5878088
18.001207	1.3798828	2.9868035
11.442625	1.3896484	3.3744583
13.854122	1.3994141	3.7491832
17.266861	1.4091797	4.1093016
12.571074	1.4189453	4.4539204
12.056995	1.4287109	4.7821026
10.533362	1.4384766	5.0905643
16.009493	1.4482422	5.3806071
16.506691	1.4580078	5.6498456
18.532528	1.4677734	5.8973532
13.989175	1.4775391	6.1252484
15.100418	1.4873047	6.3295293
13.544666	1.4970703	6.5093088
12.2434	1.5068359	6.6657634
16.564877	1.5166016	6.7984471
19.464275	1.5263672	6.9057364
16.607216	1.5361328	6.9878321
12.932625	1.5458984	7.0472064
12.462039	1.5556641	7.0807242
8.9536066	1.5654297	7.0915718
-12.77934	1.5751953	7.0752392
-16.123661	1.5849609	7.0318708
-15.133957	1.5947266	6.9612708
-16.969919	1.6044922	6.8618717
-14.325813	1.6142578	6.7339439
-11.985806	1.6240234	6.5789495
-10.204711	1.6337891	6.3994722
-12.941694	1.6435547	6.1942086
-12.060312	1.6533203	5.9692736
-15.431933	1.6630859	5.723424
-14.518749	1.6728516	5.4552922
-14.887657	1.6826172	5.1629853
-14.695396	1.6923828	4.8503089
-16.55405	1.7021484	4.5189352
-16.346771	1.7119141	4.1698418
-16.54583	1.7216797	3.8060839
-17.707516	1.7314453	3.428525
-20.362867	1.7412109	3.0370772
-19.506866	1.7509766	2.6345308
-17.605175	1.7607422	2.2244282
-16.634562	1.7705078	1.8053006
-16.768112	1.7802734	1.3808279
-18.040184	1.7900391	0.9501732
-15.843682	1.7998047	0.51594198
-17.956959	1.8095703	0.081380919
-14.968345	1.8193359	-0.35365614
-12.112804	1.8291016	-0.78701019
-12.82742	1.8388672	-1.216625
-26.452169	1.8486328	-1.641961
-16.813145	1.8583984	-2.0593059
-17.262484	1.8681641	-2.4692402
-21.495634	1.8779297	-2.8705144
-17.689354	1.8876953	-3.2600052
-17.544312	1.8974609	-3.63662
-16.923994	1.9072266	-3.9985912
-22.402266	1.9169922	-4.3469496
-24.525377	1.9267578	-4.6768374
-21.095968	1.9365234	-4.9910626
-20.888773	1.9462891	-5.2853823
-19.031008	1.9560547	-5.5585828
-15.615672	1.9658203	-5.8119278
-23.124681	1.9755859	-6.0492296
-17.393961	1.9853516	-6.2634158
-16.960886	1.9951172	-6.455503
-15.489431	2.0048828	-6.6193309
-15.626732	2.0146484	-6.7575798
-17.069513	2.0244141	-6.8723445
-15.859317	2.0341797	-6.9602861
-16.473013	2.0439453	-7.0228143
-14.745375	2.0537109	-7.0617609
-13.360242	2.0634766	-7.0753894
5.4840698	2.0732422	-7.0625501
8.0697937	2.0830078	-7.0246611
11.32281	2.0927734	-6.9573874
8.7730694	2.1025391	-6.8632259
8.6511717	2.1123047	-6.7432213
7.1520801	2.1220703	-6.5949407
6.7127638	2.1318359	-6.4202337
6.8680501	2.1416016	-6.2221141
9.8088646	2.1513672	-5.9955072
8.9636431	2.1611328	-5.7505746
8.2349634	2.1708984	-5.4807248
8.8069592	2.1806641	-5.1908922
9.4470453	2.1904297	-4.880928
11.017756	2.2001953	-4.5514874
14.852371	2.2099609	-4.2077465
14.178152	2.2197266	-3.847599
14.596619	2.2294922	-3.473078
14.018629	2.2392578	-3.0854018
15.865871	2.2490234	-2.6875169
15.256647	2.2587891	-2.2777226
13.482839	2.2685547	-1.860781
12.388185	2.2783203	-1.4369963
13.39335	2.2880859	-1.0088333
13.617729	2.2978516	-0.57697731
15.973265	2.3076172	-0.14104471
12.713205	2.3173828	0.29356173
10.220031	2.3271484	0.72655129
13.014418	2.3369141	1.1564146
11.626015	2.3466797	1.5819747
11.875736	2.3564453	2.0018902
18.998991	2.3662109	2.4138327
10.286248	2.3759766	2.8161886
10.329217	2.3857422	3.2093515
11.784956	2.3955078	3.5879891
17.342262	2.4052734	3.9535599
15.207788	2.4150391	4.3069921
11.090132	2.4248047	4.6406579
12.710876	2.4345703	4.9578066
18.584118	2.4443359	5.2555065
15.113806	2.4541016	5.5333729
12.671959	2.4638672	5.7908807
11.193764	2.4736328	6.0266051
12.893416	2.4833984	6.2391219
13.467611	2.4931641	6.4299855
16.162102	2.5029297	6.5955238
17.462042	2.5126953	6.7369986
16.860872	2.5224609	6.8547282
15.001197	2.5322266	6.9480138
11.681289	2.5419922	7.0159893
11.673011	2.5517578	7.0606308
10.855252	2.5615234	7.0813265
-10.253733	2.5712891	7.0753727
-14.413345	2.5810547	7.0435438
-17.770241	2.5908203	6.9840112
-16.829523	2.6005859	6.8958702
-20.002352	2.6103516	6.7791963
-17.860683	2.6201172	6.6355777
-14.533848	2.6298828	6.4651885
-12.918562	2.6396484	6.2698359
-12.828771	2.6494141	6.0536418
-14.115906	2.6591797	5.8146033
-15.344284	2.6689453	5.5563164
-16.040205	2.6787109	5.2741017
-14.700042	2.6884766	4.9674678
-13.95347	2.6982422	4.6445794
-17.776293	2.7080078	4.2998447
-15.167834	2.7177734	3.9437852
-16.052126	2.7275391	3.5716643
-17.770613	2.7373047	3.1851115
-18.330326	2.7470703	2.7886736
-20.234205	2.7568359	2.3812714
-18.1098	2.7666016	1.9652802
-17.701439	2.7763672	1.5425832
-16.518972	2.7861328	1.1141311
-15.73665	2.7958984	0.68060148
-17.436211	2.8056641	0.2471651
-15.945174	2.8154297	-0.18751845
-13.826275	2.8251953	-0.62268066
-12.715813	2.8349609	-1.051798
-26.775826	2.8447266	-1.4788705
-20.601496	2.8544922	-1.9014528
-17.412275	2.8642578	-2.314867
-19.559229	2.8740234	-2.7192645
-17.920404	2.8837891	-3.1128831
-18.023596	2.8935547	-3.4956234
-15.716394	2.9033203	-3.864655
-17.347326	2.9130859	-4.2170444
-24.227892	2.9228516	-4.5545516
-22.169073	2.9326172	-4.8754587
-19.152695	2.9423828	-5.1764603
-17.313787	2.9521484	-5.4599462
-18.979784	2.9619141	-5.7208738
-20.954676	2.9716797	-5.9626579
-20.062481	2.9814453	-6.1877532
-17.845781	2.9912109	-6.3888955
-15.448697	3.0009766	-6.5626779
-14.585326	3.0107422	-6.7104115
-16.442802	3.0205078	-6.8356171
-15.407544	3.0302734	-6.9342852
-15.399256	3.0400391	-7.0065465
-13.246073	3.0498047	-7.0560417
-14.001514	3.0595703	-7.0783339
4.0536399	3.0693359	-7.077343
7.3454227	3.0791016	-7.0487766
11.934666	3.0888672	-6.9932303
8.8761091	3.0986328	-6.9104457
8.305768	3.1083984	-6.8001652
7.1548042	3.1181641	-6.6623516
5.3255935	3.1279297	-6.4986959
8.6911716	3.1376953	-6.3107519
8.762639	3.1474609	-6.0962591
8.7417307	3.1572266	-5.8578982
9.0321884	3.1669922	-5.5974827
9.8292246	3.1767578	-5.3154106
9.8617277	3.1865234	-5.013176
12.085098	3.1962891	-4.6914768
12.692705	3.2060547	-4.3529134
15.181082	3.2158203	-3.9999948
13.870664	3.2255859	-3.6295626
13.351277	3.2353516	-3.2468479
12.997248	3.2451172	-2.8528528
14.292041	3.2548828	-2.4478064
13.942633	3.2646484	-2.0350218
13.371941	3.2744141	-1.6128497
13.814738	3.2841797	-1.1861532
13.44122	3.2939453	-0.75398737
15.313178	3.3037109	-0.32096905
12.745533	3.3134766	0.11474295
12.785372	3.3232422	0.54753858
14.531775	3.3330078	0.98048776
12.79714	3.3427734	1.4083321
12.40545	3.3525391	1.8297035
19.984051	3.3623047	2.2453117
13.427425	3.3720703	2.6515944
9.2789173	3.3818359	3.0489295
9.8173399	3.3916016	3.4338071
16.928207	3.4013672	3.8052163
9.203434	3.4111328	4.163908
11.629855	3.4208984	4.5049462
12.983172	3.4306641	4.8275204
14.71769	3.4404297	5.1336923
14.477259	3.4501953	5.4200196
10.634237	3.4599609	5.685318
10.953925	3.4697266	5.9308705
10.486972	3.4794922	6.152554
12.728199	3.4892578	6.3525233
13.528427	3.4990234	6.5277653
16.937416	3.5087891	6.6788096
12.346346	3.5185547	6.806541
11.080865	3.5283203	6.9094238
11.95859	3.5380859	6.9875855
12.368558	3.5478516	7.043797
10.444958	3.5576172	7.0724959
1.4226418	3.5673828	7.0770178
-11.729321	3.5771484	7.0549135
-12.404099	3.5869141	7.0072842
-16.64661	3.5966797	6.930634
-14.932198	3.6064453	6.8256707
-14.350039	3.6162109	6.6929865
-15.243749	3.6259766	6.5334854
-14.996704	3.6357422	6.3465471
-11.052633	3.6455078	6.1376724
-12.686348	3.6552734	5.9080329
-14.206943	3.6650391	5.6575608
-15.466252	3.6748047	5.3849955
-13.868709	3.6845703	5.0888839
-14.510762	3.6943359	4.7716851
-16.300835	3.7041016	4.4370193
-14.899927	3.7138672	4.0833468
-16.910641	3.7236328	3.7186749
-14.906237	3.7333984	3.3370962
-15.761227	3.7431641	2.9428866
-17.513592	3.7529297	2.5407245
-18.540758	3.7626953	2.1290507
-18.120592	3.7724609	1.7084154
-16.404606	3.7822266	1.282191
-18.601259	3.7919922	0.85234857
-16.451277	3.8017578	0.41766939
-16.118923	3.8115234	-0.014215335
-14.13913	3.8212891	-0.45230669
-15.935044	3.8310547	-0.88414192
-15.042199	3.8408203	-1.3131078
-18.063025	3.8505859	-1.7367432
-19.517225	3.8603516	-2.1546807
-17.388386	3.8701172	-2.5621555
-17.20686	3.8798828	-2.9611659
-19.720604	3.8896484	-3.3463271
-17.220284	3.8994141	-3.720726
-17.634407	3.9091797	-4.0818362
-17.913292	3.9189453	-4.4252768
-23.56039	3.9287109	-4.7519479
-22.455212	3.9384766	-5.0608969
-19.467146	3.9482422	-5.3528862
-20.707993	3.9580078	-5.6202235
-18.395182	3.9677734	-5.870563
-20.199863	3.9775391	-6.102839
-16.736496	3.9873047	-6.3140054
-15.947281	3.9970703	-6.4993343
-15.378488	4.0068359	-6.6591921
-15.606149	4.0166016	-6.791656
-14.368223	4.0263672	-6.8999581
-15.492236	4.0361328	-6.9822216
-14.706469	4.0458984	-7.0420594
-15.209778	4.0556641	-7.0747104
-9.9560823	4.0654297	-7.0837488
5.320704	4.0751953	-7.0661583
8.4496565	4.0849609	-7.0221591
8.5974112	4.0947266	-6.9498177
8.065114	4.1044922	-6.8498225
7.502502	4.1142578	-6.7238584
8.5112171	4.1240234	-6.5697751
8.6206474	4.1337891	-6.3910294
8.5338717	4.1435547	-6.18645
9.0631304	4.1533203	-5.9580421
10.058086	4.1630859	-5.7069526
10.709081	4.1728516	-5.4329715
10.346854	4.1826172	-5.1386433
10.513817	4.1923828	-4.8246603
10.368822	4.2021484	-4.4932733
14.180387	4.2119141	-4.1451883
14.143076	4.2216797	-3.7817454
12.172748	4.2314453	-3.4031947
12.245903	4.2412109	-3.0138998
14.851998	4.2509766	-2.6121068
13.445388	4.2607422	-2.2040451
13.339356	4.2705078	-1.7841657
12.942694	4.2802734	-1.3586093
13.611082	4.2900391	-0.92937005
14.111528	4.2998047	-0.49749437
16.085339	4.3095703	-0.061799865
12.416636	4.3193359	0.37178165
13.350545	4.3291016	0.80570143
13.531325	4.3388672	1.2343661
11.717784	4.3486328	1.6594621
11.560949	4.3583984	2.0786302
15.3446	4.3681641	2.4879932
13.520406	4.3779297	2.8891625
10.84049	4.3876953	3.278281
14.636096	4.3974609	3.6564565
15.281862	4.4072266	4.019258
11.640438	4.4169922	4.367794
12.318429	4.4267578	4.6985626
15.221466	4.4365234	5.0119419
15.790388	4.4462891	5.304853
11.138781	4.4560547	5.5798764
10.789442	4.4658203	5.8338666
10.284746	4.4755859	6.0645733
12.517384	4.4853516	6.2723861
14.667177	4.4951172	6.4586611
17.347757	4.5048828	6.6198883
16.904831	4.5146484	6.7570109
11.268014	4.5244141	6.8705406
12.814149	4.5341797	6.9585648
12.262853	4.5439453	7.0216136
11.006335	4.5537109	7.0622005
11.12537	4.5634766	7.0745811
-11.784886	4.5732422	7.0650826
-13.39179	4.5830078	7.0273089
-15.872613	4.5927734	6.9626899
-15.62304	4.6025391	6.8706746
-14.238362	4.6123047	6.7470775
-15.009847	4.6220703	6.5986452
-13.500917	4.6318359	6.4238558
-14.311552	4.6416016	6.2234459
-13.37697	4.6513672	6.0014153
-16.381428	4.6611328	5.7589989
-14.249794	4.6708984	5.4950361
-14.670938	4.6806641	5.2092986
-15.071977	4.6904297	4.8987684
-15.039544	4.7001953	4.5715742
-15.765697	4.7099609	4.2255883
-16.387901	4.7197266	3.8640926
-14.474406	4.7294922	3.4891102
-16.192089	4.7392578	3.1010253
-20.275988	4.7490234	2.703017
-19.486435	4.7587891	2.2941458
-16.653713	4.7685547	1.8749352
-20.031853	4.7783203	1.4528233
-17.813511	4.7880859	1.0235652
-16.927927	4.7978516	0.58970851
-16.201159	4.8076172	0.15478739
-15.507091	4.8173828	-0.27926081
-12.493122	4.8271484	-0.71266264
-20.116486	4.8369141	-1.1429147
-13.138552	4.8466797	-1.5705383
-15.089603	4.8564453	-1.9893957
-20.479307	4.8662109	-2.4016542
-15.463157	4.8759766	-2.8039627
-17.308794	4.8857422	-3.1954739
-18.804684	4.8955078	-3.5745215
-15.192002	4.9052734	-3.9406693
-16.118259	4.9150391	-4.2910662
-19.976833	4.9248047	-4.6253223
-23.842474	4.9345703	-4.9414291
-20.365755	4.9443359	-5.240273
-20.037638	4.9541016	-5.5182676
-19.304548	4.9638672	-5.7740674
-19.961409	4.9736328	-6.013433
-19.366051	4.9833984	-6.2332048
-15.565485	4.9931641	-6.4291906
-15.386474	5.0029297	-6.5968509
-15.073188	5.0126953	-6.7416053
-15.240255	5.0224609	-6.8610954
-14.473102	5.0322266	-6.9541101
-14.09743	5.0419922	-7.0221
-13.561826	5.0517578	-7.0663567
-13.163569	5.0615234	-7.0838094
5.9731536	5.0712891	-7.0770326
7.8888841	5.0810547	-7.0435748
7.1791582	5.0908203	-6.9822941
7.8691401	5.1005859	-6.8932204
6.6437178	5.1103516	-6.7791166
7.4596262	5.1201172	-6.6362147
7.0715089	5.1298828	-6.466259
7.1314163	5.1396484	-6.2732387
8.5973644	5.1494141	-6.0526147
8.0029373	5.1591797	-5.8099694
9.054121	5.1689453	-5.5465369
10.311813	5.1787109	-5.2584209
11.679483	5.1884766	-4.953207
11.01566	5.1982422	-4.6289511
11.134729	5.2080078	-4.2864232
15.144505	5.2177734	-3.9303646
14.959346	5.2275391	-3.557241
13.901444	5.2373047	-3.1734617
13.324735	5.2470703	-2.7748361
15.883858	5.2568359	-2.366816
14.229095	5.2666016	-1.9527097
12.808456	5.2763672	-1.5304903
13.844739	5.2861328	-1.1025233
14.087976	5.2958984	-0.67196053
15.465077	5.3056641	-0.23628017
14.675641	5.3154297	0.19707373
12.170628	5.3251953	0.63160443
14.019269	5.3349609	1.0626252
12.644928	5.3447266	1.489327
11.548855	5.3544922	1.91023
14.561239	5.3642578	2.3237832
12.214063	5.3740234	2.7291639
10.815775	5.3837891	3.1234758
12.955092	5.3935547	3.5052598
11.994038	5.4033203	3.8749802
15.833182	5.4130859	4.2295632
11.074647	5.4228516	4.5672112
13.364386	5.4326172	4.8874454
15.916733	5.4423828	5.1897058
13.816765	5.4521484	5.4714975
11.423614	5.4619141	5.7332549
11.340063	5.4716797	5.9736991
11.243101	5.4814453	6.1910686
12.308907	5.4912109	6.3863096
15.76785	5.5009766	6.5568299
13.752515	5.5107422	6.7046528
12.792845	5.5205078	6.8274574
11.274533	5.5302734	6.9243388
11.742639	5.5400391	6.998075
10.291976	5.5498047	7.0482316
10.482444	5.5595703	7.0723767
-6.9166651	5.5693359	7.0727916
-11.158059	5.5791016	7.0455151
-14.440378	5.5888672	6.9911423
-15.199953	5.5986328	6.9095635
-15.549664	5.6083984	6.7983174
-13.722095	5.6181641	6.6599855
-16.416807	5.6279297	6.4957242
-15.662413	5.6376953	6.3055987
-11.716107	5.6474609	6.0907226
-14.464581	5.6572266	5.8578815
-13.397635	5.6669922	5.6015658
-17.46401	5.6767578	5.3259621
-15.803635	5.6865234	5.0241785
-14.43699	5.6962891	4.7033029
-15.11462	5.7060547	4.3652177
-15.862565	5.7158203	4.010251
-16.131987	5.7255859	3.6408944
-16.688929	5.7353516	3.2581995
-19.359566	5.7451172	2.8627949
-19.229006	5.7548828	2.4573095
-18.626823	5.7646484	2.043524
-19.853598	5.7744141	1.6218438
-16.642874	5.7841797	1.1957988
-15.774299	5.7939453	0.76299042
-15.566987	5.8037109	0.32819462
-17.178968	5.8134766	-0.10592835
-14.52769	5.8232422	-0.54031408
-12.123375	5.8330078	-0.97234231
-8.6811838	5.8427734	-1.4014531
-15.390082	5.8525391	-1.8231372
-22.766611	5.8623047	-2.2389636
-18.813414	5.8720703	-2.6454546
-17.586641	5.8818359	-3.040457
-20.094566	5.8916016	-3.4262533
-15.58885	5.9013672	-3.797698
-14.769239	5.9111328	-4.1536832
-16.241964	5.9208984	-4.494472
-25.982269	5.9306641	-4.8173103
-20.369339	5.9404297	-5.1237903
-20.053539	5.9501953	-5.410078
-19.492384	5.9599609	-5.6744227
-19.165337	5.9697266	-5.9205337
-20.246861	5.9794922	-6.148243
-16.944483	5.9892578	-6.3540902
-14.193904	5.9990234	-6.5339136
-16.667938	6.0087891	-6.6863728
-15.171792	6.0185547	-6.8162279
-14.3604	6.0283203	-6.9206457
-13.556937	6.0380859	-6.9982839
-14.069304	6.0478516	-7.0522165
-13.783027	6.0576172	-7.0811033
-1.5532365	6.0673828	-7.0845776
6.5841947	6.0771484	-7.0612845
9.706954	6.0869141	-7.0108666
7.0277019	6.0966797	-6.9328289
6.6189561	6.1064453	-6.827363
7.7281494	6.1162109	-6.6957726
7.4354115	6.1259766	-6.5376019
7.391593	6.1357422	-6.3532372
7.1079006	6.1455078	-6.1447372
6.8318682	6.1552734	-5.9110785
8.2648716	6.1650391	-5.6549168
9.6721926	6.1748047	-5.3766193
13.01932	6.1845703	-5.0782652
10.781724	6.1943359	-4.7596359
9.9424038	6.2041016	-4.4250216
12.861529	6.2138672	-4.0744767
14.501949	6.2236328	-3.7090209
12.347231	6.2333984	-3.328326
12.589933	6.2431641	-2.9354241
13.463386	6.2529297	-2.5322726
15.14632	6.2626953	-2.1203673
13.601151	6.2724609	-1.6999612
13.42108	6.2822266	-1.2733411
12.633939	6.2919922	-0.84447461
14.404709	6.3017578	-0.41112611
15.48403	6.3115234	0.024363305
12.392027	6.3212891	0.45839837
13.368821	6.3310547	0.8910659
9.7894688	6.3408203	1.3198858
11.91363	6.3505859	1.7403337
19.71405	6.3603516	2.1582122
19.512867	6.3701172	2.567481
12.526614	6.3798828	2.9669135
13.881631	6.3896484	3.3534348
16.927568	6.3994141	3.7291262
13.672374	6.4091797	4.0896711
11.625339	6.4189453	4.4356704
14.520041	6.4287109	4.7612619
15.435612	6.4384766	5.07054
11.348806	6.4482422	5.3611145
12.602388	6.4580078	5.6314263
11.019409	6.4677734	5.8808284
11.430086	6.4775391	6.1068025
16.381882	6.4873047	6.3103433
16.406912	6.4970703	6.4930739
13.807265	6.5068359	6.6480193
12.647651	6.5166016	6.780755
11.590519	6.5263672	6.8886237
11.919974	6.5361328	6.9715152
12.359023	6.5458984	7.0312881
11.344802	6.5556641	7.0656743
6.1989412	6.5654297	7.0746193
-11.398213	6.5751953	7.0591393
-12.551249	6.5849609	7.0162134
-14.562742	6.5947266	6.9461975
-14.705956	6.6044922	6.8463583
-14.618482	6.6142578	6.7175608
-15.596171	6.6240234	6.5644922
-16.28875	6.6337891	6.3851123
-12.734067	6.6435547	6.1791716
-13.752666	6.6533203	5.9535155
-13.955194	6.6630859	5.7072663
-16.821129	6.6728516	5.4392371
-14.633336	6.6826172	5.1472974
-16.295771	6.6923828	4.8337955
-16.158749	6.7021484	4.5020785
-15.452178	6.7119141	4.1543775
-17.364277	6.7216797	3.7899747
-18.336508	6.7314453	3.4134409
-16.045048	6.7412109	3.0223022
-20.810646	6.7509766	2.6194999
-19.900408	6.7607422	2.2098577
-18.309952	6.7705078	1.7918079
-18.771225	6.7802734	1.3675979
-15.543518	6.7900391	0.9369542
-16.424339	6.7998047	0.50307596
-15.960425	6.8095703	0.067145094
-15.639782	6.8193359	-0.3685115
-12.596464	6.8291016	-0.80085301
-11.18154	6.8388672	-1.2309484
-17.300144	6.8486328	-1.6567187
-19.646006	6.8583984	-2.0745144
-18.17618	6.8681641	-2.4837065
-15.334064	6.8779297	-2.8860292
-18.652761	6.8876953	-3.2748997
-19.217842	6.8974609	-3.651165
-14.803384	6.9072266	-4.0137124
-16.617403	6.9169922	-4.3616147
-20.340725	6.9267578	-4.69065
-24.965427	6.9365234	-5.0045338
-20.105961	6.9462891	-5.2984252
-19.13456	6.9560547	-5.5709233
-18.845219	6.9658203	-5.8248143
-17.613266	6.9755859	-6.0586619
-18.123667	6.9853516	-6.2762165
-14.89073	6.9951172	-6.4645014
-15.65871	7.0048828	-6.6294417
-14.486234	7.0146484	-6.7685394
-15.292002	7.0244141	-6.8823028
-13.246935	7.0341797	-6.9709125
-13.002392	7.0439453	-7.035327
-13.111543	7.0537109	-7.0713263
-12.007531	7.0634766	-7.0858026
4.6251693	7.0732422	-7.0742984
7.5494637	7.0830078	-7.0344205
8.4247789	7.0927734	-6.9675126
7.842237	7.1025391	-6.8737569
8.8031635	7.1123047	-6.7531071
8.0711908	7.1220703	-6.6044631
8.9891148	7.1318359	-6.4300375
9.4317942	7.1416016	-6.2318382
8.8549452	7.1513672	-6.0070124
8.5715561	7.1611328	-5.7602019
9.4267654	7.1708984	-5.4902616
11.494733	7.1806641	-5.2002101
12.091663	7.1904297	-4.8898354
12.748689	7.2001953	-4.5613813
13.849278	7.2099609	-4.2172775
14.140073	7.2197266	-3.8568845
13.232394	7.2294922	-3.4821446
13.096607	7.2392578	-3.0941503
14.033552	7.2490234	-2.6948185
14.230842	7.2587891	-2.2865615
12.891658	7.2685547	-1.8693688
13.303734	7.2783203	-1.4454092
12.754126	7.2880859	-1.0174611
12.785999	7.2978516	-0.58475584
14.444545	7.3076172	-0.14976692
12.113969	7.3173828	0.28436008
13.114605	7.3271484	0.71746045
12.2088	7.3369141	1.1489748
11.828146	7.3466797	1.5738715
11.489936	7.3564453	1.9939507
9.2479172	7.3662109	2.4066577
11.860754	7.3759766	2.8079867
11.061808	7.3857422	3.2011027
16.212265	7.3955078	3.5806122
10.193174	7.4052734	3.9465106
9.4615154	7.4150391	4.2981095
12.622122	7.4248047	4.6332216
13.265991	7.4345703	4.9498067
10.778999	7.4443359	5.2480736
13.529778	7.4541016	5.526268
9.1258326	7.4638672	5.783699
11.624792	7.4736328	6.0186014
13.105048	7.4833984	6.2327919
14.3399	7.4931641	6.4223471
11.542707	7.5029297	6.5884161
12.228917	7.5126953	6.7318463
10.084082	7.5224609	6.8486238
10.40874	7.5322266	6.9417605
10.049891	7.5419922	7.0094304
10.863935	7.5517578	7.05369
9.8279791	7.5615234	7.0742168
-10.760931	7.5712891	7.0682573
-10.525878	7.5810547	7.0352592
-15.225448	7.5908203	6.9765115
-14.279306	7.6005859	6.8896728
-14.611403	7.6103516	6.772934
-13.134267	7.6201172	6.6291766
-13.48661	7.6298828	6.460032
-14.100399	7.6396484	6.2629972
-13.127073	7.6494141	6.0456333
-12.708957	7.6591797	5.8077488
-14.74357	7.6689453	5.5489936
-15.523704	7.6787109	5.2658815
-16.318727	7.6884766	4.9601164
-15.973277	7.6982422	4.6372623
-15.383261	7.7080078	4.2946668
-15.904464	7.7177734	3.9374905
-15.633636	7.7275391	3.5644906
-15.141686	7.7373047	3.1789615
-16.992027	7.7470703	2.7823992
-19.013836	7.7568359	2.3747599
-19.343559	7.7666016	1.9584599
-17.513578	7.7763672	1.5359523
-17.137196	7.7861328	1.1084291
-18.446066	7.7958984	0.6752224
-15.969366	7.8056641	0.24104276
-16.658438	7.8154297	-0.19413969
-13.987697	7.8251953	-0.62801361
-30.734495	7.8349609	-1.0579543
-16.106407	7.8447266	-1.4862447
-20.393997	7.8544922	-1.9081802
-19.790558	7.8642578	-2.321213
-17.32616	7.8740234	-2.7268269
-16.615517	7.8837891	-3.1207051
-19.138657	7.8935547	-3.502115
-15.503157	7.9033203	-3.8705149
-16.42201	7.9130859	-4.2224226
-17.757877	7.9228516	-4.5602598
-23.350782	7.9326172	-4.8801761
-20.434998	7.9423828	-5.1831884
-18.685137	7.9521484	-5.4659638
-19.459986	7.9619141	-5.7260394
-17.237558	7.9716797	-5.9672732
-21.384319	7.9814453	-6.192668
-18.356949	7.9912109	-6.393404
-17.743988	8.0009766	-6.5670428
-16.400986	8.0107422	-6.7157187
-16.384094	8.0205078	-6.8399868
-14.737237	8.0302734	-6.9380374
-14.209247	8.0400391	-7.0117359
-12.951553	8.0498047	-7.0614877
-13.028761	8.0595703	-7.0835571
4.6440401	8.0693359	-7.0829659
6.9619737	8.0791016	-7.0534582
8.8010559	8.0888672	-6.9974761
10.242989	8.0986328	-6.915617
7.1122546	8.1083984	-6.803545
7.0869808	8.1181641	-6.6668892
6.6845446	8.1279297	-6.503767
8.1111679	8.1376953	-6.3135409
8.6494255	8.1474609	-6.0991516
7.3146191	8.1572266	-5.861362
9.1312456	8.1669922	-5.600678
9.450654	8.1767578	-5.318769
9.9817753	8.1865234	-5.0155301
10.273559	8.1962891	-4.6951132
10.66114	8.2060547	-4.3567381
13.545982	8.2158203	-4.0026126
13.231113	8.2255859	-3.6326163
13.838732	8.2353516	-3.2501969
13.143616	8.2451172	-2.8560102
12.232026	8.2548828	-2.4506159
14.143029	8.2646484	-2.0380588
12.884673	8.2744141	-1.6171124
13.881642	8.2841797	-1.1899965
12.288977	8.2939453	-0.75811052
14.761358	8.3037109	-0.32416451
11.586561	8.3134766	0.11119945
13.367203	8.3232422	0.54521739
13.451441	8.3330078	0.97713816
11.096732	8.3427734	1.403816
12.314681	8.3525391	1.8260154
18.047274	8.3623047	2.2414355
11.328922	8.3720703	2.6489975
12.727315	8.3818359	3.0448523
11.840672	8.3916016	3.4300535
17.613895	8.4013672	3.8024402
11.383835	8.4111328	4.1591682
10.423072	8.4208984	4.5010314
14.772767	8.4306641	4.8240643
16.43597	8.4404297	5.1305141
14.982745	8.4501953	5.4190044
11.511473	8.4599609	5.6831794
9.6212835	8.4697266	5.9274082
9.7888165	8.4794922	6.1489816
13.555017	8.4892578	6.3483763
13.373897	8.4990234	6.5254116
11.372356	8.5087891	6.6776352
10.965263	8.5185547	6.8044553
10.901271	8.5283203	6.9070654
10.87361	8.5380859	6.9860106
9.6970596	8.5478516	7.0399528
9.5298052	8.5576172	7.0691352
1.489534	8.5673828	7.0739689
-10.463537	8.5771484	7.05305
-11.502183	8.5869141	7.003243
-14.522741	8.5966797	6.9289041
-14.778796	8.6064453	6.8218122
-13.457332	8.6162109	6.6896086
-14.040584	8.6259766	6.5284724
-13.683515	8.6357422	6.3443036
-12.942706	8.6455078	6.1345611
-13.326387	8.6552734	5.9046273
-15.137228	8.6650391	5.6554017
-16.691874	8.6748047	5.3830671
-15.911239	8.6845703	5.0855036
-16.209555	8.6943359	4.7693152
-15.098555	8.7041016	4.4340715
-15.892891	8.7138672	4.0817652
-16.457273	8.7236328	3.7160115
-17.465057	8.7333984	3.3348458
-18.820364	8.7431641	2.9416542
-20.104565	8.7529297	2.5380514
-18.657021	8.7626953	2.1259537
-17.567526	8.7724609	1.7057046
-19.267982	8.7822266	1.2807977
-18.387568	8.7919922	0.84897661
-16.995602	8.8017578	0.41592222
-16.974554	8.8115234	-0.020848773
-14.477899	8.8212891	-0.45558968
-12.520817	8.8310547	-0.88847715
-9.0609541	8.8408203	-1.3160394
-14.229701	8.8505859	-1.7409707
-17.867098	8.8603516	-2.1558261
-18.602039	8.8701172	-2.5661716
-15.778199	8.8798828	-2.9631488
-16.601627	8.8896484	-3.3509316
-17.980057	8.8994141	-3.7247274
-15.91813	8.9091797	-4.0840445
-17.090178	8.9189453	-4.4286833
-19.586691	8.9287109	-4.7556071
-24.351652	8.9384766	-5.0638585
-19.849697	8.9482422	-5.3557248
-19.365549	8.9580078	-5.6240816
-18.056274	8.9677734	-5.8740287
-17.222437	8.9775391	-6.1041064
-20.404358	8.9873047	-6.3156824
-17.3521	8.9970703	-6.500062
-16.498379	9.0068359	-6.6603522
-15.429943	9.0166016	-6.7938595
-14.434219	9.0263672	-6.9026961
-12.752716	9.0361328	-6.9850307
-12.343261	9.0458984	-7.043972
-12.086867	9.0556641	-7.0771246
-8.3256979	9.0654297	-7.0858626
5.5510435	9.0751953	-7.0672836
7.9590249	9.0849609	-7.0243063
7.1530929	9.0947266	-6.9525309
6.4963126	9.1044922	-6.8517818
6.9560599	9.1142578	-6.7255273
7.3368659	9.1240234	-6.5711532
9.6854868	9.1337891	-6.3937712
7.3358531	9.1435547	-6.187912
6.5988512	9.1533203	-5.9586482
7.5100455	9.1630859	-5.7071166
9.4883251	9.1728516	-5.4341068
11.435442	9.1826172	-5.1395173
9.4672432	9.1923828	-4.8264513
11.037512	9.2021484	-4.4942508
13.470068	9.2119141	-4.1456275
13.484562	9.2216797	-3.782676
14.730892	9.2314453	-3.4053862
13.934448	9.2412109	-3.0149469
13.773842	9.2509766	-2.6137197
14.638238	9.2607422	-2.203341
14.152168	9.2705078	-1.7850106
13.635598	9.2802734	-1.3588904
12.219314	9.2900391	-0.93133628
14.818145	9.2998047	-0.49796551
17.143867	9.3095703	-0.064177722
13.156794	9.3193359	0.37206811
13.92559	9.3291016	0.80468607
12.67097	9.3388672	1.2336071
11.710299	9.3486328	1.658318
15.498652	9.3583984	2.0778196
22.680422	9.3681641	2.4867723
11.723232	9.3779297	2.8888783
9.8164082	9.3876953	3.2777011
21.067762	9.3974609	3.65573
11.961558	9.4072266	4.0180178
12.938096	9.4169922	4.3674059
11.415034	9.4267578	4.698432
19.292673	9.4365234	5.0093355
17.68404	9.4462891	5.3058681
10.656729	9.4560547	5.579627
10.20222	9.4658203	5.8324742
9.3404312	9.4755859	6.0636063
10.995241	9.4853516	6.2722545
15.382841	9.4951172	6.457406
16.464235	9.5048828	6.6187057
13.21116	9.5146484	6.7565942
10.697777	9.5244141	6.8687568
11.526944	9.5341797	6.9570217
10.76184	9.5439453	7.0200119
10.688696	9.5537109	7.0607896
9.011035	9.5634766	7.0755715
-11.546852	9.5732422	7.0646191
-12.195343	9.5830078	7.0267634
-14.756305	9.5927734	6.9617267
-14.397513	9.6025391	6.8676667
-16.751245	9.6123047	6.746933
-17.118093	9.6220703	6.5969305
-15.924893	9.6318359	6.4224
-14.412939	9.6416016	6.2212634
-12.868433	9.6513672	5.9995222
-14.742161	9.6611328	5.756958
-14.816515	9.6708984	5.4940257
-17.785818	9.6806641	5.2066941
-15.148427	9.6904297	4.8980284
-14.923944	9.7001953	4.5695615
-15.904009	9.7099609	4.2242122
-17.62443	9.7197266	3.863266
-17.537176	9.7294922	3.4890559
-16.669069	9.7392578	3.1006629
-20.222227	9.7490234	2.7011707
-18.626032	9.7587891	2.2940903
-17.865002	9.7685547	1.8738097
-18.736404	9.7783203	1.45096
-16.35676	9.7880859	1.0213896
-15.344668	9.7978516	0.58805335
-15.08327	9.8076172	0.15326431
-15.494623	9.8173828	-0.28078705
-12.20645	9.8271484	-0.71430933
-12.029556	9.8369141	-1.1464628
-6.2325735	9.8466797	-1.5727371
-16.123394	9.8564453	-1.9924467
-18.965872	9.8662109	-2.4023314
-16.214268	9.8759766	-2.806936
-14.593732	9.8857422	-3.1974185
-21.091755	9.8955078	-3.5759258
-16.545296	9.9052734	-3.9423771
-17.484335	9.9150391	-4.2905197
-20.760334	9.9248047	-4.6255007
-22.705097	9.9345703	-4.942482
-21.161243	9.9443359	-5.2412009
-19.545595	9.9541016	-5.5181766
-20.104252	9.9638672	-5.7753463
-17.027628	9.9736328	-6.0133605
-19.848951	9.9833984	-6.2343388
-16.854191	9.9931641	-6.4300389
-14.739519	10.00293	-6.5998178
-15.252631	10.012695	-6.7428098
-15.723355	10.022461	-6.8625731
-13.403408	10.032227	-6.955018
-13.431104	10.041992	-7.0230079
-11.774991	10.051758	-7.0674791
-12.566708	10.061523	-7.085566
5.1002831	10.071289	-7.0785379
7.7833071	10.081055	-7.0454464
9.3076735	10.09082	-6.9837894
8.7398806	10.100586	-6.8944674
7.1425223	10.110352	-6.7790146
7.3211036	10.120117	-6.6346502
7.2855849	10.129883	-6.466393
9.1234798	10.139648	-6.2729983
10.450254	10.149414	-6.0528421
7.5540271	10.15918	-5.8112926
9.5206671	10.168945	-5.5456443
11.548738	10.178711	-5.2599988
11.3706	10.188477	-4.9542356
11.170155	10.198242	-4.6285582
11.321029	10.208008	-4.2872005
14.289538	10.217773	-3.9300928
13.641652	10.227539	-3.5574174
15.608629	10.237305	-3.1730678
13.496133	10.24707	-2.7766333
15.461701	10.256836	-2.3683434
16.798393	10.266602	-1.9528625
15.132525	10.276367	-1.5311642
14.271796	10.286133	-1.1028295
13.589521	10.295898	-0.67126501
15.351386	10.305664	-0.23573069
14.21416	10.31543	0.1982092
13.402826	10.325195	0.63099086
14.222495	10.334961	1.0625645
13.157213	10.344727	1.4894125
15.903428	10.354492	1.9101413
11.869741	10.364258	2.3235879
17.355732	10.374023	2.7288094
14.735968	10.383789	3.1235344
21.2645	10.393555	3.5047896
17.789688	10.40332	3.8747976
12.552482	10.413086	4.2285056
12.378744	10.422852	4.5684304
17.967989	10.432617	4.8867793
17.455605	10.442383	5.1893163
8.8368187	10.452148	5.4719076
10.885194	10.461914	5.7337599
10.67248	10.47168	5.9743543
13.351394	10.481445	6.1907973
17.077	10.491211	6.3858495
14.206325	10.500977	6.5574241
11.910929	10.510742	6.7049274
11.366967	10.520508	6.8260665
11.308445	10.530273	6.9257584
11.657644	10.540039	6.999826
12.133596	10.549805	7.0466185
11.236896	10.55957	7.0719638
-7.0403328	10.569336	7.0723581
-11.330692	10.579102	7.0445967
-12.753252	10.588867	6.9915042
-14.1887	10.598633	6.9094205
-16.58548	10.608398	6.7984576
-15.097251	10.618164	6.6594052
-15.150488	10.62793	6.4959359
-14.674746	10.637695	6.3040609
-13.712305	10.647461	6.0901465
-13.961421	10.657227	5.8559308
-14.995876	10.666992	5.6010413
-14.687912	10.676758	5.3245444
-15.902275	10.686523	5.0216799
-15.277544	10.696289	4.7014942
-15.325751	10.706055	4.3621545
-16.361174	10.71582	4.0094686
-15.405006	10.725586	3.6401889
-15.417137	10.735352	3.2570391
-19.852758	10.745117	2.8611808
-18.108801	10.754883	2.4569478
-20.302389	10.764648	2.0436978
-20.416313	10.774414	1.6215647
-18.930506	10.78418	1.1945666
-16.644587	10.793945	0.76239693
-18.284645	10.803711	0.32888475
-16.173347	10.813477	-0.10586986
-14.667202	10.823242	-0.54238832
-12.523937	10.833008	-0.97368979
-10.317646	10.842773	-1.4006528
-18.004759	10.852539	-1.8237672
-20.50452	10.862305	-2.2389362
-16.59618	10.87207	-2.6460071
-16.474188	10.881836	-3.0421743
-20.565861	10.891602	-3.425941
-15.841227	10.901367	-3.7974477
-16.581976	10.911133	-4.1550531
-17.183832	10.920898	-4.4957294
-19.771862	10.930664	-4.8185344
-24.316589	10.94043	-5.1249466
-18.201851	10.950195	-5.4103661
-20.166498	10.959961	-5.6744266
-18.686579	10.969727	-5.9221559
-16.424503	10.979492	-6.1486106
-20.408386	10.989258	-6.3545036
-19.287376	10.999023	-6.5353417
-16.482744	11.008789	-6.6887279
-14.295126	11.018555	-6.816833
-14.591962	11.02832	-6.9214272
-13.723235	11.038086	-6.9987922
-13.583177	11.047852	-7.051578
-13.477018	11.057617	-7.0823216
-0.85041392	11.067383	-7.084794
6.3501997	11.077148	-7.0619593
8.9855757	11.086914	-7.012198
8.7277384	11.09668	-6.9345188
8.2431469	11.106445	-6.8276896
7.286016	11.116211	-6.6963816
8.1926117	11.125977	-6.5387926
7.6784635	11.135742	-6.3533959
7.3532457	11.145508	-6.1438971
7.7860661	11.155273	-5.9110093
8.6205902	11.165039	-5.6548071
10.52667	11.174805	-5.3772783
11.351926	11.18457	-5.078259
9.2537146	11.194336	-4.7592039
9.9645815	11.204102	-4.4254289
14.556013	11.213867	-4.0750065
14.442893	11.223633	-3.7080846
14.867797	11.233398	-3.3290267
15.570992	11.243164	-2.9364522
14.950975	11.25293	-2.5321851
13.774086	11.262695	-2.1209328
14.840822	11.272461	-1.6995555
15.416625	11.282227	-1.2743198
12.555904	11.291992	-0.84355479
15.697431	11.301758	-0.41154763
12.97337	11.311523	0.023567118
12.996572	11.321289	0.45886588
13.769615	11.331055	0.89127749
14.230515	11.34082	1.3189973
13.497146	11.350586	1.7425916
23.601484	11.360352	2.1592922
12.083981	11.370117	2.5684338
13.015745	11.379883	2.966203
14.736084	11.389648	3.3537242
14.760287	11.399414	3.7303026
12.297009	11.40918	4.0897307
11.330832	11.418945	4.4351568
16.715273	11.428711	4.7616348
15.874103	11.438477	5.0702329
10.925682	11.448242	5.3620973
11.140842	11.458008	5.6317124
12.262084	11.467773	5.880271
11.909323	11.477539	6.107502
13.627707	11.487305	6.3103662
14.964305	11.49707	6.4918118
11.976482	11.506836	6.6484184
11.82385	11.516602	6.7806792
12.034213	11.526367	6.8889742
10.158203	11.536133	6.9713016
9.9822645	11.545898	7.0311141
9.472517	11.555664	7.0659246
7.1882272	11.56543	7.0748625
-11.046906	11.575195	7.0577512
-12.442784	11.584961	7.0160465
-14.405977	11.594727	6.9457779
-15.483436	11.604492	6.8452501
-15.223283	11.614258	6.7179952
-15.109545	11.624023	6.5635533
-17.051701	11.633789	6.3829312
-13.481675	11.643555	6.1788712
-11.816178	11.65332	5.9526448
-12.095459	11.663086	5.7068253
-13.277028	11.672852	5.4387484
-14.205219	11.682617	5.147347
-15.73573	11.692383	4.8331523
-15.493855	11.702148	4.5015936
-14.19998	11.711914	4.1530094
-16.70043	11.72168	3.7891805
-16.862097	11.731445	3.4130614
-17.484173	11.741211	3.0200469
-19.438833	11.750977	2.6201801
-18.667337	11.760742	2.2100754
-17.901812	11.770508	1.7899289
-20.517014	11.780273	1.3654402
-16.240088	11.790039	0.9346022
-15.994383	11.799805	0.50117773
-15.581178	11.80957	0.066967964
-15.094748	11.819336	-0.36811846
-13.07386	11.829102	-0.8015027
-13.050716	11.838867	-1.2316936
-21.711468	11.848633	-1.655359
-21.323969	11.858398	-2.0762091
-19.717194	11.868164	-2.4853065
-17.883081	11.87793	-2.884181
-11.674676	11.887695	-3.1737971
-12.641935	11.897461	-3.2836022
-12.252398	11.907227	-3.3300416
-11.371402	11.916992	-3.3511238
-13.055548	11.926758	-3.3609068
-14.114822	11.936523	-3.3637755
-12.647185	11.946289	-3.3640924
-11.050457	11.956055	-3.3637354
-9.600317	11.96582	-3.3646252
-6.761076	11.975586	-3.3625717
-3.4538796	11.985352	-3.3626912
-1.8228661	11.995117	-3.3609378
-0.61964381	12.004883	-3.3600824
0.1411885	12.014648	-3.3588636
0.42218018	12.024414	-3.3582559
0.67744404	12.03418	-3.3578126
0.18951251	12.043945	-3.3575187
1.0874704	12.053711	-3.3571038
1.3414189	12.063477	-3.3544855
2.1039159	12.073242	-3.3550458
1.6116771	12.083008	-3.3544443
1.7452985	12.092773	-3.3542871
1.2513367	12.102539	-3.3543398
2.0848587	12.112305	-3.3538592
2.3945701	12.12207	-3.352726
1.8835185	12.131836	-3.3529689
1.8151826	12.141602	-3.3520861
2.8549111	12.151367	-3.3512406
3.119884	12.161133	-3.3521452
3.4608879	12.170898	-3.3503702
2.890115	12.180664	-3.3495426
2.6626744	12.19043	-3.3497627
3.1310134	12.200195	-3.3498023
3.3010612	12.209961	-3.3488214
3.6047189	12.219727	-3.3477752
3.675127	12.229492	-3.3481169
3.8595171	12.239258	-3.3477163
3.5997596	12.249023	-3.3461406
3.2685814	12.258789	-3.3465831
3.8470957	12.268555	-3.3469625
4.5054708	12.27832	-3.3467648
3.8868399	12.288086	-3.3457997
4.2873549	12.297852	-3.3447216
3.7791207	12.307617	-3.3441057
4.6989417	12.317383	-3.3447287
4.7908397	12.327148	-3.3448241
4.542398	12.336914	-3.3439186
4.8859162	12.34668	-3.3445346
4.2786937	12.356445	-3.3435609
5.3773403	12.366211	-3.3415821
3.8801925	12.375977	-3.3423276
