MTS793|MPT|ENU|1|2|.|/|:|1|0|0|A

Data Acquisition						Time:	12.368164	s	4/10/2018 10:26:10 AM
Axial Force	Running Time	Axial Displacement
N	s	mm
7.0938144	0.012695313	-2.1906629
7.3779955	0.022460938	-2.1910205
7.4311743	0.032226563	-2.191539
7.8941464	0.041992188	-2.1917357
8.3829632	0.051757813	-2.1905093
12.52276	0.061523438	-2.1903963
25.095709	0.071289063	-2.183418
49.714176	0.081054688	-2.169256
65.923599	0.090820313	-2.1461949
39.681252	0.10058594	-2.1155925
57.246227	0.11035156	-2.0776227
70.206306	0.12011719	-2.0302415
70.520508	0.12988281	-1.9768149
50.584114	0.13964844	-1.9132495
82.994781	0.14941406	-1.8443942
55.61615	0.15917969	-1.7687454
64.89534	0.16894531	-1.6874299
67.984718	0.17871094	-1.5996218
62.103508	0.18847656	-1.5045569
59.788353	0.19824219	-1.4049888
69.820702	0.20800781	-1.3017938
61.319099	0.21777344	-1.1921778
62.390942	0.22753906	-1.0792553
72.174301	0.23730469	-0.9616673
61.797729	0.24707031	-0.84104091
67.944565	0.25683594	-0.71856678
71.554214	0.26660156	-0.5924508
73.090797	0.27636719	-0.46627969
73.437592	0.28613281	-0.33512563
69.69191	0.29589844	-0.20661354
77.493866	0.30566406	-0.076170266
80.490082	0.31542969	0.053843856
75.160156	0.32519531	0.18498302
71.97374	0.33496094	0.31263977
62.27726	0.34472656	0.44078529
69.276703	0.35449219	0.56569129
64.524765	0.36425781	0.6878987
56.679699	0.37402344	0.80780238
59.822784	0.38378906	0.92523992
61.507664	0.39355469	1.0368631
51.465031	0.40332031	1.1462241
59.316868	0.41308594	1.2498007
57.422325	0.42285156	1.3483405
54.05175	0.43261719	1.4416039
66.351044	0.44238281	1.528582
46.678009	0.45214844	1.6120195
68.710213	0.46191406	1.6867354
47.533089	0.47167969	1.7547071
57.156693	0.48144531	1.817663
58.796917	0.49121094	1.8720359
39.138214	0.50097656	1.9212618
58.987858	0.51074219	1.9614472
56.332867	0.52050781	1.9949124
44.449802	0.53027344	2.0211875
41.710339	0.54003906	2.038245
25.998394	0.54980469	2.0485253
24.218309	0.55957031	2.0508363
11.126407	0.56933594	2.0468383
-6.2923994	0.57910156	2.0345092
-12.861193	0.58886719	2.0141454
-17.403496	0.59863281	1.9871995
-83.181938	0.60839844	1.9531995
-26.836723	0.61816406	1.909636
-14.867831	0.62792969	1.8595352
-75.320068	0.63769531	1.8042654
-32.670891	0.64746094	1.7394006
-35.835186	0.65722656	1.6701057
-67.2145	0.66699219	1.5954256
-14.77938	0.67675781	1.5104904
-65.247116	0.68652344	1.4229848
-21.733028	0.69628906	1.3281435
-47.000591	0.70605469	1.2298703
-34.910336	0.71582031	1.1257575
-31.351227	0.72558594	1.0196984
-48.873783	0.73535156	0.90848356
-37.907776	0.74511719	0.79367459
-34.663326	0.75488281	0.6754145
-54.134571	0.76464844	0.5581513
-43.995876	0.77441406	0.43597072
-55.295414	0.78417969	0.31224787
-60.903458	0.79394531	0.18882006
-58.663719	0.80371094	0.062933564
-53.371361	0.81347656	-0.061371922
-46.191364	0.82324219	-0.18643737
-54.439148	0.83300781	-0.3104955
-44.11504	0.84277344	-0.43372512
-41.532177	0.85253906	-0.55470765
-44.864834	0.86230469	-0.67147762
-44.307983	0.87207031	-0.78735054
-35.54353	0.88183594	-0.90001374
-32.093479	0.89160156	-1.0085672
-33.737659	0.90136719	-1.1133403
-27.506727	0.91113281	-1.2132361
-36.156036	0.92089844	-1.3095379
-24.150427	0.93066406	-1.4010952
-32.415218	0.94042969	-1.4869883
-19.521965	0.95019531	-1.5657842
-38.45892	0.95996094	-1.6400546
-10.625739	0.96972656	-1.7082796
-43.542557	0.97949219	-1.7699212
-9.2866831	0.98925781	-1.8256083
-24.258801	0.99902344	-1.8754154
-35.191349	1.0087891	-1.9172609
-5.7915807	1.0185547	-1.9546986
-12.174586	1.0283203	-1.9818395
-11.08658	1.0380859	-2.0022228
-8.6051769	1.0478516	-2.014245
-10.295061	1.0576172	-2.019134
2.2964902	1.0673828	-2.0163803
3.214355	1.0771484	-2.005209
5.1530542	1.0869141	-1.9873753
10.588532	1.0966797	-1.961659
57.453384	1.1064453	-1.9270525
64.321098	1.1162109	-1.8860207
45.732178	1.1259766	-1.8361106
50.069008	1.1357422	-1.7803862
69.09716	1.1455078	-1.7174647
55.337509	1.1552734	-1.6473756
54.394726	1.1650391	-1.5713408
76.939224	1.1748047	-1.489076
39.385757	1.1845703	-1.4008687
78.147751	1.1943359	-1.309432
49.291187	1.2041016	-1.2095556
63.456028	1.2138672	-1.1083081
65.658096	1.2236328	-1.0014415
56.780926	1.2333984	-0.88976622
67.142326	1.2431641	-0.77685863
71.821465	1.2529297	-0.6582588
65.572159	1.2626953	-0.54049343
68.004951	1.2724609	-0.41902661
77.725189	1.2822266	-0.29662699
75.207588	1.2919922	-0.17267466
75.4785	1.3017578	-0.0491485
74.860573	1.3115234	0.075148046
75.862	1.3212891	0.19956231
73.76368	1.3310547	0.3229335
60.566963	1.3408203	0.44581592
71.470146	1.3505859	0.56564361
63.126682	1.3603516	0.68349689
58.495586	1.3701172	0.79834312
60.710331	1.3798828	0.91273785
60.071712	1.3896484	1.0211319
51.763084	1.3994141	1.1272937
58.458565	1.4091797	1.227422
59.076305	1.4189453	1.3229117
54.251556	1.4287109	1.4146879
64.169785	1.4384766	1.5015274
50.791965	1.4482422	1.5821874
61.597416	1.4580078	1.6554952
57.094139	1.4677734	1.724875
45.011421	1.4775391	1.786916
71.296135	1.4873047	1.8419967
39.833931	1.4970703	1.891464
51.038517	1.5068359	1.9335463
61.972382	1.5166016	1.9679427
44.833694	1.5263672	1.9960403
49.419689	1.5361328	2.0161777
37.676502	1.5458984	2.029027
23.525137	1.5556641	2.0343051
15.60148	1.5654297	2.0330162
-1.1946889	1.5751953	2.0251007
-12.517591	1.5849609	2.0074739
-15.844662	1.5947266	1.9826293
-50.070183	1.6044922	1.9520655
-59.362335	1.6142578	1.9126608
1.7927028	1.6240234	1.86515
-59.018448	1.6337891	1.8133312
-55.038174	1.6435547	1.7527401
-14.318421	1.6533203	1.6840249
-72.829056	1.6630859	1.6125307
-22.913481	1.6728516	1.5309364
-49.792149	1.6826172	1.4462962
-40.785351	1.6923828	1.3539046
-34.470016	1.7021484	1.2583063
-39.786568	1.7119141	1.1569276
-42.397747	1.7216797	1.0511174
-37.303684	1.7314453	0.94171762
-39.377239	1.7412109	0.82775056
-40.570065	1.7509766	0.71261376
-50.644993	1.7607422	0.59366077
-41.371315	1.7705078	0.47310144
-58.693089	1.7802734	0.34950376
-59.768963	1.7900391	0.22484511
-48.930874	1.7998047	0.099496543
-54.921558	1.8095703	-0.026470423
-51.159424	1.8193359	-0.15094429
-56.695263	1.8291016	-0.27379394
-47.392284	1.8388672	-0.39693117
-41.037064	1.8486328	-0.51694512
-53.549141	1.8583984	-0.63595474
-36.161358	1.8681641	-0.75230747
-36.436165	1.8779297	-0.86569041
-41.643448	1.8876953	-0.97403526
-30.280207	1.8974609	-1.0822549
-32.615372	1.9072266	-1.1841685
-35.940098	1.9169922	-1.2822866
-27.516182	1.9267578	-1.3748527
-39.852982	1.9365234	-1.4624999
-16.836601	1.9462891	-1.5442119
-49.017254	1.9560547	-1.6193628
-17.075344	1.9658203	-1.6898632
-42.709915	1.9755859	-1.7541289
-26.161352	1.9853516	-1.8156514
-18.313259	1.9951172	-1.8670827
-44.257122	2.0048828	-1.9116759
-11.171924	2.0146484	-1.951021
-9.2510366	2.0244141	-1.9808517
-12.945617	2.0341797	-2.0042419
-9.2148428	2.0439453	-2.0193009
-12.699923	2.0537109	-2.0274057
-4.5088353	2.0634766	-2.0275548
2.453162	2.0732422	-2.0202131
5.1920304	2.0830078	-2.0049572
7.7272882	2.0927734	-1.9819036
35.594093	2.1025391	-1.9507468
61.641972	2.1123047	-1.9133419
57.917885	2.1220703	-1.8666178
47.980377	2.1318359	-1.8123806
55.765953	2.1416016	-1.751332
73.486664	2.1513672	-1.6850829
43.618778	2.1611328	-1.6100659
75.453049	2.1708984	-1.5318453
52.277969	2.1806641	-1.4453397
63.484303	2.1904297	-1.3547957
59.61404	2.2001953	-1.2578473
60.321793	2.2099609	-1.1563613
60.652496	2.2197266	-1.052846
62.131218	2.2294922	-0.94403625
67.13298	2.2392578	-0.83099902
62.956886	2.2490234	-0.71549267
69.334419	2.2587891	-0.59679896
73.564919	2.2685547	-0.47698319
70.627907	2.2783203	-0.35414249
73.025848	2.2880859	-0.22932142
80.4151	2.2978516	-0.1059413
83.591072	2.3076172	0.018621981
67.785385	2.3173828	0.14371723
75.098915	2.3271484	0.26704371
69.096046	2.3369141	0.39020479
67.54715	2.3466797	0.51148236
61.087009	2.3564453	0.62991381
61.045937	2.3662109	0.74596256
65.10511	2.3759766	0.85997581
53.716724	2.3857422	0.97080171
57.341518	2.3955078	1.0771245
61.793377	2.4052734	1.1791275
51.493073	2.4150391	1.2790143
65.059776	2.4248047	1.3727307
51.096123	2.4345703	1.4615208
64.867668	2.4443359	1.5433505
46.644165	2.4541016	1.6220942
73.656029	2.4638672	1.6915679
38.951668	2.4736328	1.7576665
69.375435	2.4833984	1.8134131
49.298637	2.4931641	1.8659353
39.561256	2.5029297	1.9127324
60.758095	2.5126953	1.9494519
54.523628	2.5224609	1.980713
42.153675	2.5322266	2.0033226
52.686451	2.5419922	2.0198135
30.518333	2.5517578	2.0279825
18.103491	2.5615234	2.0290046
4.9443216	2.5712891	2.0231485
-12.280839	2.5810547	2.0096273
-15.304552	2.5908203	1.9873112
-22.27677	2.6005859	1.9590348
-86.460587	2.6103516	1.9242883
2.1319604	2.6201172	1.8785462
-38.073338	2.6298828	1.8283381
-72.713852	2.6396484	1.7726288
-15.885267	2.6494141	1.7065912
-57.840408	2.6591797	1.6373664
-42.806263	2.6689453	1.5592307
-28.625305	2.6787109	1.4744296
-59.140278	2.6884766	1.3870106
-24.961889	2.6982422	1.2907684
-45.096748	2.7080078	1.1926486
-42.99398	2.7177734	1.0890648
-25.187002	2.7275391	0.98007321
-49.338818	2.7373047	0.86962134
-43.099964	2.7470703	0.75294524
-39.318806	2.7568359	0.63609928
-51.615726	2.7666016	0.51664859
-48.444935	2.7763672	0.39401501
-53.390301	2.7861328	0.27156919
-51.501312	2.7958984	0.14678538
-65.923668	2.8056641	0.022636354
-62.110043	2.8154297	-0.10318756
-46.574928	2.8251953	-0.22872686
-56.062382	2.8349609	-0.35274625
-45.404129	2.8447266	-0.47393739
-45.391129	2.8544922	-0.59320927
-36.732689	2.8642578	-0.71071386
-45.138454	2.8740234	-0.82527697
-38.908318	2.8837891	-0.93671083
-28.593826	2.8935547	-1.0452628
-38.806931	2.9033203	-1.1497571
-29.153469	2.9130859	-1.2482107
-36.715797	2.9228516	-1.3437599
-38.104378	2.9326172	-1.4330149
-23.675699	2.9423828	-1.5170991
-41.825882	2.9521484	-1.5941932
-24.168055	2.9619141	-1.6667873
-24.70154	2.9716797	-1.7337531
-39.349041	2.9814453	-1.7947927
-8.1595497	2.9912109	-1.8519416
-37.193371	3.0009766	-1.8988416
-18.774776	3.0107422	-1.9410938
-4.2223721	3.0205078	-1.974082
-14.013622	3.0302734	-1.9994885
-10.983576	3.0400391	-2.0175905
-13.159739	3.0498047	-2.0287275
-10.596472	3.0595703	-2.0325675
1.7956947	3.0693359	-2.0284965
3.9656413	3.0791016	-2.0158753
5.8200092	3.0888672	-1.9949839
14.338654	3.0986328	-1.9680619
59.726631	3.1083984	-1.9336343
57.185978	3.1181641	-1.8892751
51.819462	3.1279297	-1.8381164
50.904984	3.1376953	-1.7801986
70.48156	3.1474609	-1.7163813
55.884972	3.1572266	-1.6450629
55.777351	3.1669922	-1.5671804
78.095154	3.1767578	-1.48312
44.207066	3.1865234	-1.3949142
78.333038	3.1962891	-1.3006181
49.592171	3.2060547	-1.2016237
63.15905	3.2158203	-1.0976613
67.506287	3.2255859	-0.99082887
59.017487	3.2353516	-0.87948591
64.925339	3.2451172	-0.76401681
75.269249	3.2548828	-0.64652264
66.1007	3.2646484	-0.52692145
66.875145	3.2744141	-0.40561557
81.715683	3.2841797	-0.28258115
75.387062	3.2939453	-0.15905499
78.745949	3.3037109	-0.035107136
71.476517	3.3134766	0.090689957
76.36731	3.3232422	0.21461248
75.08094	3.3330078	0.33647269
61.113285	3.3427734	0.4598394
68.773262	3.3525391	0.58018714
64.609673	3.3623047	0.69672316
60.391525	3.3720703	0.81190765
56.498528	3.3818359	0.92457086
62.8703	3.3916016	1.033175
51.962265	3.4013672	1.1369109
60.001732	3.4111328	1.2373164
62.002884	3.4208984	1.3335317
53.713017	3.4306641	1.4234215
67.785416	3.4404297	1.5089959
47.26339	3.4501953	1.5888736
66.86853	3.4599609	1.6618893
50.592896	3.4697266	1.729332
51.410931	3.4794922	1.7906353
68.204979	3.4892578	1.8432409
38.152592	3.4990234	1.8932372
52.95602	3.5087891	1.932864
60.35004	3.5185547	1.9664884
43.892868	3.5283203	1.9926176
51.194103	3.5380859	2.0105586
43.605267	3.5478516	2.0223439
24.591257	3.5576172	2.0272553
13.379054	3.5673828	2.0238609
-4.6694183	3.5771484	2.0136862
-14.056242	3.5869141	1.9951731
-17.317699	3.5966797	1.9692049
-73.912277	3.6064453	1.9371257
-29.68189	3.6162109	1.8950999
-11.038605	3.6259766	1.8472999
-74.749748	3.6357422	1.7942816
-32.663113	3.6455078	1.7315969
-29.501575	3.6552734	1.6630635
-69.971504	3.6650391	1.5889436
-11.605851	3.6748047	1.5073836
-64.282143	3.6845703	1.4225662
-26.836246	3.6943359	1.3275325
-43.993816	3.7041016	1.2313753
-36.711037	3.7138672	1.1277423
-33.827904	3.7236328	1.0212824
-46.565071	3.7333984	0.91129988
-35.547794	3.7431641	0.79756081
-37.221298	3.7529297	0.68134516
-56.397602	3.7626953	0.56250244
-40.452148	3.7724609	0.44115633
-58.9123	3.7822266	0.31868219
-64.410927	3.7919922	0.19324422
-53.465843	3.8017578	0.067520142
-55.516079	3.8115234	-0.057853758
-48.046989	3.8212891	-0.18199235
-54.03035	3.8310547	-0.30587614
-45.920433	3.8408203	-0.42743385
-38.916862	3.8505859	-0.54772645
-49.399967	3.8603516	-0.6666556
-42.065689	3.8701172	-0.78211725
-36.345226	3.8798828	-0.89571923
-33.751629	3.8896484	-1.0044515
-36.724026	3.8994141	-1.1101365
-28.383778	3.9091797	-1.2108073
-36.484947	3.9189453	-1.3079315
-25.253325	3.9287109	-1.4002011
-34.608505	3.9384766	-1.4854655
-26.939508	3.9482422	-1.5658066
-46.25573	3.9580078	-1.6394899
-14.632428	3.9677734	-1.7091141
-47.106262	3.9775391	-1.7733425
-12.257509	3.9873047	-1.8327147
-26.46587	3.9970703	-1.8832773
-30.699606	4.0068359	-1.9270658
-4.0604153	4.0166016	-1.9634202
-13.001205	4.0263672	-1.9915491
-11.878844	4.0361328	-2.0135596
-11.966087	4.0458984	-2.0277009
-12.201618	4.0556641	-2.0347147
-1.9035069	4.0654297	-2.0333841
2.8356676	4.0751953	-2.0239382
4.7168231	4.0849609	-2.0077422
9.2036324	4.0947266	-1.9817054
47.642223	4.1044922	-1.9496351
59.776825	4.1142578	-1.9094884
54.737225	4.1240234	-1.8617854
52.315639	4.1337891	-1.8065467
56.912628	4.1435547	-1.7443702
71.674515	4.1533203	-1.6757697
45.403332	4.1630859	-1.5995429
78.356201	4.1728516	-1.5202075
48.053738	4.1826172	-1.4322176
70.144829	4.1923828	-1.3408616
53.743801	4.2021484	-1.2430265
64.007675	4.2119141	-1.1419072
60.922356	4.2216797	-1.0360763
60.150524	4.2314453	-0.9243995
69.778076	4.2412109	-0.81179142
63.991703	4.2509766	-0.6955117
66.189659	4.2607422	-0.57638437
71.943634	4.2705078	-0.45656562
76.179413	4.2802734	-0.33265501
71.078606	4.2900391	-0.20933598
76.152527	4.2998047	-0.085912645
85.778214	4.3095703	0.038677454
73.544273	4.3193359	0.1635164
74.496185	4.3291016	0.28786361
64.899765	4.3388672	0.40944517
71.601563	4.3486328	0.53039342
62.21962	4.3583984	0.65033585
57.30191	4.3681641	0.7646203
65.310265	4.3779297	0.87842196
56.35762	4.3876953	0.98937601
53.867367	4.3974609	1.0941654
65.38501	4.4072266	1.1966989
49.969315	4.4169922	1.2942598
60.939461	4.4267578	1.3869375
56.539867	4.4365234	1.4753952
56.565273	4.4462891	1.5562892
54.434696	4.4560547	1.6326159
66.449966	4.4658203	1.7017648
38.035965	4.4755859	1.765816
75.682259	4.4853516	1.8215537
40.917221	4.4951172	1.8732041
44.270832	4.5048828	1.915951
61.596043	4.5146484	1.9532189
49.034931	4.5244141	1.9810722
44.466816	4.5341797	2.0039768
53.086498	4.5439453	2.0169482
31.076418	4.5537109	2.0256548
19.03153	4.5634766	2.0254865
2.5626738	4.5732422	2.0173521
-13.459986	4.5830078	2.002661
-15.076332	4.5927734	1.9798174
-30.858606	4.6025391	1.949264
-75.221855	4.6123047	1.9128754
4.2467613	4.6220703	1.8657953
-51.493591	4.6318359	1.816076
-62.369938	4.6416016	1.7568424
-9.8294344	4.6513672	1.6900287
-69.521431	4.6611328	1.6195164
-25.782898	4.6708984	1.539138
-43.206787	4.6806641	1.4559999
-49.348221	4.6904297	1.3654456
-28.29138	4.7001953	1.2682647
-44.87912	4.7099609	1.1696801
-43.185356	4.7197266	1.0642245
-31.030014	4.7294922	0.95448643
-43.842964	4.7392578	0.84363818
-41.923115	4.7490234	0.72677433
-48.157864	4.7587891	0.61041266
-44.691319	4.7685547	0.48891157
-53.248962	4.7783203	0.36706477
-59.082069	4.7880859	0.24296641
-45.38953	4.7978516	0.11849105
-61.229675	4.8076172	-0.0049307942
-60.228237	4.8173828	-0.13023317
-54.510662	4.8271484	-0.25477409
-56.969166	4.8369141	-0.37909448
-39.027805	4.8466797	-0.50096512
-51.446198	4.8564453	-0.62070787
-33.509686	4.8662109	-0.7377699
-39.358936	4.8759766	-0.85147768
-46.794044	4.8857422	-0.96288025
-31.185173	4.8955078	-1.0697589
-39.713108	4.9052734	-1.1723459
-40.326302	4.9150391	-1.2715399
-29.057987	4.9248047	-1.3646438
-46.787586	4.9345703	-1.4532059
-24.362583	4.9443359	-1.5370607
-54.126385	4.9541016	-1.6130507
-21.856464	4.9638672	-1.6863257
-37.452938	4.9736328	-1.7509804
-31.677492	4.9833984	-1.8110067
-14.602382	4.9931641	-1.86515
-44.319103	5.0029297	-1.9109771
-13.475528	5.0126953	-1.9501016
-7.1582732	5.0224609	-1.9832134
-14.19835	5.0322266	-2.0079465
-12.401491	5.0419922	-2.0236373
-14.074333	5.0517578	-2.0329163
-6.8419847	5.0615234	-2.0346224
2.1874788	5.0712891	-2.029407
4.3458071	5.0810547	-2.0151064
6.9197149	5.0908203	-1.9938856
23.047697	5.1005859	-1.9637241
62.971802	5.1103516	-1.9276768
56.916157	5.1201172	-1.882419
53.322159	5.1298828	-1.8295751
50.611351	5.1396484	-1.7697141
72.709602	5.1494141	-1.7053574
53.332676	5.1591797	-1.6323447
67.283943	5.1689453	-1.5535877
66.963356	5.1787109	-1.4694736
53.169968	5.1884766	-1.3786449
67.6222	5.1982422	-1.2844771
56.575974	5.2080078	-1.1826247
58.349129	5.2177734	-1.0789931
67.457542	5.2275391	-0.97014606
62.207878	5.2373047	-0.85901022
61.752308	5.2470703	-0.7428214
73.809464	5.2568359	-0.62556118
72.010483	5.2666016	-0.50457716
68.033287	5.2763672	-0.38390905
80.940254	5.2861328	-0.25997609
76.391899	5.2958984	-0.1362443
83.812538	5.3056641	-0.011171401
69.45092	5.3154297	0.11290014
79.773613	5.3251953	0.23690015
74.342255	5.3349609	0.35998076
63.275398	5.3447266	0.48263967
64.344109	5.3544922	0.60148388
65.326744	5.3642578	0.71877241
61.708496	5.3740234	0.83315074
53.171959	5.3837891	0.9445861
64.195175	5.3935547	1.0522068
57.269894	5.4033203	1.1557966
55.02142	5.4130859	1.2553334
64.299332	5.4228516	1.3504207
48.411087	5.4326172	1.438941
68.425606	5.4423828	1.5244067
43.711208	5.4521484	1.6017332
72.614594	5.4619141	1.6740233
43.278809	5.4716797	1.7404363
59.458179	5.4814453	1.7996027
60.153255	5.4912109	1.8530145
36.367535	5.5009766	1.8992662
56.80394	5.5107422	1.9384935
58.837566	5.5205078	1.9698381
40.381546	5.5302734	1.9951
52.370762	5.5400391	2.0122335
39.409866	5.5498047	2.0228908
20.766457	5.5595703	2.0259619
8.4647675	5.5693359	2.0202115
-10.094523	5.5791016	2.0090625
-15.41538	5.5888672	1.9885228
-18.651482	5.5986328	1.9625232
-85.493896	5.6083984	1.928185
-10.681805	5.6181641	1.8848389
-23.487791	5.6279297	1.8354595
-80.300911	5.6376953	1.7813458
-20.221725	5.6474609	1.7168403
-45.714188	5.6572266	1.6476393
-56.797081	5.6669922	1.572749
-17.181702	5.6767578	1.488404
-66.264862	5.6865234	1.4022499
-20.317652	5.6962891	1.3077289
-49.186008	5.7060547	1.2095168
-41.279163	5.7158203	1.1058583
-28.392744	5.7255859	0.99892169
-51.225838	5.7353516	0.88802278
-39.743305	5.7451172	0.77251792
-37.941582	5.7548828	0.65626055
-55.137672	5.7646484	0.53665638
-43.79356	5.7744141	0.41543841
-55.940865	5.7841797	0.29287785
-60.267979	5.7939453	0.16783923
-62.075516	5.8037109	0.041677058
-56.099693	5.8134766	-0.082542002
-48.36911	5.8232422	-0.20806491
-54.351395	5.8330078	-0.33160746
-43.908436	5.8427734	-0.45370609
-40.252857	5.8525391	-0.5736962
-41.502388	5.8623047	-0.69179386
-43.258049	5.8720703	-0.80652088
-40.638775	5.8818359	-0.91773272
-29.212318	5.8916016	-1.0269284
-41.703903	5.9013672	-1.1310384
-27.309008	5.9111328	-1.2323365
-33.466705	5.9208984	-1.3283267
-34.166977	5.9306641	-1.4190644
-30.787802	5.9404297	-1.5045851
-37.461346	5.9501953	-1.5830352
-37.973713	5.9599609	-1.6572595
-24.053164	5.9697266	-1.7252058
-47.571728	5.9794922	-1.7873063
-7.6615715	5.9892578	-1.8454835
-37.833431	5.9990234	-1.8927366
-26.585768	6.0087891	-1.9360497
-3.3214107	6.0185547	-1.9707263
-15.39319	6.0283203	-1.9984007
-10.748068	6.0380859	-2.0176888
-14.511496	6.0478516	-2.0313993
-11.978973	6.0576172	-2.0353482
1.1988101	6.0673828	-2.0322561
3.1400239	6.0771484	-2.0216107
5.3596449	6.0869141	-2.0037994
10.759314	6.0966797	-1.9774199
54.813786	6.1064453	-1.9434617
57.25943	6.1162109	-1.901047
56.430099	6.1259766	-1.8521144
49.739693	6.1357422	-1.7953858
63.450737	6.1455078	-1.7319694
65.482544	6.1552734	-1.6625315
48.186062	6.1650391	-1.5871034
84.1716	6.1748047	-1.5049309
40.801964	6.1845703	-1.415959
76.197823	6.1943359	-1.3236612
51.992619	6.2041016	-1.2237833
62.181263	6.2138672	-1.1215403
65.884735	6.2236328	-1.0151432
57.113087	6.2333984	-0.90399534
66.469513	6.2431641	-0.79114735
71.878059	6.2529297	-0.67352355
63.232838	6.2626953	-0.55404156
72.867279	6.2724609	-0.43387711
80.735619	6.2822266	-0.31061321
72.653763	6.2919922	-0.1857087
78.328835	6.3017578	-0.06172061
76.434036	6.3115234	0.063756108
74.325722	6.3212891	0.18754452
78.71479	6.3310547	0.31110048
60.358986	6.3408203	0.43462217
73.359779	6.3505859	0.55306405
62.806816	6.3603516	0.67303628
57.542767	6.3701172	0.78790188
61.507076	6.3798828	0.90116113
60.817669	6.3896484	1.0093749
51.068642	6.3994141	1.1151254
65.880203	6.4091797	1.2160301
53.310127	6.4189453	1.3122931
57.458057	6.4287109	1.4045507
62.462471	6.4384766	1.4908001
50.844166	6.4482422	1.5716344
62.270641	6.4580078	1.6463995
58.455753	6.4677734	1.7143681
42.64975	6.4775391	1.778546
73.746063	6.4873047	1.831916
38.82383	6.4970703	1.8829912
47.507999	6.5068359	1.923497
61.345467	6.5166016	1.9586906
45.756096	6.5263672	1.9866898
47.361298	6.5361328	2.0064564
48.582703	6.5458984	2.0199089
25.87369	6.5556641	2.0257354
14.868111	6.5654297	2.0228803
-1.1583441	6.5751953	2.0137162
-13.825401	6.5849609	1.997444
-17.460493	6.5947266	1.9733399
-50.218788	6.6044922	1.943174
-54.147339	6.6142578	1.902844
0.74387062	6.6240234	1.8558502
-65.623077	6.6337891	1.8039272
-48.137466	6.6435547	1.7436355
-14.475791	6.6533203	1.6745999
-75.057381	6.6630859	1.6032875
-15.565183	6.6728516	1.521723
-57.253906	6.6826172	1.4370799
-35.12183	6.6923828	1.3462141
-39.340218	6.7021484	1.2504727
-38.508385	6.7119141	1.1487335
-41.64679	6.7216797	1.0422661
-39.942307	6.7314453	0.93309283
-37.156593	6.7412109	0.82039535
-42.518703	6.7509766	0.70345849
-54.189064	6.7607422	0.58477521
-40.315826	6.7705078	0.46318173
-59.550465	6.7802734	0.33926815
-59.773842	6.7900391	0.21469295
-51.435074	6.7998047	0.090263784
-54.406502	6.8095703	-0.035169721
-49.537888	6.8193359	-0.15967339
-57.520016	6.8291016	-0.28184801
-47.149849	6.8388672	-0.40523261
-40.838482	6.8486328	-0.52703768
-53.889862	6.8583984	-0.64416826
-35.422562	6.8681641	-0.7605195
-36.844971	6.8779297	-0.87381303
-39.410065	6.8876953	-0.98556578
-34.849903	6.8974609	-1.0900259
-31.720161	6.9072266	-1.1928231
-31.753477	6.9169922	-1.2906566
-26.791672	6.9267578	-1.3832941
-36.529987	6.9365234	-1.4690862
-22.399054	6.9462891	-1.5509069
-50.189392	6.9560547	-1.6254514
-14.647038	6.9658203	-1.6970426
-43.723721	6.9755859	-1.7614782
-21.451666	6.9853516	-1.8224492
-21.763601	6.9951172	-1.8745258
-40.074696	7.0048828	-1.9187019
-7.5463905	7.0146484	-1.9576162
-9.9875383	7.0244141	-1.9883633
-13.334887	7.0341797	-2.0118222
-13.506215	7.0439453	-2.0261958
-12.68395	7.0537109	-2.034013
-4.7873473	7.0634766	-2.03546
2.83306	7.0732422	-2.0268023
4.9302239	7.0830078	-2.0121484
7.5762973	7.0927734	-1.9887298
36.146271	7.1025391	-1.95771
61.879719	7.1123047	-1.9196346
55.259758	7.1220703	-1.8734992
53.308727	7.1318359	-1.8185749
54.073528	7.1416016	-1.758337
72.395912	7.1513672	-1.6922891
50.213116	7.1611328	-1.6182647
73.914604	7.1708984	-1.5375569
54.604374	7.1806641	-1.4518321
64.058823	7.1904297	-1.3609231
59.740753	7.2001953	-1.2644798
59.607048	7.2099609	-1.1638925
59.766094	7.2197266	-1.0584205
61.79298	7.2294922	-0.94899237
67.449249	7.2392578	-0.838162
61.638165	7.2490234	-0.72110444
71.596931	7.2587891	-0.60318112
74.195648	7.2685547	-0.48232377
69.962997	7.2783203	-0.35951138
75.203659	7.2880859	-0.23598969
78.375351	7.2978516	-0.11202246
85.294556	7.3076172	0.012870133
68.340508	7.3173828	0.13716966
77.42852	7.3271484	0.26241243
69.322266	7.3369141	0.38357824
69.661621	7.3466797	0.50607473
60.480335	7.3564453	0.62505156
60.935703	7.3662109	0.74207038
65.535187	7.3759766	0.85500777
53.107231	7.3857422	0.96692443
58.837616	7.3955078	1.0720179
62.047081	7.4052734	1.1768267
50.000069	7.4150391	1.2752295
67.681702	7.4248047	1.3676212
51.35318	7.4345703	1.4567643
64.503845	7.4443359	1.539889
46.664558	7.4541016	1.6181097
72.051224	7.4638672	1.6865983
40.218987	7.4736328	1.7538339
67.277428	7.4833984	1.809901
49.878025	7.4931641	1.8635809
39.675812	7.5029297	1.9086137
59.953117	7.5126953	1.9455597
53.850769	7.5224609	1.976104
41.839039	7.5322266	1.9993335
52.901577	7.5419922	2.0143807
32.306999	7.5517578	2.0237699
18.974218	7.5615234	2.0256548
5.4926844	7.5712891	2.0177469
-13.418112	7.5810547	2.0054965
-15.039334	7.5908203	1.9840449
-20.650436	7.6005859	1.9548163
-86.641754	7.6103516	1.9207358
1.9928441	7.6201172	1.8747017
-36.697708	7.6298828	1.8247306
-75.675217	7.6396484	1.7684221
-10.813517	7.6494141	1.7028213
-61.110489	7.6591797	1.6320302
-41.16304	7.6689453	1.5552177
-29.27743	7.6787109	1.4715075
-60.377655	7.6884766	1.3830886
-23.211853	7.6982422	1.2880772
-46.431786	7.7080078	1.1884615
-44.141197	7.7177734	1.0855168
-28.1399	7.7275391	0.97650439
-50.294212	7.7373047	0.86507648
-42.865086	7.7470703	0.7496208
-40.208641	7.7568359	0.63208491
-54.306362	7.7666016	0.51131397
-47.24823	7.7763672	0.39020032
-54.860302	7.7861328	0.26757717
-52.87833	7.7958984	0.1436159
-65.176483	7.8056641	0.018283725
-59.381905	7.8154297	-0.10686964
-50.527355	7.8251953	-0.23111403
-51.713223	7.8349609	-0.35420805
-45.591187	7.8447266	-0.47759712
-43.754795	7.8544922	-0.59717
-37.483334	7.8642578	-0.7157445
-40.493019	7.8740234	-0.830248
-42.772781	7.8837891	-0.94069541
-26.963709	7.8935547	-1.04976
-40.187279	7.9033203	-1.1528029
-28.734911	7.9130859	-1.2529165
-31.024649	7.9228516	-1.348123
-30.839582	7.9326172	-1.4372677
-23.741077	7.9423828	-1.5218422
-34.991165	7.9521484	-1.5996695
-25.069841	7.9619141	-1.6702101
-30.659733	7.9716797	-1.7372801
-39.098553	7.9814453	-1.7984853
-10.619463	7.9912109	-1.8549621
-36.520199	8.0009766	-1.9021854
-19.193056	8.0107422	-1.9443482
-4.0438375	8.0205078	-1.9776986
-15.521526	8.0302734	-2.0033002
-14.214567	8.0400391	-2.022557
-15.275378	8.0498047	-2.0338311
-11.110062	8.0595703	-2.036284
2.1295156	8.0693359	-2.0318046
3.2001524	8.0791016	-2.0192459
6.4447289	8.0888672	-1.9997611
13.850454	8.0986328	-1.9713805
60.56435	8.1083984	-1.9367621
57.25713	8.1181641	-1.8927648
54.187202	8.1279297	-1.8415675
50.555458	8.1376953	-1.7837331
67.741302	8.1474609	-1.7203838
58.804317	8.1572266	-1.6477361
54.270508	8.1669922	-1.5711949
75.439178	8.1767578	-1.4878466
45.130527	8.1865234	-1.3970211
78.139336	8.1962891	-1.304172
52.666561	8.2060547	-1.203987
60.901932	8.2158203	-1.1022582
68.791092	8.2255859	-0.99402964
58.905453	8.2353516	-0.88216215
64.499344	8.2451172	-0.76847821
75.557281	8.2548828	-0.65119714
66.593651	8.2646484	-0.5302906
66.579033	8.2744141	-0.40902644
81.833549	8.2841797	-0.28532892
74.795059	8.2939453	-0.16252548
79.687302	8.3037109	-0.037872791
72.097389	8.3134766	0.087207556
76.742767	8.3232422	0.21231174
75.531097	8.3330078	0.3351897
60.410736	8.3427734	0.45895427
68.709488	8.3525391	0.5778566
66.397202	8.3623047	0.69464743
59.987686	8.3720703	0.81074685
57.956089	8.3818359	0.92163831
64.451683	8.3916016	1.0307655
52.78656	8.4013672	1.1355982
60.019562	8.4111328	1.2358636
62.118954	8.4208984	1.3309985
53.002853	8.4306641	1.4215618
67.026932	8.4404297	1.5077114
46.855949	8.4501953	1.5873134
68.480003	8.4599609	1.659517
51.672646	8.4697266	1.7277911
48.340244	8.4794922	1.7887175
69.936874	8.4892578	1.8432528
37.446659	8.4990234	1.8911272
52.46381	8.5087891	1.9313381
60.832233	8.5185547	1.9647568
42.009533	8.5283203	1.9909546
52.55835	8.5380859	2.0101519
43.253479	8.5478516	2.0205662
22.853527	8.5576172	2.0255969
12.770516	8.5673828	2.0231724
-5.1137643	8.5771484	2.0107553
-13.653864	8.5869141	1.9931509
-18.006609	8.5966797	1.9673288
-70.986809	8.6064453	1.9348874
-30.91218	8.6162109	1.8937081
-10.576297	8.6259766	1.8460319
-75.344925	8.6357422	1.7920107
-31.549007	8.6455078	1.7299473
-31.929453	8.6552734	1.6609043
-67.071037	8.6650391	1.5872612
-15.119696	8.6748047	1.5048295
-65.440918	8.6845703	1.4186695
-25.548868	8.6943359	1.326704
-46.817318	8.7041016	1.2286723
-35.014317	8.7138672	1.1270761
-38.51857	8.7236328	1.020661
-46.356625	8.7333984	0.91076493
-37.34436	8.7431641	0.79610199
-38.456127	8.7529297	0.67996234
-58.327312	8.7626953	0.561288
-41.29916	8.7724609	0.4402265
-57.340565	8.7822266	0.31780899
-63.273205	8.7919922	0.19342154
-57.577412	8.8017578	0.068609416
-53.988384	8.8115234	-0.057524443
-47.094269	8.8212891	-0.18174648
-57.774639	8.8310547	-0.30602962
-44.566044	8.8408203	-0.42949021
-42.108166	8.8505859	-0.54977983
-49.501503	8.8603516	-0.66900104
-39.981781	8.8701172	-0.78477412
-38.291969	8.8798828	-0.89765638
-33.225296	8.8896484	-1.0068073
-40.817852	8.8994141	-1.1117504
-25.966461	8.9091797	-1.21333
-39.622246	8.9189453	-1.3104453
-26.630238	8.9287109	-1.401417
-35.557369	8.9384766	-1.4891356
-26.268221	8.9482422	-1.5695393
-43.695118	8.9580078	-1.6421423
-13.740791	8.9677734	-1.7124877
-46.534897	8.9775391	-1.7741547
-12.406392	8.9873047	-1.8332124
-24.963671	8.9970703	-1.8836319
-33.371696	9.0068359	-1.928623
-3.2596173	9.0166016	-1.9648209
-14.224322	9.0263672	-1.9945815
-12.433633	9.0361328	-2.0155563
-14.704036	9.0458984	-2.0294161
-11.721998	9.0556641	-2.0357518
-0.71430111	9.0654297	-2.0335584
2.1933346	9.0751953	-2.0247908
5.3103313	9.0849609	-2.0086825
8.2045326	9.0947266	-1.98358
49.330635	9.1044922	-1.9517169
59.117542	9.1142578	-1.9103096
55.870995	9.1240234	-1.8637135
51.435219	9.1337891	-1.8079326
56.704777	9.1435547	-1.745461
72.732079	9.1533203	-1.6782835
45.627125	9.1630859	-1.6019986
80.917015	9.1728516	-1.5223324
48.01289	9.1826172	-1.4342175
68.380379	9.1923828	-1.3429091
56.351181	9.2021484	-1.2457132
61.196827	9.2119141	-1.1436806
62.507725	9.2216797	-1.0373368
60.545086	9.2314453	-0.92779398
68.215584	9.2412109	-0.81417263
66.502113	9.2509766	-0.69699883
66.745537	9.2607422	-0.57886988
72.792	9.2705078	-0.4586786
75.277084	9.2802734	-0.33566356
71.159103	9.2900391	-0.2111882
77.322205	9.2998047	-0.087411702
84.037018	9.3095703	0.037449598
72.246773	9.3193359	0.16235113
76.290375	9.3291016	0.28732717
63.459606	9.3388672	0.41003525
72.41996	9.3486328	0.53066015
63.217552	9.3583984	0.6497696
57.619705	9.3681641	0.76670647
65.066254	9.3779297	0.87965429
58.024208	9.3876953	0.98868161
54.443481	9.3974609	1.0943964
64.531471	9.4072266	1.197134
50.476181	9.4169922	1.2945936
66.384743	9.4267578	1.3864249
54.67524	9.4365234	1.4750451
61.251225	9.4462891	1.5559688
53.56131	9.4560547	1.6326263
66.590034	9.4658203	1.7020211
39.907692	9.4755859	1.7663091
72.215897	9.4853516	1.8223658
41.435978	9.4951172	1.8729374
45.456406	9.5048828	1.9162595
59.743847	9.5146484	1.9530103
50.50758	9.5244141	1.9821658
44.295162	9.5341797	2.0021558
51.989075	9.5439453	2.0165489
29.171026	9.5537109	2.0247877
16.807055	9.5634766	2.0241709
1.3631303	9.5732422	2.0160065
-13.616169	9.5830078	2.0004585
-16.958431	9.5927734	1.9787178
-28.87668	9.6025391	1.9497663
-76.870903	9.6123047	1.9115806
4.2282977	9.6220703	1.8648088
-50.187668	9.6318359	1.8141598
-64.631577	9.6416016	1.756768
-9.3779764	9.6513672	1.6902298
-71.229271	9.6611328	1.6190469
-25.966986	9.6708984	1.5387982
-43.887146	9.6806641	1.4548838
-48.536133	9.6904297	1.3637617
-28.697412	9.7001953	1.2669623
-42.244267	9.7099609	1.1680558
-43.340816	9.7197266	1.0629803
-32.872437	9.7294922	0.95363408
-46.690704	9.7392578	0.84246695
-42.747509	9.7490234	0.72626323
-48.11562	9.7587891	0.60921311
-45.174793	9.7685547	0.488545
-56.798187	9.7783203	0.3670752
-57.647945	9.7880859	0.24351031
-48.680893	9.7978516	0.11747032
-60.301228	9.8076172	-0.0089600682
-54.421055	9.8173828	-0.13438463
-55.924652	9.8271484	-0.25794953
-50.522049	9.8369141	-0.38106441
-39.841782	9.8466797	-0.50288886
-52.205868	9.8564453	-0.62101334
-34.32933	9.8662109	-0.73823184
-39.281673	9.8759766	-0.85158944
-42.660408	9.8857422	-0.96149743
-32.216755	9.8955078	-1.0696306
-37.820393	9.9052734	-1.1729062
-31.819359	9.9150391	-1.2711734
-31.248631	9.9248047	-1.3643861
-32.199989	9.9345703	-1.4535129
-20.656164	9.9443359	-1.5348971
-48.038155	9.9541016	-1.6112671
-15.4234	9.9638672	-1.6821935
-33.348076	9.9736328	-1.7481492
-29.439781	9.9833984	-1.8100083
-10.632433	9.9931641	-1.8643647
-39.645264	10.00293	-1.9106164
-14.017673	10.012695	-1.9507632
-6.0340505	10.022461	-1.9828677
-14.024938	10.032227	-2.0070269
-14.109095	10.041992	-2.0237372
-13.977406	10.051758	-2.0332189
-9.4881392	10.061523	-2.0349905
1.969852	10.071289	-2.029839
4.2291708	10.081055	-2.016118
6.293354	10.09082	-1.993829
21.444389	10.100586	-1.9653648
64.266373	10.110352	-1.9285768
54.986412	10.120117	-1.8831164
52.597168	10.129883	-1.8318818
49.549427	10.139648	-1.7715961
71.36924	10.149414	-1.7068923
52.701878	10.15918	-1.6332521
64.117401	10.168945	-1.5551224
65.429008	10.178711	-1.4702678
51.379051	10.188477	-1.3792262
71.494263	10.198242	-1.2855515
53.862076	10.208008	-1.1843801
61.55777	10.217773	-1.080297
66.968491	10.227539	-0.97197592
63.017532	10.237305	-0.86023808
62.813625	10.24707	-0.74572861
77.286636	10.256836	-0.62741786
68.438225	10.266602	-0.50729066
67.106552	10.276367	-0.38546622
79.050941	10.286133	-0.26225448
75.517052	10.295898	-0.13810843
84.528839	10.305664	-0.013418496
69.533249	10.31543	0.11118352
78.325989	10.325195	0.23523569
75.371185	10.334961	0.35878271
62.797054	10.344727	0.48149228
63.583454	10.354492	0.60139
65.718536	10.364258	0.71863085
62.332512	10.374023	0.83360225
55.160965	10.383789	0.94605684
62.558002	10.393555	1.0540023
58.192314	10.40332	1.1570857
52.48875	10.413086	1.2562335
67.354317	10.422852	1.3505116
48.464569	10.432617	1.4407291
68.935791	10.442383	1.524961
45.522995	10.452148	1.6036198
70.768044	10.461914	1.6746149
42.739086	10.47168	1.7412112
59.179054	10.481445	1.8009454
57.988113	10.491211	1.8522785
38.926979	10.500977	1.9003794
55.699154	10.510742	1.9386098
58.561981	10.520508	1.9709706
40.856934	10.530273	1.9953698
52.665913	10.540039	2.0132275
37.083065	10.549805	2.0221233
20.030083	10.55957	2.0254612
9.3185921	10.569336	2.0203738
-10.562339	10.579102	2.0082712
-15.074352	10.588867	1.9889891
-18.668873	10.598633	1.9619002
-85.896233	10.608398	1.92803
-10.108179	10.618164	1.8850058
-22.516504	10.62793	1.8360569
-81.890495	10.637695	1.7808199
-19.301195	10.647461	1.7173976
-47.220661	10.657227	1.6475334
-57.782791	10.666992	1.5726044
-18.03087	10.676758	1.4884248
-66.171051	10.686523	1.4016181
-22.627869	10.696289	1.306951
-47.177284	10.706055	1.2091517
-38.932087	10.71582	1.1056349
-29.812403	10.725586	0.99830031
-53.101475	10.735352	0.88755339
-37.417233	10.745117	0.77259839
-39.045918	10.754883	0.65606833
-57.931408	10.764648	0.53672194
-42.678459	10.774414	0.41296184
-55.869564	10.78418	0.28865784
-59.063255	10.793945	0.16441643
-64.765533	10.803711	0.040626526
-57.179398	10.813477	-0.084713101
-46.752892	10.823242	-0.21004528
-57.298351	10.833008	-0.33168495
-42.759884	10.842773	-0.45379549
-43.593182	10.852539	-0.57382733
-41.86771	10.862305	-0.69122165
-48.096466	10.87207	-0.80538839
-37.252552	10.881836	-0.91912299
-31.327599	10.891602	-1.0265186
-44.41198	10.901367	-1.130566
-27.373573	10.911133	-1.2324572
-41.895931	10.920898	-1.3274819
-31.110329	10.930664	-1.4176726
-24.552622	10.94043	-1.5030906
-32.540401	10.950195	-1.5804245
-36.391396	10.959961	-1.6540184
-16.069122	10.969727	-1.7236561
-45.727669	10.979492	-1.7863705
-7.3822799	10.989258	-1.8436148
-32.033363	10.999023	-1.8925399
-27.799175	11.008789	-1.9354568
-2.3960252	11.018555	-1.9713372
-15.085563	11.02832	-1.9981458
-14.52819	11.038086	-2.0187616
-14.711079	11.047852	-2.0315573
-10.732771	11.057617	-2.0350769
2.3819623	11.067383	-2.0332785
3.6941957	11.077148	-2.0225227
5.9103475	11.086914	-2.0038738
11.380925	11.09668	-1.9771874
54.177322	11.106445	-1.9449935
58.873074	11.116211	-1.9029737
53.796616	11.125977	-1.8528461
50.274055	11.135742	-1.7965183
63.622677	11.145508	-1.7331049
63.668674	11.155273	-1.6638265
49.982662	11.165039	-1.587829
80.363403	11.174805	-1.5053719
43.14827	11.18457	-1.415576
74.406433	11.194336	-1.3234899
51.461315	11.204102	-1.2252882
63.484818	11.213867	-1.1235132
63.957527	11.223633	-1.0167331
60.937344	11.233398	-0.90603828
66.346176	11.243164	-0.79182386
72.409027	11.25293	-0.67534
65.632408	11.262695	-0.55607706
70.151917	11.272461	-0.43511838
80.862213	11.282227	-0.3128618
72.643761	11.291992	-0.18805712
77.096352	11.301758	-0.063727796
80.134804	11.311523	0.059553981
74.572495	11.321289	0.18579513
79.224297	11.331055	0.30869246
61.615044	11.34082	0.43233633
71.081978	11.350586	0.55304617
65.368835	11.360352	0.67224503
57.601112	11.370117	0.78741163
61.499573	11.379883	0.90012997
65.05484	11.389648	1.0103152
50.251087	11.399414	1.1157274
64.340904	11.40918	1.2172952
55.31942	11.418945	1.3131678
57.850014	11.428711	1.4043882
64.461388	11.438477	1.4908061
50.233418	11.448242	1.5719399
61.871124	11.458008	1.6469628
57.173161	11.467773	1.7150074
43.034561	11.477539	1.7778919
73.364197	11.487305	1.8325284
38.361229	11.49707	1.8821001
48.16486	11.506836	1.9232407
61.861671	11.516602	1.9573301
46.593166	11.526367	1.985909
46.43829	11.536133	2.005899
49.061947	11.545898	2.0192757
24.730783	11.555664	2.0259917
14.513335	11.56543	2.0231426
-2.2423337	11.575195	2.0148888
-13.617064	11.584961	1.9966215
-17.129314	11.594727	1.9736156
-48.464691	11.604492	1.9415438
-54.741093	11.614258	1.9029365
0.72162366	11.624023	1.8550053
-63.972301	11.633789	1.8037289
-48.894157	11.643555	1.7432481
-15.710563	11.65332	1.6759545
-73.449402	11.663086	1.6035988
-18.929142	11.672852	1.522176
-56.499767	11.682617	1.4374421
-38.616394	11.692383	1.3463527
-36.870071	11.702148	1.2486428
-39.625343	11.711914	1.1479125
-42.86993	11.72168	1.0422244
-38.731178	11.731445	0.93214959
-40.695839	11.741211	0.81973374
-39.319786	11.750977	0.70336163
-58.218395	11.760742	0.5851835
-41.951496	11.770508	0.46378225
-58.052013	11.780273	0.33841133
-63.414589	11.790039	0.21420866
-47.700119	11.799805	0.089599192
-58.144951	11.80957	-0.035719573
-49.809109	11.819336	-0.15897453
-58.23732	11.829102	-0.28327554
3.4389668	11.838867	-0.38997829
5.8358769	11.848633	-0.44434965
-0.31006056	11.858398	-0.47027767
-12.011523	11.868164	-0.48307478
-7.8417249	11.87793	-0.49001127
-12.153713	11.887695	-0.49355179
-8.8460855	11.897461	-0.49359053
-12.320968	11.907227	-0.49403757
-10.467041	11.916992	-0.49500763
-8.6503677	11.926758	-0.4946962
-8.0660915	11.936523	-0.49463958
-4.8674178	11.946289	-0.49479306
-5.4090519	11.956055	-0.49334913
-2.0910287	11.96582	-0.49467236
-1.6306876	11.975586	-0.49371421
-1.2917793	11.985352	-0.49325079
1.3997779	11.995117	-0.49275458
1.0463525	12.004883	-0.49307793
1.5253667	12.014648	-0.49300045
0.63546467	12.024414	-0.49329698
2.9388232	12.03418	-0.49310029
2.9018381	12.043945	-0.4931882
4.3425126	12.053711	-0.49262196
5.013752	12.063477	-0.49264878
6.8092837	12.073242	-0.49196929
7.3952136	12.083008	-0.49098283
6.7468386	12.092773	-0.49111843
7.8307929	12.102539	-0.49122125
8.2073383	12.112305	-0.4916057
7.1924763	12.12207	-0.49104989
7.9878716	12.131836	-0.49108565
7.1977148	12.141602	-0.49069524
6.9534521	12.151367	-0.49006343
7.5986142	12.161133	-0.48944801
7.464818	12.170898	-0.48909336
6.8247318	12.180664	-0.49009919
7.631711	12.19043	-0.48966259
8.136034	12.200195	-0.48964322
8.4697847	12.209961	-0.49019009
7.5696034	12.219727	-0.48903227
8.0469532	12.229492	-0.48948526
7.2208581	12.239258	-0.48869103
6.9356174	12.249023	-0.49030781
6.2531328	12.258789	-0.48887581
5.5425568	12.268555	-0.48886836
7.1313467	12.27832	-0.48899204
6.1128635	12.288086	-0.4885152
7.1489716	12.297852	-0.48932582
6.3313055	12.307617	-0.48882067
7.5389862	12.317383	-0.48868805
6.368547	12.327148	-0.48870146
7.0727897	12.336914	-0.48862398
