MTS793|MPT|ENU|1|2|.|/|:|1|0|0|A

Data Acquisition						Time:	7.4707031	s	4/12/2018 3:05:23 PM
Axial Force	Running Time	Axial Displacement
N	s	mm
-17.97661	0.012695313	5.3843708
-18.433983	0.022460938	5.3841987
5.4735227	0.032226563	5.4014835
83.623268	0.041992188	5.4713459
102.72327	0.051757813	5.6102142
98.48819	0.061523438	5.8257966
118.82674	0.071289063	6.10815
130.02036	0.081054688	6.4489274
121.0186	0.090820313	6.8356075
127.55775	0.10058594	7.2483721
124.63518	0.11035156	7.6754651
114.54632	0.12011719	8.1028481
102.6124	0.12988281	8.5142679
91.866875	0.13964844	8.8965588
78.867287	0.14941406	9.2347794
62.291664	0.15917969	9.5212727
48.972542	0.16894531	9.7456141
31.283695	0.17871094	9.9041662
4.740129	0.18847656	9.9903517
-145.57805	0.19824219	9.9544411
-279.2193	0.20800781	9.6409302
-325.27335	0.21777344	8.9503908
-386.86877	0.22753906	7.9389462
-378.39093	0.23730469	6.6563811
-395.84818	0.24707031	5.1546736
-450.08414	0.25683594	3.4855647
-419.65308	0.26660156	1.6941286
-397.07251	0.27636719	-0.14572172
-401.59839	0.28613281	-1.9731662
-319.21927	0.29589844	-3.737293
-271.78619	0.30566406	-5.3683677
-238.24048	0.31542969	-6.817946
-163.35678	0.32519531	-8.0340223
-147.70427	0.33496094	-8.9758854
-25.480148	0.34472656	-9.6206541
-9.7253008	0.35449219	-9.9482718
82.686249	0.36425781	-10.012317
267.6825	0.37402344	-9.7692537
282.79965	0.38378906	-9.1461172
352.08566	0.39355469	-8.1845226
384.18271	0.40332031	-6.9315343
351.46762	0.41308594	-5.4374151
415.53333	0.42285156	-3.7709422
376.33994	0.43261719	-1.9893649
363.09882	0.44238281	-0.14921249
320.43335	0.45214844	1.6944491
305.2171	0.46191406	3.4738874
248.98482	0.47167969	5.1280122
198.76225	0.48144531	6.6051331
170.35426	0.49121094	7.8554206
84.078339	0.50097656	8.837985
25.593676	0.51074219	9.5029583
2.5366316	0.52050781	9.8613977
-108.83888	0.53027344	9.9420033
-259.12186	0.54003906	9.7300777
-288.76566	0.54980469	9.1360826
-389.48593	0.55957031	8.1880627
-369.8902	0.56933594	6.9412074
-396.05701	0.57910156	5.4573746
-448.18091	0.58886719	3.7855589
-449.96136	0.59863281	1.9979802
-372.44196	0.60839844	0.15167761
-371.24515	0.61816406	-1.6859635
-320.48111	0.62792969	-3.4654956
-277.00327	0.63769531	-5.1224184
-249.59036	0.64746094	-6.6018395
-162.29396	0.65722656	-7.8572445
-142.93353	0.66699219	-8.8397989
-22.028433	0.67675781	-9.5300913
-6.9351401	0.68652344	-9.8957748
53.962925	0.69628906	-9.9974508
254.2359	0.70605469	-9.8055649
293.6839	0.71582031	-9.2318554
323.47055	0.72558594	-8.3171072
379.17374	0.73535156	-7.1056933
340.18744	0.74511719	-5.6395946
390.9426	0.75488281	-3.993896
361.1528	0.76464844	-2.2266915
357.45126	0.77441406	-0.39295563
312.72693	0.78417969	1.4539205
302.33148	0.79394531	3.2448759
235.74741	0.80371094	4.9217825
195.88463	0.81347656	6.4245443
169.85713	0.82324219	7.7061872
88.108734	0.83300781	8.7308865
15.296536	0.84277344	9.4429102
2.173707	0.85253906	9.8404827
-103.78073	0.86230469	9.9563274
-216.55325	0.87207031	9.7880716
-304.78937	0.88183594	9.2508564
-365.15701	0.89160156	8.3468189
-353.6853	0.90136719	7.1380596
-412.49515	0.91113281	5.6851978
-450.92126	0.92089844	4.0336556
-387.19476	0.93066406	2.2521772
-347.52194	0.94042969	0.41699457
-372.20935	0.95019531	-1.4239037
-287.9191	0.95996094	-3.2199225
-254.69798	0.96972656	-4.8976636
-263.47946	0.97949219	-6.4020791
-171.50768	0.98925781	-7.6939411
-139.34915	0.99902344	-8.7167034
-40.402519	1.0087891	-9.4430885
-6.8335795	1.0185547	-9.8531199
51.727924	1.0283203	-9.988636
223.26082	1.0380859	-9.8437204
268.70383	1.0478516	-9.323719
321.75891	1.0576172	-8.4509983
358.4122	1.0673828	-7.272758
335.04041	1.0771484	-5.841434
385.47855	1.0869141	-4.2136908
361.83749	1.0966797	-2.4585335
344.31647	1.1064453	-0.63028699
315.53891	1.1162109	1.2165947
289.67081	1.1259766	3.0200789
236.52792	1.1357422	4.7137475
204.80164	1.1455078	6.2446828
163.61285	1.1552734	7.5612631
99.269539	1.1650391	8.6200972
14.525361	1.1748047	9.3750772
12.538792	1.1845703	9.8116522
-98.784065	1.1943359	9.9664927
-216.81676	1.2041016	9.8396063
-286.08356	1.2138672	9.3527555
-360.20679	1.2236328	8.4920578
-349.25195	1.2333984	7.3222394
-437.63345	1.2431641	5.8973837
-456.59082	1.2529297	4.2719054
-355.19049	1.2626953	2.504355
-346.70096	1.2724609	0.67278707
-369.67065	1.2822266	-1.1742527
-288.65448	1.2919922	-2.9763131
-299.81186	1.3017578	-4.6740904
-275.26898	1.3115234	-6.2059894
-151.29631	1.3212891	-7.5276089
-158.65572	1.3310547	-8.5858231
-50.73177	1.3408203	-9.3578825
-8.4739294	1.3505859	-9.8096924
34.381996	1.3603516	-9.9790077
205.17566	1.3701172	-9.8764982
274.49792	1.3798828	-9.4085875
314.57016	1.3896484	-8.577178
359.86124	1.3994141	-7.4374347
340.98965	1.4091797	-6.0383296
413.39417	1.4189453	-4.4341068
351.20181	1.4287109	-2.6919737
344.51553	1.4384766	-0.8691265
330.21738	1.4482422	0.97796202
293.89316	1.4580078	2.7901735
239.64299	1.4677734	4.5012884
215.24927	1.4775391	6.056591
174.85944	1.4873047	7.4049792
109.76766	1.4970703	8.4992895
28.065882	1.5068359	9.2991171
15.525251	1.5166016	9.7775497
-68.657532	1.5263672	9.9683924
-179.51686	1.5361328	9.881505
-310.25269	1.5458984	9.4474525
-344.18817	1.5556641	8.6312866
-346.61752	1.5654297	7.4998336
-420.70013	1.5751953	6.1048827
-419.66058	1.5849609	4.4992485
-332.12372	1.5947266	2.745379
-364.51654	1.6044922	0.9231537
-380.57574	1.6142578	-0.92078137
-314.42279	1.6240234	-2.7365844
-331.7493	1.6337891	-4.4517264
-255.87344	1.6435547	-6.0094328
-179.76518	1.6533203	-7.3616118
-159.08069	1.6630859	-8.4567451
-80.567902	1.6728516	-9.2669907
-3.7238119	1.6826172	-9.7617311
10.93417	1.6923828	-9.963109
183.96906	1.7021484	-9.9029436
270.47067	1.7119141	-9.4859152
319.69495	1.7216797	-8.7027082
345.45578	1.7314453	-7.5991411
361.95615	1.7412109	-6.2335982
407.2551	1.7509766	-4.6516976
340.53644	1.7607422	-2.9219377
355.69656	1.7705078	-1.1096437
318.68134	1.7802734	0.73921019
296.14511	1.7900391	2.5590804
260.50562	1.7998047	4.2866154
211.41147	1.8095703	5.865942
198.62994	1.8193359	7.2448673
101.0847	1.8291016	8.375639
36.333759	1.8388672	9.2187376
12.310397	1.8486328	9.7351933
-39.343502	1.8583984	9.9648161
-140.5056	1.8681641	9.9165468
-310.06876	1.8779297	9.5348206
-327.39386	1.8876953	8.7643528
-340.43536	1.8974609	7.6710696
-434.94598	1.9072266	6.3065233
-386.2298	1.9169922	4.7251792
-318.34372	1.9267578	2.9913869
-410.05954	1.9365234	1.175488
-390.77509	1.9462891	-0.67343682
-333.65118	1.9560547	-2.4960852
-316.26285	1.9658203	-4.2273974
-248.2878	1.9755859	-5.8104281
-206.08337	1.9853516	-7.1902385
-128.66595	1.9951172	-8.324317
-117.63627	2.0048828	-9.1718864
19.867125	2.0146484	-9.7100601
-8.8070517	2.0244141	-9.9472466
158.02592	2.0341797	-9.9269218
270.33081	2.0439453	-9.5613842
313.6972	2.0537109	-8.8244934
334.62201	2.0634766	-7.759861
371.60538	2.0732422	-6.4257793
380.08685	2.0830078	-4.8666415
335.03244	2.0927734	-3.1543119
351.72046	2.1025391	-1.3507339
316.99515	2.1123047	0.49789959
297.03629	2.1220703	2.3265557
269.07089	2.1318359	4.0709867
222.45978	2.1416016	5.6710925
195.20378	2.1513672	7.0776052
103.68383	2.1611328	8.2455482
50.387157	2.1708984	9.1296444
2.7971225	2.1806641	9.6835938
-16.005058	2.1904297	9.950489
-130.80585	2.2001953	9.9426184
-343.44537	2.2099609	9.6113529
-293.35788	2.2197266	8.8854475
-337.51761	2.2294922	7.8372865
-408.57611	2.2392578	6.5062656
-359.26605	2.2490234	4.9479647
-339.50339	2.2587891	3.2308946
-422.9285	2.2685547	1.4195662
-381.5441	2.2783203	-0.43101487
-322.63281	2.2880859	-2.2587645
-301.99945	2.2978516	-3.9994068
-253.92482	2.3076172	-5.6037073
-186.82628	2.3173828	-7.0159116
-138.2804	2.3271484	-8.1847544
-124.53344	2.3369141	-9.0717669
15.707262	2.3466797	-9.6551523
-11.381542	2.3564453	-9.9287214
133.7491	2.3662109	-9.9445047
262.67377	2.3759766	-9.6287889
309.34042	2.3857422	-8.9392605
315.74121	2.3955078	-7.9148574
377.89847	2.4052734	-6.6136031
352.7926	2.4150391	-5.0798378
336.36844	2.4248047	-3.3868253
349.98657	2.4345703	-1.5910144
312.76859	2.4443359	0.25562254
294.68045	2.4541016	2.0884528
268.6048	2.4638672	3.847398
227.8447	2.4736328	5.470243
193.8214	2.4833984	6.9069195
104.70773	2.4931641	8.109333
62.653103	2.5029297	9.0316839
4.7269511	2.5126953	9.6347113
-8.3511	2.5224609	9.9411058
-126.36842	2.5322266	9.9653835
-330.28915	2.5419922	9.6805344
-276.28235	2.5517578	9.0023022
-344.6026	2.5615234	7.993834
-395.21506	2.5712891	6.6987233
-341.0517	2.5810547	5.1689119
-371.13586	2.5908203	3.4680252
-425.82437	2.6005859	1.66954
-346.47998	2.6103516	-0.17787637
-328.87784	2.6201172	-2.0133715
-324.67636	2.6298828	-3.7743304
-234.85623	2.6396484	-5.3996568
-191.63817	2.6494141	-6.8382673
-158.8466	2.6591797	-8.0448484
-126.94393	2.6689453	-8.9722767
-11.289714	2.6787109	-9.598835
8.5961647	2.6884766	-9.9104786
95.436203	2.6982422	-9.9592409
249.4064	2.7080078	-9.6924572
297.09964	2.7177734	-9.0493889
312.27374	2.7275391	-8.0672922
377.44998	2.7373047	-6.801568
334.47604	2.7470703	-5.2926025
351.81232	2.7568359	-3.618124
360.69824	2.7666016	-1.834658
314.2233	2.7763672	0.0097552314
303.19531	2.7861328	1.8474448
276.72983	2.7958984	3.6202788
228.77914	2.8056641	5.2659616
193.79221	2.8154297	6.730979
121.25367	2.8251953	7.9656868
75.621796	2.8349609	8.9285831
7.2706141	2.8447266	9.5754652
-1.056504	2.8544922	9.9184418
-126.12671	2.8642578	9.9796028
-300.03665	2.8740234	9.7421455
-255.12341	2.8837891	9.1142349
-367.59207	2.8935547	8.1472111
-380.16714	2.9033203	6.8878064
-373.20538	2.9130859	5.3837419
-432.8844	2.9228516	3.7057729
-426.07126	2.9326172	1.9143301
-339.12988	2.9423828	0.069456547
-350.77292	2.9521484	-1.7683398
-309.05707	2.9619141	-3.5427699
-246.12874	2.9716797	-5.1926656
-247.0455	2.9814453	-6.6578393
-146.44592	2.9912109	-7.9007783
-129.6806	3.0009766	-8.8649979
-11.473056	3.0107422	-9.5310173
1.3276353	3.0205078	-9.8826056
75.180519	3.0302734	-9.9657507
248.38249	3.0400391	-9.7485504
289.54568	3.0498047	-9.1544466
308.8175	3.0595703	-8.2127495
374.90491	3.0693359	-6.9807038
322.27017	3.0791016	-5.5037775
361.60806	3.0888672	-3.8454559
354.90149	3.0986328	-2.0739741
315.00308	3.1083984	-0.23647426
306.96713	3.1181641	1.6087047
277.76035	3.1279297	3.3932948
229.28819	3.1376953	5.0594478
184.72664	3.1474609	6.5515051
137.63783	3.1572266	7.8171754
85.332314	3.1669922	8.8195925
7.0850134	3.1767578	9.5085363
-0.70763052	3.1865234	9.8933449
-119.90363	3.1962891	9.991497
-247.8494	3.2060547	9.7946482
-249.42014	3.2158203	9.2203588
-368.80457	3.2255859	8.2954874
-357.75531	3.2353516	7.0694494
-380.74457	3.2451172	5.5981932
-426.65683	3.2548828	3.9388154
-414.3566	3.2646484	2.1580591
-345.48419	3.2744141	0.31341612
-343.85385	3.2841797	-1.5257453
-307.43936	3.2939453	-3.3113899
-283.63031	3.3037109	-4.9800649
-267.32062	3.3134766	-6.4720411
-150.00706	3.3232422	-7.7492757
-134.52257	3.3330078	-8.7510681
-23.568272	3.3427734	-9.461935
0.064284541	3.3525391	-9.8530226
61.867992	3.3623047	-9.9680767
238.48482	3.3720703	-9.7976112
275.47232	3.3818359	-9.2532206
311.52731	3.3916016	-8.3551245
366.12967	3.4013672	-7.1586885
324.57437	3.4111328	-5.7108803
377.47897	3.4208984	-4.0755038
352.65509	3.4306641	-2.3151696
320.56305	3.4404297	-0.48095891
318.19705	3.4501953	1.3638855
279.01425	3.4599609	3.1625097
228.89511	3.4697266	4.8468947
189.46136	3.4794922	6.3660383
150.49689	3.4892578	7.6675477
90.521393	3.4990234	8.7066164
14.246063	3.5087891	9.4391651
1.2981589	3.5185547	9.8637705
-108.82711	3.5283203	9.9959059
-188.26443	3.5380859	9.8419571
-263.45581	3.5478516	9.3211241
-379.64255	3.5576172	8.4379568
-345.40189	3.5673828	7.2486391
-399.41135	3.5771484	5.8050156
-422.76279	3.5869141	4.1634707
-377.51797	3.5966797	2.3936586
-358.45886	3.6064453	0.56129515
-331.14719	3.6162109	-1.2822273
-304.28223	3.6259766	-3.0786424
-273.66516	3.6357422	-4.7685604
-270.28339	3.6455078	-6.2862449
-159.67953	3.6552734	-7.5957575
-126.79322	3.6650391	-8.6342516
-52.157242	3.6748047	-9.3815994
14.166389	3.6845703	-9.8195429
33.015118	3.6943359	-9.969142
222.27802	3.7041016	-9.8426895
261.58157	3.7138672	-9.3453035
297.43594	3.7236328	-8.488574
359.26276	3.7333984	-7.3331451
321.77994	3.7431641	-5.9145555
395.8931	3.7529297	-4.3011265
340.56284	3.7626953	-2.5516047
335.4606	3.7724609	-0.72744554
310.89557	3.7822266	1.1207998
279.07883	3.7919922	2.9274631
235.60983	3.8017578	4.629931
190.77432	3.8115234	6.1733975
161.05515	3.8212891	7.5052962
104.91099	3.8310547	8.5818615
17.192034	3.8408203	9.3609686
12.576668	3.8505859	9.821744
-90.470108	3.8603516	9.9927492
-151.65564	3.8701172	9.8795528
-299.76245	3.8798828	9.4159212
-366.16956	3.8896484	8.5735855
-341.88403	3.8994141	7.4229226
-419.95886	3.9091797	6.0128646
-390.21591	3.9189453	4.3927383
-361.21918	3.9287109	2.6373315
-350.26392	3.9384766	0.80970174
-345.18445	3.9482422	-1.0386848
-307.06198	3.9580078	-2.8454065
-280.80161	3.9677734	-4.5518703
-285.07693	3.9775391	-6.0944734
-150.3067	3.9873047	-7.4326982
-140.33214	3.9970703	-8.5102043
-76.678375	4.0068359	-9.2985897
15.106611	4.0166016	-9.7819443
18.449175	4.0263672	-9.9621201
193.39346	4.0361328	-9.8791132
257.55206	4.0458984	-9.4336634
309.63269	4.0556641	-8.621067
344.9277	4.0654297	-7.5000577
339.58615	4.0751953	-6.1183271
390.61719	4.0849609	-4.5234652
343.94604	4.0947266	-2.790448
339.60684	4.1044922	-0.97181135
315.73923	4.1142578	0.87567776
278.71594	4.1240234	2.6915829
243.06442	4.1337891	4.4118543
195.49944	4.1435547	5.9798751
170.34991	4.1533203	7.3437686
103.37038	4.1630859	8.4552889
25.415228	4.1728516	9.2765656
19.576033	4.1826172	9.7793236
-75.49292	4.1923828	9.9891033
-129.38766	4.2021484	9.914712
-325.06979	4.2119141	9.5039463
-334.91345	4.2216797	8.7011089
-315.93768	4.2314453	7.5880232
-422.60886	4.2412109	6.2128825
-357.61127	4.2509766	4.6151309
-332.76752	4.2607422	2.878962
-369.46786	4.2705078	1.0602272
-346.16608	4.2802734	-0.79066503
-321.13577	4.2900391	-2.6051743
-307.89603	4.2998047	-4.3261847
-289.09467	4.3095703	-5.8987947
-171.80222	4.3193359	-7.2665095
-136.69942	4.3291016	-8.3831015
-110.30549	4.3388672	-9.2099562
12.764218	4.3486328	-9.7333307
5.1914248	4.3583984	-9.9523621
161.41508	4.3681641	-9.9085627
271.67758	4.3779297	-9.5135832
315.34399	4.3876953	-8.7504625
329.27032	4.3974609	-7.6664701
363.02402	4.4072266	-6.3162227
382.22336	4.4169922	-4.7462482
334.52689	4.4267578	-3.0276537
346.87805	4.4365234	-1.2191088
307.33286	4.4462891	0.63157624
288.1842	4.4560547	2.4540598
245.07338	4.4658203	4.1905665
222.42116	4.4755859	5.7815404
169.8326	4.4853516	7.1759729
110.19582	4.4951172	8.3249111
33.630402	4.5048828	9.1892328
20.803005	4.5146484	9.7323494
-57.352684	4.5244141	9.9793692
-129.11827	4.5341797	9.9436359
-353.45142	4.5439453	9.5819559
-296.94696	4.5537109	8.8281288
-310.79886	4.5634766	7.756392
-416.62518	4.5732422	6.4120111
-366.54178	4.5830078	4.8359113
-335.86224	4.5927734	3.1153409
-385.73849	4.6025391	1.3042077
-355.64209	4.6123047	-0.54371291
-340.94934	4.6220703	-2.3670001
-314.58371	4.6318359	-4.1090698
-278.7984	4.6416016	-5.7016735
-167.48183	4.6513672	-7.1017399
-154.18268	4.6611328	-8.2508478
-122.26897	4.6708984	-9.1198025
19.204617	4.6806641	-9.6828413
-3.4499912	4.6904297	-9.9374208
138.77618	4.7001953	-9.9318724
267.64044	4.7099609	-9.5886621
313.06357	4.7197266	-8.8679953
322.64069	4.7294922	-7.8267326
372.81467	4.7392578	-6.5090966
367.12277	4.7490234	-4.9626946
342.81451	4.7587891	-3.2594643
342.47107	4.7685547	-1.4614137
301.58072	4.7783203	0.38608211
295.40878	4.7880859	2.2131734
261.96594	4.7978516	3.9661851
222.91238	4.8076172	5.5808644
180.55249	4.8173828	7.0034738
112.53703	4.8271484	8.1858978
44.513565	4.8369141	9.0903997
15.463756	4.8466797	9.6732626
-21.568384	4.8564453	9.9606981
-122.94919	4.8662109	9.9653254
-350.24908	4.8759766	9.6540213
-269.56265	4.8857422	8.9462423
-320.15833	4.8955078	7.9119906
-420.2641	4.9052734	6.6047783
-343.5137	4.9150391	5.0582781
-351.72626	4.9248047	3.3547399
-421.25134	4.9345703	1.5500652
-369.29254	4.9443359	-0.29855397
-327.61557	4.9541016	-2.1288421
-313.91879	4.9638672	-3.881279
-233.40291	4.9736328	-5.4991641
-186.3954	4.9833984	-6.9273248
-151.33957	4.9931641	-8.1159363
-125.33468	5.0029297	-9.0180931
8.5824528	5.0126953	-9.6286688
-4.2269006	5.0224609	-9.9207954
112.76538	5.0322266	-9.9490452
266.03195	5.0419922	-9.6561499
295.54453	5.0517578	-8.9837599
316.46567	5.0615234	-7.9798794
373.20187	5.0712891	-6.6987724
350.42639	5.0810547	-5.1807804
337.59222	5.0908203	-3.4949589
340.05991	5.1005859	-1.704464
304.39877	5.1103516	0.13858816
289.35538	5.1201172	1.9740486
281.31488	5.1298828	3.738107
216.082	5.1396484	5.3748899
177.50491	5.1494141	6.8270526
122.93634	5.1591797	8.0453663
55.037327	5.1689453	8.9914255
18.686632	5.1787109	9.6210432
-13.290915	5.1884766	9.9453869
-112.00994	5.1982422	9.9823723
-318.03909	5.2080078	9.717371
-236.02034	5.2177734	9.0598907
-353.66104	5.2275391	8.067956
-380.14215	5.2373047	6.7912502
-349.94901	5.2470703	5.2736788
-391.73291	5.2568359	3.5873775
-423.48175	5.2666016	1.796067
-356.27414	5.2763672	-0.05360404
-333.6394	5.2861328	-1.8888305
-320.63736	5.2958984	-3.6579909
-222.95459	5.3056641	-5.2957177
-226.12311	5.3154297	-6.7455597
-143.62169	5.3251953	-7.9700322
-125.86201	5.3349609	-8.9197512
8.9310684	5.3447266	-9.5665236
-11.732336	5.3544922	-9.8958673
95.873253	5.3642578	-9.9605207
259.8844	5.3740234	-9.7184496
287.11969	5.3837891	-9.0932064
308.22403	5.3935547	-8.1308746
372.11862	5.4033203	-6.8846197
340.53436	5.4130859	-5.3935146
340.16138	5.4228516	-3.7272818
345.29373	5.4326172	-1.9473422
316.52466	5.4423828	-0.10764571
296.65344	5.4521484	1.734675
288.00458	5.4619141	3.5106769
209.94505	5.4716797	5.168313
181.52501	5.4814453	6.6475568
130.79272	5.4912109	7.8975568
64.931641	5.5009766	8.8821173
11.561526	5.5107422	9.5541754
-3.3495133	5.5205078	9.9192133
-116.01249	5.5302734	9.9939909
-243.86636	5.5400391	9.7716999
-228.05145	5.5498047	9.1680231
-362.83749	5.5595703	8.2181768
-377.50717	5.5693359	6.9779902
-362.45752	5.5791016	5.4887953
-406.24426	5.5888672	3.8207474
-419.41324	5.5986328	2.0374172
-335.3335	5.6083984	0.19204327
-342.19751	5.6181641	-1.6426877
-314.46362	5.6279297	-3.42483
-249.57692	5.6376953	-5.0848317
-255.08392	5.6474609	-6.5628686
-137.82355	5.6572266	-7.8221087
-152.7493	5.6669922	-8.8072491
-11.777645	5.6767578	-9.4957981
-10.157516	5.6865234	-9.8686371
77.646957	5.6962891	-9.9670086
248.81972	5.7060547	-9.7733812
276.7392	5.7158203	-9.1978607
315.6106	5.7255859	-8.2754984
365.55997	5.7353516	-7.065948
334.37817	5.7451172	-5.6064792
365.09641	5.7548828	-3.9575837
359.1554	5.7646484	-2.1876721
322.47931	5.7744141	-0.35192716
309.1384	5.7841797	1.4906356
285.75989	5.7939453	3.2808194
212.32372	5.8037109	4.9572263
186.9521	5.8134766	6.4630928
144.13414	5.8232422	7.7472725
86.618774	5.8330078	8.7710752
14.103455	5.8427734	9.4822664
-0.75473219	5.8525391	9.8847885
-117.92054	5.8623047	9.9973316
-154.49155	5.8720703	9.8179255
-256.3381	5.8818359	9.2712383
-409.50189	5.8916016	8.3620386
-339.63721	5.9013672	7.1494508
-397.35703	5.9111328	5.6971812
-423.38263	5.9208984	4.0478005
-387.19388	5.9306641	2.2756596
-347.38705	5.9404297	0.43716049
-358.28128	5.9501953	-1.4048542
-286.84555	5.9599609	-3.1971331
-278.98224	5.9697266	-4.8730521
-301.79175	5.9794922	-6.3770032
-129.78723	5.9892578	-7.6716652
-155.50237	5.9990234	-8.6937304
-74.96698	6.0087891	-9.4230051
12.207515	6.0185547	-9.8397303
29.495602	6.0283203	-9.9682922
230.1739	6.0380859	-9.8216105
264.55505	6.0478516	-9.2964296
308.14673	6.0576172	-8.4154005
361.83539	6.0673828	-7.241436
329.62808	6.0771484	-5.8127894
385.75308	6.0869141	-4.1867409
348.59286	6.0966797	-2.4297695
326.48132	6.1064453	-0.59739155
310.55548	6.1162109	1.2487694
280.42096	6.1259766	3.0500596
220.72798	6.1357422	4.7436833
190.29372	6.1455078	6.273047
151.50731	6.1552734	7.5922608
94.54248	6.1650391	8.6513577
18.760853	6.1748047	9.4078083
6.5734143	6.1845703	9.8546934
-110.54754	6.1943359	10.001677
-128.84143	6.2041016	9.8638821
-305.03641	6.2138672	9.3698521
-404.86359	6.2236328	8.5014839
-315.91705	6.2333984	7.327445
-413.23315	6.2431641	5.9069562
-394.13007	6.2529297	4.2754297
-357.93173	6.2626953	2.5166917
-349.90948	6.2724609	0.68567497
-325.45248	6.2822266	-1.1628541
-304.23511	6.2919922	-2.9599438
-260.88144	6.3017578	-4.6607041
-290.46585	6.3115234	-6.1890674
-138.82701	6.3212891	-7.5143023
-156.02969	6.3310547	-8.5715065
-118.29295	6.3408203	-9.3477468
40.785702	6.3505859	-9.8037748
2.5523012	6.3603516	-9.9655342
204.18915	6.3701172	-9.8607025
261.22769	6.3798828	-9.3853931
300.30887	6.3896484	-8.548584
343.46701	6.3994141	-7.4117637
338.81351	6.4091797	-6.0159092
384.09308	6.4189453	-4.4138317
356.50912	6.4287109	-2.6682305
315.96619	6.4384766	-0.84371948
319.92535	6.4482422	1.0022984
284.72241	6.4580078	2.8112991
220.09654	6.4677734	4.5244689
206.90431	6.4775391	6.08108
170.29576	6.4873047	7.4279966
90.926384	6.4970703	8.5262222
28.330513	6.5068359	9.3270617
9.6665001	6.5166016	9.8094244
-89.312172	6.5263672	9.9958563
-125.46874	6.5361328	9.9001751
-399.42062	6.5458984	9.4593287
-349.30859	6.5556641	8.6311932
-291.00082	6.5654297	7.4980717
-446.44516	6.5751953	6.1100378
-376.49509	6.5849609	4.499321
-321.25385	6.5947266	2.7552741
-368.02014	6.6044922	0.9339059
-370.4166	6.6142578	-0.91548401
-326.69724	6.6240234	-2.7251563
-271.02731	6.6337891	-4.4360504
-255.04587	6.6435547	-5.9994855
-173.31377	6.6533203	-7.3508449
-133.85884	6.6630859	-8.4488907
-123.46318	6.6728516	-9.2577457
104.56769	6.6826172	-9.7619181
-15.696708	6.6923828	-9.957056
193.56439	6.7021484	-9.8972845
254.96655	6.7119141	-9.4729242
311.72867	6.7216797	-8.6815453
326.41162	6.7314453	-7.5784755
361.7261	6.7412109	-6.215138
374.00388	6.7509766	-4.6385722
340.43979	6.7607422	-2.9062023
335.94592	6.7705078	-1.0916835
311.23163	6.7802734	0.75896114
284.26651	6.7900391	2.5777187
244.97	6.7998047	4.308147
202.15868	6.8095703	5.886497
182.93202	6.8193359	7.2630219
87.730652	6.8291016	8.3970184
34.12093	6.8388672	9.2392616
14.130748	6.8486328	9.7611008
-67.4655	6.8583984	9.9884043
-124.80116	6.8681641	9.9325199
-462.98639	6.8779297	9.5438166
-252.18994	6.8876953	8.7579985
-290.73758	6.8974609	7.666501
-445.27463	6.9072266	6.3098726
-334.23303	6.9169922	4.7224145
-316.67413	6.9267578	2.9911892
-133.92181	6.9365234	1.2273678
315.16534	6.9462891	0.4174659
-128.13824	6.9560547	0.23983559
114.47733	6.9658203	0.15771109
-46.784092	6.9755859	0.13362943
18.996704	6.9853516	0.119304
-4.4244227	6.9951172	0.11623921
10.137575	7.0048828	0.11307467
4.6791158	7.0146484	0.10997793
-7.7868581	7.0244141	0.10949737
-6.2027478	7.0341797	0.11017751
-10.356365	7.0439453	0.10818224
-9.1566591	7.0537109	0.10785079
-9.9664783	7.0634766	0.10833666
-16.058493	7.0732422	0.10789931
-12.726301	7.0830078	0.10782452
-19.889185	7.0927734	0.10946906
-16.134907	7.1025391	0.10787547
-30.173769	7.1123047	0.10891771
-21.019335	7.1220703	0.10796124
-27.177156	7.1318359	0.10886537
-29.524195	7.1416016	0.10813801
-20.096802	7.1513672	0.10870825
-26.069117	7.1611328	0.10920921
-26.886921	7.1708984	0.10884143
-21.753389	7.1806641	0.10758229
-23.139687	7.1904297	0.10928363
-16.59412	7.2001953	0.11003771
-15.468162	7.2099609	0.10916721
-17.200493	7.2197266	0.11103331
-17.864128	7.2294922	0.11213617
-17.616583	7.2392578	0.1097206
-17.32616	7.2490234	0.11032848
-16.271929	7.2587891	0.11002216
-18.250208	7.2685547	0.11063637
-19.192173	7.2783203	0.11102371
-16.455994	7.2880859	0.1110822
-14.155055	7.2978516	0.11206596
-16.241858	7.3076172	0.11097184
-15.858701	7.3173828	0.11139764
-17.565653	7.3271484	0.11080959
-16.806543	7.3369141	0.11208355
-16.414606	7.3466797	0.1118605
-16.099623	7.3564453	0.11128178
-16.864691	7.3662109	0.11053011
-17.226673	7.3759766	0.11104299
-17.430504	7.3857422	0.11244649
-15.429884	7.3955078	0.11171968
-14.116662	7.4052734	0.11087014
-14.931022	7.4150391	0.1130186
-16.03812	7.4248047	0.11160951
-16.710478	7.4345703	0.11255601
