MTS793|MPT|ENU|1|2|.|/|:|1|0|0|A

Data Acquisition						Time:	13.286133	s	4/10/2018 12:48:11 PM
Axial Force	Running Time	Axial Displacement
N	s	mm
-5.9691958	0.014648438	-2.8408191
-6.3800836	0.024414063	-2.841136
-6.7519255	0.034179688	-2.8421738
-6.8525667	0.043945313	-2.841784
-4.6309199	0.053710938	-2.8405979
-1.1578901	0.063476563	-2.839011
3.9751291	0.073242188	-2.8341644
2.3089232	0.083007813	-2.823472
-2.2135327	0.092773438	-2.8093741
0.23853499	0.10253906	-2.7903929
1.7090002	0.11230469	-2.7659633
3.0904076	0.12207031	-2.7361312
11.998974	0.13183594	-2.7005427
5.4459553	0.14160156	-2.6632025
12.191303	0.15136719	-2.6200221
7.3824544	0.16113281	-2.5729089
10.654307	0.17089844	-2.5211058
8.7327328	0.18066406	-2.4641595
6.57934	0.19042969	-2.4035492
8.550333	0.20019531	-2.3383834
5.8436069	0.20996094	-2.2701211
7.1313348	0.21972656	-2.1964989
4.4878106	0.22949219	-2.1187863
5.8464355	0.23925781	-2.0364375
4.1817198	0.24902344	-1.9512825
2.0828795	0.25878906	-1.86207
6.8877707	0.26855469	-1.7682023
3.2772775	0.27832031	-1.6716398
5.6130462	0.28808594	-1.5710697
4.6715956	0.29785156	-1.466398
6.2862878	0.30761719	-1.3596855
5.4528122	0.31738281	-1.2469239
5.5468178	0.32714844	-1.1342645
5.058176	0.33691406	-1.0172136
9.5354862	0.34667969	-0.8962996
5.4151983	0.35644531	-0.77412796
12.588698	0.36621094	-0.64807683
0.87922674	0.37597656	-0.51980019
6.1892557	0.38574219	-0.38970858
4.9313879	0.39550781	-0.25693327
4.9915748	0.40527344	-0.120534
4.5237131	0.41503906	0.016991794
4.1213584	0.42480469	0.15546679
6.0896387	0.43457031	0.29684752
2.8055511	0.44433594	0.43936372
5.0454516	0.45410156	0.58392435
2.9267511	0.46386719	0.72989762
18.669012	0.47363281	0.87648481
-3.0521188	0.48339844	1.0262728
10.33917	0.49316406	1.1749119
-1.2281351	0.50292969	1.3251827
10.219892	0.51269531	1.4772103
0.51849055	0.52246094	1.6294851
8.8020344	0.53222656	1.7819613
0.9546988	0.54199219	1.9340903
5.9010577	0.55175781	2.0865843
3.9739184	0.56152344	2.238606
1.6792793	0.57128906	2.3904905
6.4671154	0.58105469	2.5437803
2.2794237	0.59082031	2.69486
4.7427487	0.60058594	2.8461843
3.578316	0.61035156	2.9975772
4.0574813	0.62011719	3.146641
3.9691105	0.62988281	3.2960205
-0.41538152	0.63964844	3.4431412
14.354283	0.64941406	3.5892577
-3.5454054	0.65917969	3.7344992
11.87058	0.66894531	3.8791194
-1.9080122	0.67871094	4.0205822
7.8423991	0.68847656	4.1609168
-1.876289	0.69824219	4.2979956
7.0516019	0.70800781	4.4351473
-0.90000683	0.71777344	4.568562
7.4436655	0.72753906	4.6996517
-0.32132956	0.73730469	4.829967
11.106452	0.74707031	4.9571185
-2.8343172	0.75683594	5.0801649
6.8827534	0.76660156	5.201663
-0.45419437	0.77636719	5.3203049
7.3636184	0.78613281	5.4344711
2.4057109	0.79589844	5.5475936
4.3249922	0.80566406	5.6550875
3.5775592	0.81542969	5.7619853
4.6559844	0.82519531	5.8638496
2.3171072	0.83496094	5.9626341
7.2610564	0.84472656	6.05828
3.7244055	0.85449219	6.1486511
7.7828298	0.86425781	6.2364044
5.7692871	0.87402344	6.3200965
8.7871447	0.88378906	6.3995271
5.9773798	0.89355469	6.4754276
9.176239	0.90332031	6.5482798
5.7535944	0.91308594	6.6160975
8.0207367	0.92285156	6.6805348
6.0409307	0.93261719	6.7392559
7.646915	0.94238281	6.7948222
6.6251144	0.95214844	6.8451271
7.3973436	0.96191406	6.8908305
7.0134063	0.97167969	6.9319339
8.0409231	0.98144531	6.9692059
8.4523001	0.99121094	7.0013614
8.1133099	1.0009766	7.0284767
6.591785	1.0107422	7.0532784
9.5691175	1.0205078	7.071826
8.2570591	1.0302734	7.0858808
11.707586	1.0400391	7.0953741
9.3652401	1.0498047	7.1000562
1.4584744	1.0595703	7.0996718
-18.199511	1.0693359	7.094595
-27.664099	1.0791016	7.0814819
-25.741081	1.0888672	7.0622773
-25.458948	1.0986328	7.0365429
-23.959053	1.1083984	7.0043058
-27.31731	1.1181641	6.9650354
-29.120884	1.1279297	6.9184246
-26.909298	1.1376953	6.8661928
-29.808924	1.1474609	6.8065047
-24.769571	1.1572266	6.7407475
-29.131315	1.1669922	6.6712275
-25.481394	1.1767578	6.5923634
-29.850948	1.1865234	6.5077944
-25.596935	1.1962891	6.4152241
-28.129807	1.2060547	6.3171535
-27.878733	1.2158203	6.2129288
-30.35858	1.2255859	6.1038895
-26.941544	1.2353516	5.9876561
-21.194725	1.2451172	5.8661699
-32.680283	1.2548828	5.7416482
-20.785944	1.2646484	5.6083722
-32.225098	1.2744141	5.4714217
-18.300756	1.2841797	5.3307252
-33.288044	1.2939453	5.1837263
-20.312157	1.3037109	5.0308046
-30.967918	1.3134766	4.8746824
-21.017704	1.3232422	4.7111807
-30.538847	1.3330078	4.5455947
-25.228748	1.3427734	4.3744044
-17.922918	1.3525391	4.2007489
-44.536568	1.3623047	4.0235205
-15.84621	1.3720703	3.8424194
-37.607944	1.3818359	3.6560342
-22.045429	1.3916016	3.466408
-32.67564	1.4013672	3.2743125
-27.132442	1.4111328	3.079772
-25.138084	1.4208984	2.8827846
-34.073669	1.4306641	2.6807771
-20.967495	1.4404297	2.4773552
-29.02326	1.4501953	2.2718594
-23.793243	1.4599609	2.0654545
-29.35907	1.4697266	1.857388
-20.998075	1.4794922	1.6445146
-33.937351	1.4892578	1.4331386
-24.608906	1.4990234	1.2201697
-21.884871	1.5087891	1.0048702
-28.894783	1.5185547	0.78912079
-13.670407	1.5283203	0.57199001
-31.798624	1.5380859	0.35445839
-32.793938	1.5478516	0.13602376
-17.306814	1.5576172	-0.081863999
-35.411366	1.5673828	-0.30062497
-19.836809	1.5771484	-0.51823109
-28.467073	1.5869141	-0.73378456
-19.868742	1.5966797	-0.95027316
-30.236727	1.6064453	-1.1663601
-15.544368	1.6162109	-1.3807356
-36.514355	1.6259766	-1.5915729
-17.240551	1.6357422	-1.8049188
-33.039192	1.6455078	-2.0131431
-19.688181	1.6552734	-2.2209554
-27.476334	1.6650391	-2.4272099
-14.575256	1.6748047	-2.6307814
-38.534229	1.6845703	-2.8298697
-15.29659	1.6943359	-3.0266583
-33.961082	1.7041016	-3.2210879
-16.892853	1.7138672	-3.4156702
-31.621613	1.7236328	-3.6047907
-16.275665	1.7333984	-3.7905157
-29.955317	1.7431641	-3.9721587
-28.007034	1.7529297	-4.1508927
-21.984777	1.7626953	-4.3246903
-25.556004	1.7724609	-4.4935241
-24.778467	1.7822266	-4.6600385
-28.652454	1.7919922	-4.8197789
-29.638947	1.8017578	-4.9776869
-26.208349	1.8115234	-5.1284633
-34.941219	1.8212891	-5.2753568
-20.501972	1.8310547	-5.4166646
-28.7864	1.8408203	-5.554328
-30.397867	1.8505859	-5.6862807
-26.478815	1.8603516	-5.8131852
-25.678356	1.8701172	-5.9329023
-22.259727	1.8798828	-6.0489764
-28.436398	1.8896484	-6.1580844
-22.675982	1.8994141	-6.2638192
-31.609449	1.9091797	-6.3622327
-18.969597	1.9189453	-6.4547076
-32.962395	1.9287109	-6.5400643
-22.371683	1.9384766	-6.6215973
-26.231585	1.9482422	-6.6930623
-27.633913	1.9580078	-6.7604022
-30.472538	1.9677734	-6.8226929
-26.680202	1.9775391	-6.8778667
-26.71763	1.9873047	-6.9287734
-26.577969	1.9970703	-6.9712186
-28.118654	2.0068359	-7.0077939
-32.460922	2.0166016	-7.0378795
-31.469927	2.0263672	-7.060925
-30.631422	2.0361328	-7.0775304
-32.096252	2.0458984	-7.0866818
-31.447481	2.0556641	-7.0903735
-13.068842	2.0654297	-7.0876665
4.0985293	2.0751953	-7.0797348
1.7978483	2.0849609	-7.0629301
3.4743104	2.0947266	-7.0398459
2.133858	2.1044922	-7.0103159
8.3531361	2.1142578	-6.9726133
7.9853816	2.1240234	-6.9303112
12.88887	2.1337891	-6.8791618
6.9207048	2.1435547	-6.8232408
8.2573624	2.1533203	-6.7603035
9.1651688	2.1630859	-6.6906867
7.423316	2.1728516	-6.615109
7.1464458	2.1826172	-6.532825
10.574155	2.1923828	-6.4441156
7.8278594	2.2021484	-6.3496003
4.0030575	2.2119141	-6.2492518
6.9228115	2.2216797	-6.1433935
4.0126381	2.2314453	-6.0284147
6.8880849	2.2412109	-5.9112287
7.1224408	2.2509766	-5.7870574
5.4723468	2.2607422	-5.656322
9.5156136	2.2705078	-5.5227747
13.754388	2.2802734	-5.3819814
7.7188711	2.2900391	-5.2370877
10.286901	2.2998047	-5.0863056
6.7602959	2.3095703	-4.932703
6.9721837	2.3193359	-4.773263
5.2518678	2.3291016	-4.6082063
11.454057	2.3388672	-4.4403553
1.7834245	2.3486328	-4.2665267
12.487044	2.3583984	-4.0915532
6.4391294	2.3681641	-3.9101295
10.101834	2.3779297	-3.7257812
6.4144144	2.3876953	-3.5374067
8.7022429	2.3974609	-3.3466578
3.9546518	2.4072266	-3.1529763
8.9075527	2.4169922	-2.955632
5.2739868	2.4267578	-2.7552507
10.832911	2.4365234	-2.5535674
4.192884	2.4462891	-2.3472197
10.824506	2.4560547	-2.1409712
0.92061234	2.4658203	-1.9317441
9.2384634	2.4755859	-1.7225415
1.4273334	2.4853516	-1.5102909
10.725612	2.4951172	-1.2957431
3.9581094	2.5048828	-1.0808319
8.0196886	2.5146484	-0.86458027
7.3000555	2.5244141	-0.64855963
4.4966002	2.5341797	-0.43074787
7.4062963	2.5439453	-0.21353438
3.5678501	2.5537109	0.0031396747
7.7976613	2.5634766	0.22199303
2.7050264	2.5732422	0.43859184
17.060881	2.5830078	0.65511614
-2.7193339	2.5927734	0.87183863
13.352838	2.6025391	1.0874957
-0.15433179	2.6123047	1.3016582
6.5408998	2.6220703	1.5160352
3.7062912	2.6318359	1.7263606
4.5517807	2.6416016	1.9356742
1.7728075	2.6513672	2.1443753
4.7620039	2.6611328	2.3505509
2.7496717	2.6708984	2.5536492
10.922422	2.6806641	2.7544708
0.59569722	2.6904297	2.954407
5.8816748	2.7001953	3.1503291
1.2108124	2.7099609	3.3430219
5.4889474	2.7197266	3.5316453
1.0327785	2.7294922	3.7192135
5.7128839	2.7392578	3.9016902
4.0146174	2.7490234	4.0802436
6.4073362	2.7587891	4.2564855
3.6518323	2.7685547	4.4283047
6.1860542	2.7783203	4.5960026
3.2704556	2.7880859	4.7588096
4.2734318	2.7978516	4.9172282
3.9823353	2.8076172	5.0715609
6.0694757	2.8173828	5.2200422
4.7118635	2.8271484	5.3638339
5.3505297	2.8369141	5.5037336
2.643466	2.8466797	5.6383429
3.1211996	2.8564453	5.7674704
2.657855	2.8662109	5.8899522
6.0904655	2.8759766	6.0075955
1.0695076	2.8857422	6.119524
5.7919183	2.8955078	6.2262831
1.4612335	2.9052734	6.3264608
8.7519875	2.9150391	6.4219923
0.73357952	2.9248047	6.5110908
10.505842	2.9345703	6.5927653
-0.24411128	2.9443359	6.6711946
11.254126	2.9541016	6.7412286
3.8489001	2.9638672	6.8079591
7.7612348	2.9736328	6.8668246
4.7583833	2.9833984	6.9182796
6.2551584	2.9931641	6.9624052
6.9624629	3.0029297	7.0013552
7.9717598	3.0126953	7.0343614
6.676477	3.0224609	7.0581751
8.3219614	3.0322266	7.0788713
6.8409834	3.0419922	7.091692
8.8299513	3.0517578	7.0970802
-1.1397409	3.0615234	7.0971861
-19.903761	3.0712891	7.0885568
-28.820486	3.0810547	7.075274
-18.857687	3.0908203	7.0521431
-30.435425	3.1005859	7.0272579
-19.97368	3.1103516	6.9931717
-26.405859	3.1201172	6.9519577
-32.121582	3.1298828	6.9057646
-23.977516	3.1396484	6.8516612
-32.310944	3.1494141	6.7926049
-23.858295	3.1591797	6.7232876
-28.745155	3.1689453	6.6518812
-27.234049	3.1787109	6.5726099
-29.292692	3.1884766	6.4857349
-20.125765	3.1982422	6.3920155
-29.87862	3.2080078	6.2952862
-21.766756	3.2177734	6.1901107
-29.042515	3.2275391	6.0786037
-21.676941	3.2373047	5.9618087
-27.81069	3.2470703	5.8405147
-21.881725	3.2568359	5.7123365
-25.019505	3.2666016	5.5800214
-24.491316	3.2763672	5.4416714
-24.221651	3.2861328	5.2985163
-30.349148	3.2958984	5.1494451
-24.191616	3.3056641	4.9951181
-24.272966	3.3154297	4.8385577
-32.558605	3.3251953	4.6754003
-22.785831	3.3349609	4.5091777
-33.057262	3.3447266	4.3381557
-19.558437	3.3544922	4.1623487
-30.346855	3.3642578	3.9838016
-16.595703	3.3740234	3.8018153
-42.90992	3.3837891	3.615947
-15.761725	3.3935547	3.4273386
-37.207783	3.4033203	3.2347858
-23.094927	3.4130859	3.0374274
-34.120247	3.4228516	2.8409317
-22.207014	3.4326172	2.6372223
-26.705942	3.4423828	2.4342225
-28.832293	3.4521484	2.2290916
-26.34828	3.4619141	2.0192921
-30.139311	3.4716797	1.8104792
-22.954504	3.4814453	1.6007841
-30.34341	3.4912109	1.3899177
-21.263678	3.5009766	1.1742518
-31.308901	3.5107422	0.95933527
-20.101143	3.5205078	0.74197054
-29.696234	3.5302734	0.52569211
-25.776646	3.5400391	0.30824095
-8.0179892	3.5498047	0.089718401
-42.783562	3.5595703	-0.12692064
-16.026779	3.5693359	-0.34560934
-31.832293	3.5791016	-0.56330115
-19.975948	3.5888672	-0.7795468
-30.408369	3.5986328	-0.99705756
-16.203918	3.6083984	-1.2105309
-38.920788	3.6181641	-1.4252722
-17.115799	3.6279297	-1.6380444
-31.428352	3.6376953	-1.8478558
-23.527035	3.6474609	-2.0580418
-24.319941	3.6572266	-2.2647314
-23.450773	3.6669922	-2.471447
-23.602077	3.6767578	-2.6738896
-20.585674	3.6865234	-2.8733544
-30.762028	3.6962891	-3.0710607
-16.628056	3.7060547	-3.2653921
-27.942635	3.7158203	-3.457129
-18.256857	3.7255859	-3.6466637
-28.233953	3.7353516	-3.8307428
-21.614403	3.7451172	-4.0104589
-22.646843	3.7548828	-4.1875401
-31.690847	3.7646484	-4.3596969
-25.525688	3.7744141	-4.5297265
-23.175461	3.7841797	-4.694087
-24.779455	3.7939453	-4.8553066
-28.216793	3.8037109	-5.0105782
-20.539982	3.8134766	-5.1613951
-31.422264	3.8232422	-5.3069854
-25.467808	3.8330078	-5.4479795
-22.036036	3.8427734	-5.5830574
-28.904388	3.8525391	-5.7128654
-22.700533	3.8623047	-5.8386097
-25.503582	3.8720703	-5.9591851
-16.074709	3.8818359	-6.0736313
-22.906425	3.8916016	-6.1824069
-27.41021	3.9013672	-6.2857022
-22.441406	3.9111328	-6.3826957
-22.796822	3.9208984	-6.4746008
-25.474302	3.9306641	-6.5603452
-23.633917	3.9404297	-6.6370397
-25.348423	3.9501953	-6.7102895
-23.149477	3.9599609	-6.7767367
-24.62254	3.9697266	-6.8363266
-21.113258	3.9794922	-6.8910489
-22.960197	3.9892578	-6.9388895
-24.401791	3.9990234	-6.9812846
-23.968948	4.0087891	-7.0175815
-24.306227	4.0185547	-7.0455418
-22.347282	4.0283203	-7.0663061
-23.880379	4.0380859	-7.0819135
-25.391729	4.0478516	-7.0905499
-22.060274	4.0576172	-7.0934319
-4.3399749	4.0673828	-7.0894728
1.362816	4.0771484	-7.0786676
2.1039858	4.0869141	-7.0605631
1.7062296	4.0966797	-7.0356979
2.4878421	4.1064453	-7.0047746
2.5894725	4.1162109	-6.9678392
10.636192	4.1259766	-6.9232674
7.2521043	4.1357422	-6.871314
6.2827601	4.1455078	-6.8136234
9.453949	4.1552734	-6.7495084
5.9394746	4.1650391	-6.6777444
6.9625325	4.1748047	-6.6002073
4.4019661	4.1845703	-6.5159311
10.332931	4.1943359	-6.4284453
-1.040427	4.2041016	-6.3317313
12.54623	4.2138672	-6.2308936
1.2067962	4.2236328	-6.1224589
10.533095	4.2333984	-6.0070677
9.7102022	4.2431641	-5.8884196
5.7905679	4.2529297	-5.7625108
6.2729115	4.2626953	-5.6330547
9.2119799	4.2724609	-5.4953313
5.4680042	4.2822266	-5.3558111
7.3301721	4.2919922	-5.2092299
4.966033	4.3017578	-5.0573692
9.0835037	4.3115234	-4.9022989
4.8729939	4.3212891	-4.7414198
9.5858593	4.3310547	-4.5765476
6.7070127	4.3408203	-4.4061646
11.015777	4.3505859	-4.2345552
7.7885227	4.3603516	-4.0551758
15.375938	4.3701172	-3.8754516
7.2657132	4.3798828	-3.6901929
7.8295937	4.3896484	-3.5007849
6.9255357	4.3994141	-3.3090501
4.5441442	4.4091797	-3.1143315
9.5748453	4.4189453	-2.9169664
7.5233636	4.4287109	-2.7170174
6.8551397	4.4384766	-2.5134535
7.4908137	4.4482422	-2.308286
3.5711098	4.4580078	-2.1005168
9.8233347	4.4677734	-1.892019
1.5704893	4.4775391	-1.6806312
8.850894	4.4873047	-1.4671706
3.4402125	4.4970703	-1.2541101
8.2004929	4.5068359	-1.0386958
4.1841412	4.5166016	-0.82264912
5.4990873	4.5263672	-0.60627687
6.1575441	4.5361328	-0.38976893
5.7670288	4.5458984	-0.17193183
4.1028252	4.5556641	0.045672059
10.850083	4.5654297	0.26455373
2.1088867	4.5751953	0.48151016
8.5279236	4.5849609	0.69939643
2.1126122	4.5947266	0.91520548
6.9251752	4.6044922	1.1285692
3.1843665	4.6142578	1.3424144
3.9216247	4.6240234	1.5557885
3.8257568	4.6337891	1.7671734
5.088304	4.6435547	1.9773245
3.5337172	4.6533203	2.1835656
7.2771335	4.6630859	2.3889527
0.98485035	4.6728516	2.5925727
6.5603991	4.6826172	2.7939053
0.67835206	4.6923828	2.9922366
6.833137	4.7021484	3.1868367
1.8184656	4.7119141	3.3794866
3.629492	4.7216797	3.5691023
2.022239	4.7314453	3.7548616
3.1148083	4.7412109	3.9368689
7.0526381	4.7509766	4.1149287
2.9239571	4.7607422	4.2912645
3.9206586	4.7705078	4.4620409
3.8274913	4.7802734	4.6278534
5.6319404	4.7900391	4.7899232
1.4416757	4.7998047	4.9477177
6.1334691	4.8095703	5.1001415
3.3574529	4.8193359	5.2483201
5.6637335	4.8291016	5.3918242
3.4010854	4.8388672	5.5312781
7.6502795	4.8486328	5.6643724
1.0263407	4.8583984	5.7911353
9.2357283	4.8681641	5.9129343
-0.37827995	4.8779297	6.0300903
5.7273893	4.8876953	6.1416092
2.0856504	4.8974609	6.2466474
4.67489	4.9072266	6.3453898
2.8023846	4.9169922	6.4400659
5.5902057	4.9267578	6.5271587
4.4235725	4.9365234	6.6100569
2.9830379	4.9462891	6.6858025
5.7991014	4.9560547	6.7554073
5.5815444	4.9658203	6.8175883
5.6391697	4.9755859	6.8758383
6.2216887	4.9853516	6.9257216
5.6905441	4.9951172	6.9701271
9.666419	5.0048828	7.0081072
5.9982414	5.0146484	7.0365248
7.7084522	5.0244141	7.0619478
9.8981543	5.0341797	7.079299
8.1260223	5.0439453	7.0905833
9.3988838	5.0537109	7.0953221
-5.9763899	5.0634766	7.0931792
-23.978426	5.0732422	7.083601
-22.170099	5.0830078	7.0683136
-21.915604	5.0927734	7.0452838
-22.072706	5.1025391	7.0181551
-22.698345	5.1123047	6.9837928
-27.136587	5.1220703	6.9414139
-24.95245	5.1318359	6.8942604
-26.920485	5.1416016	6.838624
-24.980726	5.1513672	6.7783608
-28.532465	5.1611328	6.7089558
-26.325788	5.1708984	6.6359878
-25.545164	5.1806641	6.5544424
-25.099155	5.1904297	6.4658923
-25.768951	5.2001953	6.3719959
-28.020527	5.2099609	6.2725263
-18.578651	5.2197266	6.1670632
-33.3881	5.2294922	6.054832
-16.597494	5.2392578	5.9374676
-33.669022	5.2490234	5.8158846
-17.422321	5.2587891	5.6865005
-27.862263	5.2685547	5.5514188
-14.191877	5.2783203	5.4122791
-36.241497	5.2880859	5.2680535
-18.493225	5.2978516	5.1190467
-36.660011	5.3076172	4.9641042
-16.223442	5.3173828	4.8055291
-39.112801	5.3271484	4.644455
-15.839108	5.3369141	4.4751167
-34.864864	5.3466797	4.3031468
-19.680977	5.3564453	4.1260495
-30.588417	5.3662109	3.947279
-21.844975	5.3759766	3.7631199
-37.316883	5.3857422	3.5778971
-20.614302	5.3955078	3.3868268
-25.187176	5.4052734	3.1934605
-25.946424	5.4150391	2.9979541
-21.996897	5.4248047	2.7990446
-29.517139	5.4345703	2.5971994
-26.073446	5.4443359	2.3928688
-23.582335	5.4541016	2.1856561
-32.471947	5.4638672	1.9776165
-26.149244	5.4736328	1.769501
-26.224682	5.4833984	1.5586898
-27.042313	5.4931641	1.3449624
-26.89776	5.5029297	1.1318996
-25.130856	5.5126953	0.91488808
-25.735098	5.5224609	0.70033073
-25.220379	5.5322266	0.48173219
-26.418606	5.5419922	0.26537478
-28.366932	5.5517578	0.046209991
-19.758917	5.5615234	-0.17215759
-36.679302	5.5712891	-0.39009377
-14.374894	5.5810547	-0.60668439
-40.515617	5.5908203	-0.82016063
-14.732814	5.6005859	-1.0398493
-32.125229	5.6103516	-1.2536384
-10.248005	5.6201172	-1.4677681
-49.127174	5.6298828	-1.679714
-11.10509	5.6396484	-1.8904195
-38.756908	5.6494141	-2.0998404
-15.516684	5.6591797	-2.3066566
-29.778738	5.6689453	-2.5114558
-22.866903	5.6787109	-2.7139261
-26.141712	5.6884766	-2.9134526
-21.256145	5.6982422	-3.1108692
-24.095142	5.7080078	-3.3052199
-20.241261	5.7177734	-3.4972594
-28.314779	5.7275391	-3.6833048
-19.195269	5.7373047	-3.867784
-30.014885	5.7470703	-4.0472398
-18.846884	5.7568359	-4.2217159
-31.205536	5.7666016	-4.3960185
-21.731817	5.7763672	-4.5635757
-31.615269	5.7861328	-4.7265897
-27.402119	5.7958984	-4.8867621
-22.476398	5.8056641	-5.0419765
-31.097652	5.8154297	-5.190486
-25.951899	5.8251953	-5.3364382
-25.076931	5.8349609	-5.4771161
-37.015556	5.8447266	-5.6103563
-20.859716	5.8544922	-5.7408428
-33.550327	5.8642578	-5.8646584
-26.686094	5.8740234	-5.98318
-29.568478	5.8837891	-6.0955377
-26.952894	5.8935547	-6.2044196
-32.139603	5.9033203	-6.3060651
-21.754694	5.9130859	-6.4025087
-33.415874	5.9228516	-6.492487
-24.30291	5.9326172	-6.5763311
-33.671501	5.9423828	-6.65344
-25.781349	5.9521484	-6.7257204
-34.34613	5.9619141	-6.7897992
-30.762505	5.9716797	-6.8488607
-32.626324	5.9814453	-6.9018903
-34.363941	5.9912109	-6.949513
-30.834249	6.0009766	-6.9908147
-36.262547	6.0107422	-7.0231009
-33.812515	6.0205078	-7.0511827
-36.499298	6.0302734	-7.0711718
-34.108604	6.0400391	-7.0844283
-38.404545	6.0498047	-7.092298
-30.97928	6.0595703	-7.094244
-7.8171844	6.0693359	-7.0888104
1.7924118	6.0791016	-7.0768194
19.913836	6.0888672	-7.0579734
10.966114	6.0986328	-7.0316644
10.848407	6.1083984	-7.0001779
15.365035	6.1181641	-6.9596992
19.647337	6.1279297	-6.913589
12.240197	6.1376953	-6.8612499
10.864344	6.1474609	-6.8013287
15.589787	6.1572266	-6.7363
6.2221193	6.1669922	-6.6636572
11.692278	6.1767578	-6.5851545
2.8546784	6.1865234	-6.5008817
11.263112	6.1962891	-6.4106259
2.9152026	6.2060547	-6.3124619
12.214971	6.2158203	-6.2101035
13.851293	6.2255859	-6.0995312
11.561288	6.2353516	-5.984982
17.67535	6.2451172	-5.8634877
14.949305	6.2548828	-5.7371206
8.7631636	6.2646484	-5.6049719
11.977098	6.2744141	-5.4699697
6.3140759	6.2841797	-5.3262062
7.4967856	6.2939453	-5.1786604
7.0884128	6.3037109	-5.0263734
7.6331196	6.3134766	-4.870223
7.6862168	6.3232422	-4.7091656
15.063933	6.3330078	-4.5434036
10.293128	6.3427734	-4.3730311
12.154319	6.3525391	-4.1982846
6.1544008	6.3623047	-4.0202322
9.1248083	6.3720703	-3.8389318
7.7836218	6.3818359	-3.6527052
8.2774668	6.3916016	-3.4629254
10.536798	6.4013672	-3.2709637
9.0971355	6.4111328	-3.0766838
7.9569297	6.4208984	-2.8779426
5.3057332	6.4306641	-2.6768029
8.0037041	6.4404297	-2.4731205
5.416048	6.4501953	-2.2675476
6.7691202	6.4599609	-2.0596809
5.5940008	6.4697266	-1.8506236
7.8265443	6.4794922	-1.6392894
8.167326	6.4892578	-1.4259599
9.5393858	6.4990234	-1.2112021
5.6221385	6.5087891	-0.99579692
6.4241233	6.5185547	-0.78062415
4.4193816	6.5283203	-0.56366253
5.3693075	6.5380859	-0.34658313
4.7280688	6.5478516	-0.12838244
16.685371	6.5576172	0.088407099
-6.4140882	6.5673828	0.30625463
14.062144	6.5771484	0.5227983
-1.3967977	6.5869141	0.73950589
8.0636349	6.5966797	0.95560104
1.1132098	6.6064453	1.1706561
5.5280046	6.6162109	1.3841047
0.77557051	6.6259766	1.597333
9.7020178	6.6357422	1.8082261
0.25178307	6.6455078	2.0168571
9.8412161	6.6552734	2.2248194
0.59379965	6.6650391	2.4296284
7.1696239	6.6748047	2.6335552
2.2234046	6.6845703	2.8333397
6.1454835	6.6943359	3.0298338
1.0904973	6.7041016	3.22645
8.1736126	6.7138672	3.4180105
2.5831163	6.7236328	3.6058335
10.142301	6.7333984	3.7923722
0.2637971	6.7431641	3.9737046
6.8252673	6.7529297	4.1506333
-0.19080472	6.7626953	4.3241978
6.8641386	6.7724609	4.4944181
0.76107681	6.7822266	4.6597929
7.5820832	6.7919922	4.8207002
1.964753	6.8017578	4.978055
7.7163453	6.8115234	5.1299706
1.1726981	6.8212891	5.2782297
7.5638762	6.8310547	5.4201975
2.439646	6.8408203	5.5569367
11.34125	6.8505859	5.6883392
-0.63719928	6.8603516	5.8144884
8.7955503	6.8701172	5.936554
-1.926953	6.8798828	6.0520706
6.9950824	6.8896484	6.161767
-0.12621748	6.8994141	6.2658324
4.8230867	6.9091797	6.3631535
1.1216151	6.9189453	6.4569235
4.9301658	6.9287109	6.5444393
3.0516763	6.9384766	6.6247449
6.2181382	6.9482422	6.6988378
4.4507556	6.9580078	6.7671747
4.3476582	6.9677734	6.830658
3.7866762	6.9775391	6.8860145
5.1770244	6.9873047	6.9353805
4.6285453	6.9970703	6.9777908
9.5051355	7.0068359	7.0128975
8.0788279	7.0166016	7.0427732
8.2356386	7.0263672	7.0664463
7.8468351	7.0361328	7.0819898
9.3898268	7.0458984	7.091661
9.0592079	7.0556641	7.0951819
-10.985252	7.0654297	7.0925145
-24.426624	7.0751953	7.0821838
-21.087414	7.0849609	7.0646553
-20.229641	7.0947266	7.0413456
-21.300232	7.1044922	7.011394
-22.479658	7.1142578	6.9746466
-27.459696	7.1240234	6.932704
-27.521864	7.1337891	6.8824873
-23.224123	7.1435547	6.826797
-30.594994	7.1533203	6.7633061
-21.818176	7.1630859	6.6940637
-30.48638	7.1728516	6.6192241
-21.81616	7.1826172	6.536901
-29.233027	7.1923828	6.4473748
-24.499279	7.2021484	6.3525796
-24.320021	7.2119141	6.2505827
-25.562792	7.2216797	6.1437712
-24.447519	7.2314453	6.030129
-24.963821	7.2412109	5.9128075
-29.54501	7.2509766	5.7883577
-25.713734	7.2607422	5.6583223
-37.261761	7.2705078	5.5232821
-17	7.2802734	5.382411
-46.62273	7.2900391	5.2384434
-13.865973	7.2998047	5.0878034
-38.275822	7.3095703	4.9318986
-21.134481	7.3193359	4.7716274
-28.780277	7.3291016	4.607615
-24.521152	7.3388672	4.4394655
-24.445892	7.3486328	4.2670889
-30.104221	7.3583984	4.090148
-25.174883	7.3681641	3.9092646
-25.549868	7.3779297	3.7255361
-25.86412	7.3876953	3.5384164
-26.449642	7.3974609	3.3473208
-21.857872	7.4072266	3.1543627
-24.215691	7.4169922	2.9570251
-35.105503	7.4267578	2.7577639
-23.801542	7.4365234	2.5556669
-26.796923	7.4462891	2.3513973
-19.809872	7.4560547	2.1444588
-26.025494	7.4658203	1.935415
-26.777573	7.4755859	1.7251804
-24.133467	7.4853516	1.5158043
-26.896688	7.4951172	1.3006449
-25.407085	7.5048828	1.0884553
-27.213293	7.5146484	0.87258667
-23.675453	7.5244141	0.65501928
-24.451689	7.5341797	0.43974519
-28.259504	7.5439453	0.22130162
-22.309099	7.5537109	0.0013723969
-28.992548	7.5634766	-0.21658242
-17.84038	7.5732422	-0.4345119
-34.124836	7.5830078	-0.64991939
-14.097953	7.5927734	-0.86826384
-39.098145	7.6025391	-1.0837816
-18.445332	7.6123047	-1.2972206
-32.071003	7.6220703	-1.5106224
-15.036785	7.6318359	-1.7227762
-25.870092	7.6416016	-1.9326352
-24.533831	7.6513672	-2.142489
-27.036772	7.6611328	-2.3483441
-23.147499	7.6708984	-2.551753
-35.649853	7.6806641	-2.7521186
-17.78854	7.6904297	-2.9536464
-23.944096	7.7001953	-3.150224
-23.136055	7.7099609	-3.3441193
-19.026991	7.7197266	-3.5342374
-31.925026	7.7294922	-3.7209094
-19.667913	7.7392578	-3.9044478
-29.14304	7.7490234	-4.0836558
-23.844664	7.7587891	-4.2575912
-31.689194	7.7685547	-4.4293652
-18.254389	7.7783203	-4.5978756
-30.897661	7.7880859	-4.7606878
-21.20356	7.7978516	-4.91855
-38.523102	7.8076172	-5.0717621
-15.376357	7.8173828	-5.2226467
-39.032391	7.8271484	-5.3642497
-21.779875	7.8369141	-5.5027204
-35.96209	7.8466797	-5.6357784
-20.833406	7.8564453	-5.7656565
-36.425949	7.8662109	-5.8880978
-24.20348	7.8759766	-6.0056858
-29.441319	7.8857422	-6.1182456
-29.855396	7.8955078	-6.2248392
-28.716017	7.9052734	-6.3267221
-25.388739	7.9150391	-6.4216785
-32.161747	7.9248047	-6.5102448
-25.442162	7.9345703	-6.5926256
-35.709492	7.9443359	-6.6670198
-26.988482	7.9541016	-6.7379203
-31.640545	7.9638672	-6.8019428
-33.750862	7.9736328	-6.8590479
-26.87138	7.9833984	-6.9121795
-34.961464	7.9931641	-6.9585829
-27.411373	8.0029297	-6.9978251
-34.64917	8.0126953	-7.0299001
-32.104259	8.0224609	-7.0549192
-34.015591	8.0322266	-7.0752029
-34.708748	8.0419922	-7.0871091
-37.762955	8.0517578	-7.0937619
-26.517908	8.0615234	-7.0934167
-4.2223606	8.0712891	-7.0874829
8.6100416	8.0810547	-7.0743108
16.061409	8.0908203	-7.0534277
18.425285	8.1005859	-7.0265684
13.565674	8.1103516	-6.9920473
22.133789	8.1201172	-6.9506211
21.204983	8.1298828	-6.9039268
18.238188	8.1396484	-6.8497157
14.744041	8.1494141	-6.7888846
17.343496	8.1591797	-6.722199
7.2796946	8.1689453	-6.6485357
8.1331358	8.1787109	-6.5681643
8.3194351	8.1884766	-6.4839039
4.4474144	8.1982422	-6.3908033
6.8639407	8.2080078	-6.2925773
9.9499598	8.2177734	-6.1873713
18.455816	8.2275391	-6.077662
17.057632	8.2373047	-5.9617319
19.278553	8.2470703	-5.8402195
11.340669	8.2568359	-5.7121611
11.366385	8.2666016	-5.5787668
7.8273706	8.2763672	-5.4408779
8.1723328	8.2861328	-5.2970572
5.4139762	8.2958984	-5.1499104
6.8255582	8.3056641	-4.9958377
7.4258075	8.3154297	-4.8381987
15.608	8.3251953	-4.676734
8.0911093	8.3349609	-4.5089917
14.10665	8.3447266	-4.3391476
6.0765886	8.3544922	-4.1627235
7.556437	8.3642578	-3.983593
6.8315654	8.3740234	-3.801728
7.8033423	8.3837891	-3.6153183
9.7355337	8.3935547	-3.4259529
10.825321	8.4033203	-3.23174
6.5868835	8.4130859	-3.0358016
8.846633	8.4228516	-2.8368824
4.3319306	8.4326172	-2.6357458
7.4820242	8.4423828	-2.4321542
3.2734709	8.4521484	-2.2257044
10.59483	8.4619141	-2.0177045
2.3035216	8.4716797	-1.8085294
7.6339812	8.4814453	-1.5971766
6.6502953	8.4912109	-1.3830178
7.4162149	8.5009766	-1.169011
4.2803121	8.5107422	-0.95316768
4.6325846	8.5205078	-0.73632449
5.5481095	8.5302734	-0.52021444
13.53636	8.5400391	-0.30351058
-0.52169198	8.5498047	-0.084677339
8.510973	8.5595703	0.13089329
2.783083	8.5693359	0.35022199
7.746974	8.5791016	0.56738704
3.8642669	8.5888672	0.78338683
5.5530572	8.5986328	0.9993881
7.0910087	8.6083984	1.2145593
5.5431271	8.6181641	1.4287784
5.2232642	8.6279297	1.6393453
11.232903	8.6376953	1.8496349
5.8295088	8.6474609	2.0582795
14.282355	8.6572266	2.265568
1.3312558	8.6669922	2.4697409
5.6823249	8.6767578	2.6729181
2.2220542	8.6865234	2.8732643
5.4727306	8.6962891	3.069216
1.0724063	8.7060547	3.2644658
6.2402453	8.7158203	3.4551575
0.16982667	8.7255859	3.6442757
5.9878802	8.7353516	3.8285284
4.3747482	8.7451172	4.0093675
3.5752077	8.7548828	4.1861386
3.4350088	8.7646484	4.3587327
5.2574906	8.7744141	4.5273767
4.12293	8.7841797	4.6926036
5.5742798	8.7939453	4.853785
3.7201796	8.8037109	5.0081997
3.6817276	8.8134766	5.1596179
9.5557775	8.8232422	5.3058891
2.087769	8.8330078	5.4474711
5.1850801	8.8427734	5.5841818
1.2679374	8.8525391	5.7139816
3.6882119	8.8623047	5.8389945
1.0004151	8.8720703	5.9592037
3.0475669	8.8818359	6.0743494
1.8120394	8.8916016	6.1836972
2.2241962	8.9013672	6.286159
1.2799865	8.9111328	6.3821764
4.337472	8.9208984	6.4740553
3.1952629	8.9306641	6.5609174
4.1791472	8.9404297	6.6405029
5.0437751	8.9501953	6.7129164
4.4404645	8.9599609	6.7800403
4.6833186	8.9697266	6.8412037
4.4405112	8.9794922	6.8949342
6.8219728	8.9892578	6.9440365
6.8691092	8.9990234	6.9848032
7.2773428	9.0087891	7.0202737
6.2735634	9.0185547	7.0477381
6.9368515	9.0283203	7.0694089
6.0549822	9.0380859	7.0848808
8.0531111	9.0478516	7.0931969
4.6873813	9.0576172	7.095191
-19.155407	9.0673828	7.0914731
-22.856892	9.0771484	7.08075
-22.687181	9.0869141	7.0602565
-20.901754	9.0966797	7.0358915
-20.713661	9.1064453	7.0051866
-24.244991	9.1162109	6.966929
-24.833158	9.1259766	6.9225845
-23.712963	9.1357422	6.8717046
-28.720613	9.1455078	6.8139181
-23.238628	9.1552734	6.7518177
-31.688124	9.1650391	6.6802921
-21.6819	9.1748047	6.6033454
-26.515463	9.1845703	6.5197988
-25.83923	9.1943359	6.4296975
-29.976725	9.2041016	6.3324108
-20.415836	9.2138672	6.2297134
-32.743263	9.2236328	6.1217575
-19.267807	9.2333984	6.0087261
-31.816471	9.2431641	5.8887215
-20.388399	9.2529297	5.7648125
-31.072718	9.2626953	5.6331768
-21.588173	9.2724609	5.4963989
-26.219955	9.2822266	5.353673
-23.018894	9.2919922	5.2074986
-30.429558	9.3017578	5.057126
-15.713904	9.3115234	4.8994899
-35.829739	9.3212891	4.7411456
-20.637468	9.3310547	4.5751376
-29.695429	9.3408203	4.4061451
-25.956089	9.3505859	4.2302966
-25.31756	9.3603516	4.0536461
-28.581125	9.3701172	3.873682
-21.56942	9.3798828	3.6882505
-26.257347	9.3896484	3.4999728
-26.959087	9.3994141	3.3094378
-30.54851	9.4091797	3.1156526
-22.09479	9.4189453	2.9176652
-29.496454	9.4287109	2.717617
-23.363321	9.4384766	2.5135591
-32.713326	9.4482422	2.3100228
-19.161568	9.4580078	2.1012158
-28.664152	9.4677734	1.893954
-23.217522	9.4775391	1.6855464
-30.693621	9.4873047	1.4723375
-19.492174	9.4970703	1.2593627
-31.012926	9.5068359	1.0436819
-23.901684	9.5166016	0.82677156
-26.026253	9.5263672	0.60994923
-26.74748	9.5361328	0.39395392
-25.680918	9.5458984	0.17680824
-24.358521	9.5556641	-0.040699542
-24.306286	9.5654297	-0.25997609
-27.889618	9.5751953	-0.47811866
-17.371296	9.5849609	-0.69544089
-35.423553	9.5947266	-0.91003847
-14.83335	9.6044922	-1.1263125
-36.407833	9.6142578	-1.3396949
-14.997367	9.6240234	-1.5541166
-32.458363	9.6337891	-1.7640032
-16.848778	9.6435547	-1.9748486
-38.670864	9.6533203	-2.1836786
-16.89241	9.6630859	-2.3913012
-30.536577	9.6728516	-2.594579
-19.741478	9.6826172	-2.7966709
-25.314243	9.6923828	-2.9956155
-24.114502	9.7021484	-3.1895003
-24.525612	9.7119141	-3.3826909
-23.619574	9.7216797	-3.5715661
-24.217297	9.7314453	-3.7574797
-28.198027	9.7412109	-3.939961
-21.930061	9.7509766	-4.1198158
-20.904095	9.7607422	-4.2934527
-26.678934	9.7705078	-4.4638896
-20.58387	9.7802734	-4.6309071
-28.916098	9.7900391	-4.7925382
-17.937065	9.7998047	-4.9501634
-32.758701	9.8095703	-5.1012697
-18.242571	9.8193359	-5.2501349
-32.692436	9.8291016	-5.3938441
-21.451164	9.8388672	-5.5312114
-30.806265	9.8486328	-5.663774
-25.423254	9.8583984	-5.7899656
-30.574366	9.8681641	-5.9134865
-30.505983	9.8779297	-6.0298738
-34.795048	9.8876953	-6.1399641
-25.760103	9.8974609	-6.2464452
-30.045946	9.9072266	-6.3458009
-37.972721	9.9169922	-6.4398994
-25.996054	9.9267578	-6.5268869
-22.819872	9.9365234	-6.6077905
-29.106962	9.9462891	-6.6823468
-19.814283	9.9560547	-6.7522068
-29.892195	9.9658203	-6.8134146
-22.238457	9.9755859	-6.8719926
-24.629745	9.9853516	-6.9226437
-24.703436	9.9951172	-6.9667554
-24.825706	10.004883	-7.0039344
-26.346825	10.014648	-7.0359058
-26.775524	10.024414	-7.0605755
-25.579649	10.03418	-7.0771751
-26.489864	10.043945	-7.088778
-28.585783	10.053711	-7.0940232
-15.123944	10.063477	-7.092658
-0.97309238	10.073242	-7.0845561
4.3474488	10.083008	-7.0699315
8.3233232	10.092773	-7.0476012
9.1118383	10.102539	-7.019423
12.641819	10.112305	-6.9838901
12.658852	10.12207	-6.9420552
18.199369	10.131836	-6.8933716
9.4225054	10.141602	-6.8380661
9.5201769	10.151367	-6.775147
6.9879112	10.161133	-6.7073474
11.095416	10.170898	-6.6332402
9.5434132	10.180664	-6.5514212
18.798676	10.19043	-6.4653869
0.22257446	10.200195	-6.3721428
12.120128	10.209961	-6.2719078
1.8877676	10.219727	-6.1651163
7.7984643	10.229492	-6.054029
6.517931	10.239258	-5.936852
4.813343	10.249023	-5.8124714
13.074988	10.258789	-5.6862173
3.4398749	10.268555	-5.5520558
10.593014	10.27832	-5.4134021
4.9760914	10.288086	-5.2676668
7.5281949	10.297852	-5.1181235
9.162735	10.307617	-4.9656367
7.9287572	10.317383	-4.8072658
10.684237	10.327148	-4.6426511
6.6553593	10.336914	-4.474966
7.6716647	10.34668	-4.3045654
5.8199048	10.356445	-4.1271477
6.0717344	10.366211	-3.9473197
8.0315866	10.375977	-3.7630358
7.7913632	10.385742	-3.5761878
9.0904999	10.395508	-3.3868649
4.3238864	10.405273	-3.1945608
8.0021095	10.415039	-2.9962621
6.1995931	10.424805	-2.7977087
6.5846367	10.43457	-2.5958784
4.1095891	10.444336	-2.391588
7.4479961	10.454102	-2.1849759
5.8363309	10.463867	-1.9765065
8.5194826	10.473633	-1.7663919
9.4087219	10.483398	-1.5546352
5.3017049	10.493164	-1.3401926
7.5876598	10.50293	-1.1258625
1.5541096	10.512695	-0.91004521
7.7831326	10.522461	-0.69283843
11.292542	10.532227	-0.47650412
1.1049211	10.541992	-0.25911108
12.266507	10.551758	-0.04234165
-0.12260862	10.561523	0.17603487
9.2541685	10.571289	0.39333403
0.58131993	10.581055	0.60998052
9.0982533	10.59082	0.8257255
0.56895661	10.600586	1.0424256
5.4567003	10.610352	1.2555599
6.3119106	10.620117	1.4690831
2.0435312	10.629883	1.682362
4.8952179	10.639648	1.8919899
4.1096821	10.649414	2.1006212
5.981792	10.65918	2.3066969
2.0852544	10.668945	2.5124028
4.7907233	10.678711	2.7137504
5.0068951	10.688477	2.9111147
8.3368845	10.698242	3.1081259
0.60175079	10.708008	3.3024981
7.7831674	10.717773	3.4930019
1.1429191	10.727539	3.6797986
5.4774342	10.737305	3.8638234
0.13115349	10.74707	4.0439935
5.1335783	10.756836	4.2198567
1.3098702	10.766602	4.3926702
9.5021334	10.776367	4.5599132
0.9194715	10.786133	4.7243981
7.8635645	10.795898	4.8850102
0.87288207	10.805664	5.0398188
7.0122418	10.81543	5.1879826
0.015017577	10.825195	5.335392
3.4582219	10.834961	5.475101
1.0007061	10.844727	5.6104436
5.1944399	10.854492	5.7406454
1.951959	10.864258	5.8634787
2.3677711	10.874023	5.9836226
3.0725613	10.883789	6.0962334
2.3418221	10.893555	6.2037902
4.3696027	10.90332	6.3057365
4.1652007	10.913086	6.4018741
3.4859405	10.922852	6.4925761
5.4828358	10.932617	6.5774603
6.0222926	10.942383	6.6547737
7.1631627	10.952148	6.7265587
3.9613457	10.961914	6.7937093
5.8428617	10.97168	6.852469
2.0541949	10.981445	6.9062247
5.3046622	10.991211	6.9530234
2.8286245	11.000977	6.9931211
5.6944671	11.010742	7.0261164
3.2526441	11.020508	7.0534749
6.2375445	11.030273	7.0740061
3.6671059	11.040039	7.0879474
7.1318588	11.049805	7.0945411
0.32521784	11.05957	7.095614
-18.633949	11.069336	7.0890961
-24.410501	11.079102	7.0756078
-19.767845	11.088867	7.0555196
-21.778305	11.098633	7.029788
-21.784473	11.108398	6.9975986
-24.29491	11.118164	6.9585085
-25.834494	11.12793	6.9132237
-26.360922	11.137695	6.8601952
-24.169462	11.147461	6.8023934
-25.191391	11.157227	6.7374334
-23.057684	11.166992	6.6651821
-25.462732	11.176758	6.5877495
-22.851604	11.186523	6.5025954
-23.882883	11.196289	6.4091058
-30.064384	11.206055	6.3123078
-23.017487	11.21582	6.2087178
-27.368357	11.225586	6.0980945
-21.632957	11.235352	5.9827461
-29.239069	11.245117	5.8628378
-22.226339	11.254883	5.7361202
-26.97747	11.264648	5.6046233
-21.532759	11.274414	5.4676099
-31.621824	11.28418	5.3263931
-23.8974	11.293945	5.1780181
-24.275225	11.303711	5.0253911
-21.588104	11.313477	4.8679934
-29.438232	11.323242	4.7057481
-17.962082	11.333008	4.5401425
-30.526752	11.342773	4.3701558
-19.310436	11.352539	4.196209
-33.904194	11.362305	4.0179567
-19.58597	11.37207	3.8369014
-30.724751	11.381836	3.6516712
-20.125101	11.391602	3.461355
-28.240028	11.401367	3.2700315
-26.359758	11.411133	3.0757413
-26.743055	11.420898	2.8776124
-23.760181	11.430664	2.6766942
-31.68491	11.44043	2.4723396
-21.405342	11.450195	2.2666528
-29.287569	11.459961	2.0596192
-21.368101	11.469727	1.8514514
-30.069168	11.479492	1.6407579
-20.951906	11.489258	1.4291809
-28.691965	11.499023	1.2159839
-24.464342	11.508789	1.0010034
-26.850008	11.518555	0.78489482
-27.329031	11.52832	0.56765974
-25.733793	11.538086	0.35187602
-27.526894	11.547852	0.13244003
-28.981583	11.557617	-0.084720552
-20.593756	11.567383	-0.30342117
-31.383581	11.577148	-0.51979721
-15.688361	11.586914	-0.7368058
-32.752369	11.59668	-0.95406997
-14.418596	11.606445	-1.1702404
-21.990877	11.616211	-1.3822817
-22.626842	11.625977	-1.5957512
-19.613991	11.635742	-1.8068597
-26.044098	11.645508	-2.0164027
-16.742035	11.655273	-2.2234075
-40.066345	11.665039	-2.4303362
-14.373846	11.674805	-2.6349692
-39.672272	11.68457	-2.8347805
-16.3486	11.694336	-3.0326889
-31.694057	11.704102	-3.2287874
-18.119381	11.713867	-3.4211516
-25.661919	11.723633	-3.6104343
-25.370798	11.733398	-3.7949495
-22.212847	11.743164	-3.9751484
-25.156363	11.75293	-4.1530633
-23.391983	11.762695	-4.3280339
-22.987707	11.772461	-4.4980092
-16.588833	11.782227	-4.6635447
-31.431589	11.791992	-4.8240967
-15.116436	11.801758	-4.9806395
-34.313068	11.811523	-5.1326714
-14.283276	11.821289	-5.2808256
-31.407166	11.831055	-5.4204984
-23.355511	11.84082	-5.5570416
-23.868378	11.850586	-5.690155
-26.470003	11.860352	-5.816865
-26.469887	11.870117	-5.937232
-25.273186	11.879883	-6.0504494
-23.433928	11.889648	-6.1610422
-25.612652	11.899414	-6.2669625
-22.289913	11.90918	-6.36516
-26.858143	11.918945	-6.4576755
-20.16325	11.928711	-6.5444155
-23.276463	11.938477	-6.6238947
-24.196051	11.948242	-6.6975541
-29.075169	11.958008	-6.7643838
-32.874466	11.967773	-6.8262997
-22.963842	11.977539	-6.8818831
-22.130098	11.987305	-6.9319119
-27.524446	11.99707	-6.9755988
-21.705601	12.006836	-7.0113811
-26.85393	12.016602	-7.0415897
-23.492275	12.026367	-7.0638466
-26.795687	12.036133	-7.079248
-25.553314	12.045898	-7.0893698
-23.485184	12.055664	-7.0937133
-8.2555923	12.06543	-7.091114
0.019685831	12.075195	-7.0823555
1.1938041	12.084961	-7.0656939
3.7638819	12.094727	-7.0426946
1.5260069	12.104492	-7.0136003
2.7079601	12.114258	-6.9755697
8.8688688	12.124023	-6.9320641
11.047209	12.133789	-6.8815713
14.266057	12.143555	-6.8255496
10.368239	12.15332	-6.7630653
6.8854542	12.163086	-6.6936946
9.3661251	12.172852	-6.6183453
4.689826	12.182617	-6.5350938
10.277668	12.192383	-6.4473219
1.1498342	12.202148	-6.3507609
9.4016085	12.211914	-6.2503524
0.53568512	12.22168	-6.1435542
9.3488493	12.231445	-6.0315065
4.5135617	12.241211	-5.913517
3.4313183	12.250977	-5.7877617
8.2794113	12.260742	-5.6592269
5.8453183	12.270508	-5.5234118
7.9431682	12.280273	-5.3840399
7.7109084	12.290039	-5.238534
6.3662648	12.299805	-5.0876207
10.004511	12.30957	-4.933001
5.7700205	12.319336	-4.7735877
9.7397251	12.329102	-4.6093984
6.3953919	12.338867	-4.4413581
5.7368655	12.348633	-4.2689042
7.7439823	12.358398	-4.0920482
4.5563092	12.368164	-3.9116285
10.549812	12.37793	-3.7266738
4.7338777	12.387695	-3.5386994
10.876812	12.397461	-3.3480265
3.189023	12.407227	-3.1541915
10.854308	12.416992	-2.9564753
5.7968893	12.426758	-2.7566276
3.0309777	12.436523	-2.5552154
8.6891003	12.446289	-2.3496196
6.6109815	12.456055	-2.1436646
7.7268224	12.46582	-1.9333839
4.7000823	12.475586	-1.7234259
4.6330738	12.485352	-1.5106373
8.2706099	12.495117	-1.2976862
1.9693049	12.504883	-1.0828667
7.9655089	12.514648	-0.86678118
11.713267	12.524414	-0.65085441
3.0879164	12.53418	-0.43267459
4.284759	12.543945	-0.21516234
5.3781319	12.553711	0.0018075109
3.1366246	12.563477	0.21926165
1.5013968	12.573242	0.43772906
7.4664478	12.583008	0.65394044
2.560683	12.592773	0.86980462
2.1316693	12.602539	1.0864317
5.0036588	12.612305	1.2998015
6.5950093	12.62207	1.5130073
3.8804836	12.631836	1.7252982
5.2478862	12.641602	1.9335256
3.3841934	12.651367	2.1414638
2.681138	12.661133	2.3475394
4.8870339	12.670898	2.5522799
2.5480752	12.680664	2.7529373
6.7948132	12.69043	2.9504285
1.3529207	12.700195	3.1479373
7.2104273	12.709961	3.3397527
2.8005335	12.719727	3.5296962
3.4811325	12.729492	3.7172601
2.9099755	12.739258	3.9010897
3.4295487	12.749023	4.0795445
-60.556129	12.758789	4.2194324
-3.3664401	12.768555	4.2767806
0.28157374	12.77832	4.3050709
-27.790154	12.788086	4.3171911
-2.8649578	12.797852	4.320447
-7.3500328	12.807617	4.3205128
-11.037254	12.817383	4.3180556
-11.038198	12.827148	4.3181896
-11.739496	12.836914	4.3171687
-11.890824	12.84668	4.3149829
-10.068446	12.856445	4.3135271
-10.795123	12.866211	4.3130846
-12.268044	12.875977	4.3119116
-12.38964	12.885742	4.3110819
-12.661587	12.895508	4.3105917
-11.619331	12.905273	4.3087301
-11.085708	12.915039	4.3075905
-12.769573	12.924805	4.3078957
-13.122638	12.93457	4.3075266
-12.155261	12.944336	4.3067889
-11.935214	12.954102	4.3073835
-11.914899	12.963867	4.3053865
-13.551804	12.973633	4.3056192
-13.259682	12.983398	4.3049855
-13.254711	12.993164	4.3040128
-11.799402	13.00293	4.3037295
-12.157787	13.012695	4.3029265
-13.676891	13.022461	4.3027864
-14.014984	13.032227	4.3019338
-14.140725	13.041992	4.3019428
-13.049657	13.051758	4.3005228
-12.033293	13.061523	4.300189
-13.872888	13.071289	4.2991519
-14.074857	13.081055	4.2988076
-14.10871	13.09082	4.2979465
-12.363809	13.100586	4.2988672
-12.954464	13.110352	4.2977362
-14.531007	13.120117	4.2966843
-14.006696	13.129883	4.2962818
-14.997832	13.139648	4.2958169
-13.059471	13.149414	4.2942686
-13.143139	13.15918	4.2940111
-13.713993	13.168945	4.2933998
-14.882803	13.178711	4.2943163
-15.169603	13.188477	4.293129
-14.429854	13.198242	4.2932673
-13.851654	13.208008	4.2926908
-14.963793	13.217773	4.2919321
-14.82038	13.227539	4.2913256
-15.149953	13.237305	4.2906818
-13.776879	13.24707	4.2904363
