MTS793|MPT|ENU|1|2|.|/|:|1|0|0|A

Data Acquisition						Time:	7.6777344	s	4/10/2018 10:36:09 AM
Axial Force	Running Time	Axial Displacement
N	s	mm
14.481775	0.013671875	-3.1657934
14.018023	0.0234375	-3.1648531
22.147095	0.033203125	-3.1646996
61.077667	0.04296875	-3.1467171
105.95254	0.052734375	-3.0973287
91.402954	0.0625	-3.007184
94.014442	0.072265625	-2.8811619
107.90912	0.08203125	-2.7180865
96.779251	0.091796875	-2.521713
112.01169	0.1015625	-2.2938623
115.04917	0.11132813	-2.0388291
99.249306	0.12109375	-1.7592356
114.0069	0.13085938	-1.4624
90.930374	0.140625	-1.1522681
102.3667	0.15039063	-0.83423108
111.39726	0.16015625	-0.51350296
102.46294	0.16992188	-0.19204021
109.92764	0.1796875	0.12082309
96.00029	0.18945313	0.42307973
77.944618	0.19921875	0.71026236
74.180016	0.20898438	0.97617656
60.861713	0.21875	1.2182727
66.375458	0.22851563	1.4348894
61.551144	0.23828125	1.6234472
61.154709	0.24804688	1.7781749
50.684105	0.2578125	1.9006193
39.325634	0.26757813	1.9877777
40.875355	0.27734375	2.0383313
26.084845	0.28710938	2.0559549
-2.467772	0.296875	2.0425127
-10.526356	0.30664063	1.9995153
-19.562	0.31640625	1.9246072
-217.34117	0.32617188	1.8190026
-14.098454	0.3359375	1.6751051
-72.725182	0.34570313	1.5130669
-107.23869	0.35546875	1.3265699
-24.613016	0.36523438	1.1216447
-104.89915	0.375	0.90536922
-48.476517	0.38476563	0.67175329
-99.64772	0.39453125	0.43414384
-101.17097	0.40429688	0.19015223
-64.161293	0.4140625	-0.056453049
-97.629776	0.42382813	-0.29873401
-68.161888	0.43359375	-0.53871572
-63.066467	0.44335938	-0.76966286
-62.293072	0.453125	-0.98681003
-48.660755	0.46289063	-1.1866271
-58.598515	0.47265625	-1.3709277
-32.633312	0.48242188	-1.5333011
-33.083	0.4921875	-1.6692817
-18.208824	0.50195313	-1.7813534
-25.249889	0.51171875	-1.867558
-21.5795	0.52148438	-1.9285828
-25.068014	0.53125	-1.9621104
-9.3980455	0.54101563	-1.9686296
-6.0664024	0.55078125	-1.9438207
1.2992997	0.56054688	-1.8868699
93.70594	0.5703125	-1.8008918
139.33492	0.58007813	-1.6840503
22.198458	0.58984375	-1.5346915
130.26814	0.59960938	-1.3694823
75.835709	0.609375	-1.1766613
82.172813	0.61914063	-0.96893609
114.25633	0.62890625	-0.74502826
81.248535	0.63867188	-0.50620288
101.21951	0.6484375	-0.26314706
111.26807	0.65820313	-0.013650954
88.899475	0.66796875	0.23543835
85.412552	0.67773438	0.48042983
97.882271	0.6875	0.71530342
47.402302	0.69726563	0.94123483
84.190041	0.70703125	1.1514246
52.527531	0.71679688	1.3470962
60.518955	0.7265625	1.5209005
71.067169	0.73632813	1.6726508
43.402489	0.74609375	1.7997652
68.965271	0.75585938	1.9019037
32.918156	0.765625	1.9755318
57.580677	0.77539063	2.021663
30.327763	0.78515625	2.0415874
1.4924328	0.79492188	2.0320506
-10.927079	0.8046875	1.9931242
-18.536322	0.81445313	1.9241855
-154.65895	0.82421875	1.8251657
-78.862228	0.83398438	1.6921177
-47.270336	0.84375	1.531148
-119.86189	0.85351563	1.3499856
-25.272533	0.86328125	1.1463493
-98.543427	0.87304688	0.93267113
-52.240189	0.8828125	0.70311427
-105.65254	0.89257813	0.46879202
-111.50441	0.90234375	0.22656471
-90.39724	0.91210938	-0.020740926
-81.0653	0.921875	-0.26610345
-65.138954	0.93164063	-0.50731301
-60.488262	0.94140625	-0.7384032
-63.915089	0.95117188	-0.95773786
-55.159012	0.9609375	-1.1640384
-49.276733	0.97070313	-1.352705
-45.975731	0.98046875	-1.5185549
-26.98896	0.99023438	-1.6605392
-21.426788	1	-1.7754033
-27.123978	1.0097656	-1.8654495
-20.625732	1.0195313	-1.9316747
-25.899137	1.0292969	-1.9721448
-9.6966629	1.0390625	-1.9850597
-6.7009592	1.0488281	-1.9648983
0.14795223	1.0585938	-1.9149616
57.240566	1.0683594	-1.8341646
177.63039	1.078125	-1.7248929
16.959908	1.0878906	-1.5792698
120.28685	1.0976563	-1.4165893
96.37822	1.1074219	-1.2302756
60.232296	1.1171875	-1.0233865
119.80346	1.1269531	-0.80457479
86.252502	1.1367188	-0.56686103
87.967827	1.1464844	-0.32406002
116.71998	1.15625	-0.077004731
90.201668	1.1660156	0.17271787
92.446541	1.1757813	0.41813701
98.507179	1.1855469	0.65590292
53.002766	1.1953125	0.88543296
82.758171	1.2050781	1.0983706
57.74947	1.2148438	1.2965769
57.389236	1.2246094	1.4750824
74.21405	1.234375	1.6316831
46.21624	1.2441406	1.7640531
69.963272	1.2539063	1.8691868
39.32959	1.2636719	1.9497976
47.888973	1.2734375	2.0025015
45.31974	1.2832031	2.0270541
6.5666156	1.2929688	2.0240128
-10.759186	1.3027344	1.9921333
-16.889744	1.3125	1.9285367
-41.826267	1.3222656	1.8354819
-165.24353	1.3320313	1.711534
-15.331083	1.3417969	1.5534773
-129.08182	1.3515625	1.3778553
-42.929813	1.3613281	1.1792123
-68.130905	1.3710938	0.96532851
-78.998108	1.3808594	0.73948056
-75.233635	1.390625	0.50548911
-110.08233	1.4003906	0.26489645
-97.379547	1.4101563	0.018720329
-83.43763	1.4199219	-0.2263695
-79.761398	1.4296875	-0.46891272
-66.760513	1.4394531	-0.70365816
-65.737984	1.4492188	-0.92742443
-53.619572	1.4589844	-1.1360035
-54.734085	1.46875	-1.3244643
-45.480114	1.4785156	-1.4945641
-31.247828	1.4882813	-1.6425595
-25.680439	1.4980469	-1.7635062
-21.624996	1.5078125	-1.8580601
-20.278467	1.5175781	-1.9303828
-20.137604	1.5273438	-1.9743741
-10.133173	1.5371094	-1.9928679
-8.4163513	1.546875	-1.9812212
-0.7635681	1.5566406	-1.9372151
17.57444	1.5664063	-1.8613458
205.16185	1.5761719	-1.7585874
21.793356	1.5859375	-1.6183839
95.70919	1.5957031	-1.4594167
117.40909	1.6054688	-1.2774646
52.182556	1.6152344	-1.0743783
118.08559	1.625	-0.85683614
93.232544	1.6347656	-0.6236732
87.841675	1.6445313	-0.3807202
110.99344	1.6542969	-0.13357401
101.22708	1.6640625	0.11527389
88.392067	1.6738281	0.36183298
105.28451	1.6835938	0.60153008
60.865425	1.6933594	0.83283484
76.053238	1.703125	1.0482699
72.633575	1.7128906	1.2504652
56.302227	1.7226563	1.4340132
83.115166	1.7324219	1.5939265
54.45438	1.7421875	1.7322451
66.40313	1.7519531	1.8425316
53.615692	1.7617188	1.9276485
40.912453	1.7714844	1.9867301
53.51152	1.78125	2.0167217
11.186803	1.7910156	2.0205929
-10.587554	1.8007813	1.9941866
-15.975419	1.8105469	1.9373149
-24.925243	1.8203125	1.8491566
-210.43292	1.8300781	1.7330124
-9.095459	1.8398438	1.5800536
-103.81573	1.8496094	1.4085472
-72.10968	1.859375	1.2159586
-46.227127	1.8691406	1.003401
-94.46566	1.8789063	0.77985674
-57.588238	1.8886719	0.54464042
-120.00255	1.8984375	0.30663908
-108.29072	1.9082031	0.061039627
-69.016472	1.9179688	-0.18466711
-89.198189	1.9277344	-0.42701662
-66.805092	1.9375	-0.66342652
-57.125477	1.9472656	-0.89005083
-71.527039	1.9570313	-1.0982513
-42.440495	1.9667969	-1.2941911
-46.636456	1.9765625	-1.4690533
-45.524887	1.9863281	-1.620689
-18.954485	1.9960938	-1.7474979
-42.688042	2.0058594	-1.8459558
-11.858379	2.015625	-1.9241347
-18.201221	2.0253906	-1.9747436
-9.8910418	2.0351563	-1.9977524
-7.9412127	2.0449219	-1.9914448
-2.8343406	2.0546875	-1.9541889
7.4279494	2.0644531	-1.884082
212.59561	2.0742188	-1.7892227
22.049353	2.0839844	-1.6548812
72.933624	2.09375	-1.4986143
133.51949	2.1035156	-1.3227477
47.812302	2.1132813	-1.1209295
123.05641	2.1230469	-0.90765506
94.403915	2.1328125	-0.67584068
87.268738	2.1425781	-0.43594986
107.49151	2.1523438	-0.18998682
105.18635	2.1621094	0.058679283
88.433136	2.171875	0.30788779
99.274628	2.1816406	0.54788888
70.04982	2.1914063	0.78164637
68.939209	2.2011719	1.0024101
75.30191	2.2109375	1.2059569
54.866501	2.2207031	1.393132
80.572983	2.2304688	1.5587837
54.398838	2.2402344	1.7015278
62.331463	2.25	1.8176899
58.923988	2.2597656	1.9084036
33.897423	2.2695313	1.9714251
57.435421	2.2792969	2.009079
20.094728	2.2890625	2.0168707
-9.7879438	2.2988281	1.9968376
-13.184152	2.3085938	1.9474878
-21.198635	2.3183594	1.8653677
-219.31644	2.328125	1.7567009
-24.919153	2.3378906	1.6078085
-75.364922	2.3476563	1.4399648
-117.86155	2.3574219	1.2517393
-16.933226	2.3671875	1.0418326
-115.96323	2.3769531	0.8221373
-50.415089	2.3867188	0.58897138
-97.608192	2.3964844	0.35165995
-123.33067	2.40625	0.1085788
-78.034843	2.4160156	-0.13916045
-83.99752	2.4257813	-0.38296431
-65.52993	2.4355469	-0.62026829
-63.473076	2.4453125	-0.84969252
-62.777222	2.4550781	-1.0635688
-63.826164	2.4648438	-1.2607217
-46.022564	2.4746094	-1.4384538
-25.367529	2.484375	-1.5968575
-27.334003	2.4941406	-1.7265379
-31.820614	2.5039063	-1.8327117
-12.196158	2.5136719	-1.9140184
-17.675943	2.5234375	-1.9694998
-10.307936	2.5332031	-1.9998088
-7.1523709	2.5429688	-1.9982845
-2.7631292	2.5527344	-1.9674644
5.5965152	2.5625	-1.903984
200.01797	2.5722656	-1.814419
26.617851	2.5820313	-1.6855881
53.344131	2.5917969	-1.5354679
143.05164	2.6015625	-1.3631672
46.492855	2.6113281	-1.1667997
116.09443	2.6210938	-0.95457286
88.925751	2.6308594	-0.72713792
93.856773	2.640625	-0.48846155
102.20843	2.6503906	-0.24291575
103.61826	2.6601563	0.0054508448
89.617981	2.6699219	0.25363415
95.916626	2.6796875	0.49699843
76.617233	2.6894531	0.73183924
63.713142	2.6992188	0.95603913
78.69355	2.7089844	1.163341
45.788918	2.71875	1.3548777
74.016411	2.7285156	1.5238941
53.129044	2.7382813	1.6723335
55.129978	2.7480469	1.7931551
65.799828	2.7578125	1.888743
27.352549	2.7675781	1.9577994
54.178368	2.7773438	1.9998103
26.240782	2.7871094	2.0141811
-4.69489	2.796875	2.0004721
-11.694897	2.8066406	1.9565046
-19.5259	2.8164063	1.8817291
-153.36528	2.8261719	1.7779961
-97.547035	2.8359375	1.6374216
-22.782677	2.8457031	1.4715552
-151.34584	2.8554688	1.2874901
-15.318812	2.8652344	1.0820687
-83.904922	2.875	0.86360872
-77.313416	2.8847656	0.63481778
-67.633179	2.8945313	0.39565116
-134.95726	2.9042969	0.15487224
-88.796677	2.9140625	-0.092466176
-76.333527	2.9238281	-0.33681691
-82.54705	2.9335938	-0.57565123
-46.664207	2.9433594	-0.80663115
-64.8694	2.953125	-1.023981
-56.072697	2.9628906	-1.2249172
-42.233791	2.9726563	-1.4061481
-53.659992	2.9824219	-1.5686452
-32.654892	2.9921875	-1.7054067
-28.439518	3.0019531	-1.8156886
-24.354074	3.0117188	-1.9010351
-16.042694	3.0214844	-1.9629791
-10.210253	3.03125	-1.9981533
-8.1966982	3.0410156	-2.0028307
-3.7169666	3.0507813	-1.9784973
2.9225717	3.0605469	-1.9218922
152.8998	3.0703125	-1.837185
78.41832	3.0800781	-1.7161236
27.58943	3.0898438	-1.5699492
161.9799	3.0996094	-1.4026299
53.311241	3.109375	-1.2087256
94.909119	3.1191406	-1.001662
105.16824	3.1289063	-0.77610612
86.435715	3.1386719	-0.5393967
100.08292	3.1484375	-0.29408038
105.28848	3.1582031	-0.046867132
94.652779	3.1679688	0.202474
93.3423	3.1777344	0.44681728
87.427399	3.1875	0.68358034
57.987331	3.1972656	0.90942532
84.97728	3.2070313	1.1201978
46.748154	3.2167969	1.3159126
69.039375	3.2265625	1.4892668
62.740742	3.2363281	1.6412809
52.552444	3.2460938	1.7692699
68.096909	3.2558594	1.8693924
28.112427	3.265625	1.9449875
49.145706	3.2753906	1.9911855
35.643089	3.2851563	2.0122588
5.458796	3.2949219	2.0038157
-10.677463	3.3046875	1.965724
-17.681961	3.3144531	1.896523
-66.607727	3.3242188	1.7970548
-160.14738	3.3339844	1.6668797
-10.169158	3.34375	1.5049472
-140.4514	3.3535156	1.325424
-50.20554	3.3632813	1.122664
-53.08165	3.3730469	0.90638995
-91.062416	3.3828125	0.67887753
-50.744518	3.3925781	0.44272691
-121.00276	3.4023438	0.20174086
-96.572914	3.4121094	-0.046077371
-85.234688	3.421875	-0.29022694
-71.877731	3.4316406	-0.53135455
-63.771664	3.4414063	-0.76322407
-60.155743	3.4511719	-0.98261535
-64.568184	3.4609375	-1.1880233
-37.257919	3.4707031	-1.3755649
-58.771999	3.4804688	-1.540944
-40.830837	3.4902344	-1.6822412
-27.929165	3.5	-1.7978638
-25.04855	3.5097656	-1.8874079
-33.255062	3.5195313	-1.9538492
-10.50433	3.5292969	-1.9944177
-7.7490926	3.5390625	-2.0058842
-4.3064938	3.5488281	-1.987502
2.5770044	3.5585938	-1.9377619
130.12535	3.5683594	-1.8571287
99.135048	3.578125	-1.7450407
27.055061	3.5878906	-1.6014457
159.05423	3.5976563	-1.4408231
60.299038	3.6074219	-1.2500614
88.693901	3.6171875	-1.0453135
108.77232	3.6269531	-0.82514584
86.499542	3.6367188	-0.58761537
97.563751	3.6464844	-0.34610927
106.02453	3.65625	-0.097291172
96.423439	3.6660156	0.15123785
95.601547	3.6757813	0.39695352
91.306221	3.6855469	0.63629597
55.496403	3.6953125	0.86378306
88.434959	3.7050781	1.0774686
46.776825	3.7148438	1.2771652
67.946762	3.7246094	1.4542013
69.525787	3.734375	1.6122684
50.201393	3.7441406	1.743959
63.676826	3.7539063	1.8507689
34.40432	3.7636719	1.9319117
40.706886	3.7734375	1.9835442
43.864487	3.7832031	2.0091639
10.810152	3.7929688	2.0061822
-10.390766	3.8027344	1.9735827
-15.658011	3.8125	1.9114077
-24.520931	3.8222656	1.8183157
-214.09232	3.8320313	1.6967118
-10.7022	3.8417969	1.5375957
-99.650627	3.8515625	1.3614311
-96.170563	3.8613281	1.1637211
-25.599834	3.8710938	0.94899833
-106.6281	3.8808594	0.72486252
-49.299946	3.890625	0.48919022
-111.70181	3.9003906	0.24991482
-105.60935	3.9101563	0.0056028366
-92.166595	3.9199219	-0.2411291
-62.815159	3.9296875	-0.48575997
-76.314743	3.9394531	-0.71810931
-46.884457	3.9492188	-0.94268769
-59.010681	3.9589844	-1.1490285
-62.640965	3.96875	-1.3394296
-39.926113	3.9785156	-1.5101984
-49.558388	3.9882813	-1.6572251
-23.135834	3.9980469	-1.7775267
-27.354982	4.0078125	-1.8724606
-29.231306	4.0175781	-1.9443884
-11.588737	4.0273438	-1.9895687
-8.5699835	4.0371094	-2.0075366
-4.5622697	4.046875	-1.9955039
1.2930949	4.0566406	-1.9514666
62.3311	4.0664063	-1.875934
163.41713	4.0761719	-1.7726049
15.536556	4.0859375	-1.6341939
135.68083	4.0957031	-1.4753371
88.943413	4.1054688	-1.290585
71.106697	4.1152344	-1.0885432
118.08193	4.125	-0.8714661
83.877251	4.1347656	-0.63803345
96.955597	4.1445313	-0.39520711
106.01731	4.1542969	-0.14858693
101.23555	4.1640625	0.10084808
91.107391	4.1738281	0.34748763
100.01864	4.1835938	0.58726221
57.640259	4.1933594	0.81883669
81.422935	4.203125	1.0363326
56.806019	4.2128906	1.2365639
62.988602	4.2226563	1.4200702
74.223999	4.2324219	1.5814483
48.251736	4.2421875	1.7192616
62.427822	4.2519531	1.8304914
41.744743	4.2617188	1.9150391
37.320831	4.2714844	1.9735187
46.119308	4.28125	2.0049796
13.165036	4.2910156	2.0079269
-10.523782	4.3007813	1.9817829
-15.378301	4.3105469	1.9262955
-22.278332	4.3203125	1.8378019
-227.60994	4.3300781	1.722379
-9.4819813	4.3398438	1.5699208
-60.036373	4.3496094	1.3959303
-123.81936	4.359375	1.2051477
-17.862766	4.3691406	0.99098533
-98.881523	4.3789063	0.77110678
-66.510376	4.3886719	0.53701252
-83.974541	4.3984375	0.29507428
-122.71796	4.4082031	0.052312016
-98.841476	4.4179688	-0.19621402
-73.678604	4.4277344	-0.43824017
-70.466805	4.4375	-0.67492425
-55.721298	4.4472656	-0.90102255
-54.12162	4.4570313	-1.112087
-60.465618	4.4667969	-1.3041542
-51.022755	4.4765625	-1.4775068
-32.846001	4.4863281	-1.6292109
-26.014017	4.4960938	-1.7564505
-26.18474	4.5058594	-1.8569738
-15.132339	4.515625	-1.9341111
-19.59454	4.5253906	-1.9839853
-9.2714329	4.5351563	-2.0074115
-6.341783	4.5449219	-2.0013361
-0.56627905	4.5546875	-1.963529
15.501968	4.5644531	-1.8928409
206.22655	4.5742188	-1.7982811
17.211691	4.5839844	-1.6634196
87.667717	4.59375	-1.5097499
122.25476	4.6035156	-1.3311088
46.773998	4.6132813	-1.1302485
120.52493	4.6230469	-0.91688633
91.797157	4.6328125	-0.6850481
90.039673	4.6425781	-0.44558048
108.34222	4.6523438	-0.19822717
103.41582	4.6621094	0.05069226
92.252525	4.671875	0.29785782
97.337662	4.6816406	0.54020584
68.074272	4.6914063	0.77217221
70.483307	4.7011719	0.99291056
69.265579	4.7109375	1.1988177
51.504353	4.7207031	1.3847842
78.438972	4.7304688	1.5503302
48.602177	4.7402344	1.6937166
56.039402	4.75	1.809834
53.365009	4.7597656	1.9002944
30.483154	4.7695313	1.9649162
47.938782	4.7792969	2.0011187
19.952702	4.7890625	2.0098164
-11.303171	4.7988281	1.9893064
-14.43996	4.8085938	1.9402816
-20.972069	4.8183594	1.858355
-200.3026	4.828125	1.7487705
-43.999893	4.8378906	1.6012371
-26.00503	4.8476563	1.4326825
-152.57588	4.8574219	1.2456268
-17.332752	4.8671875	1.0343045
-92.213249	4.8769531	0.81493706
-70.109871	4.8867188	0.58277845
-68.862671	4.8964844	0.34353137
-124.97111	4.90625	0.10159016
-94.908081	4.9160156	-0.14520884
-82.989479	4.9257813	-0.39215684
-74.570274	4.9355469	-0.62858313
-53.348778	4.9453125	-0.85674226
-58.283447	4.9550781	-1.0718808
-52.552658	4.9648438	-1.2665987
-58.658455	4.9746094	-1.445967
-27.344318	4.984375	-1.6022072
-45.992027	4.9941406	-1.7329857
-34.155685	5.0039063	-1.8383369
-13.370672	5.0136719	-1.9210666
-23.41161	5.0234375	-1.9759045
-9.4676857	5.0332031	-2.0052567
-8.3069668	5.0429688	-2.0041213
-3.6752317	5.0527344	-1.9732938
4.0620565	5.0625	-1.9096627
194.27405	5.0722656	-1.8203332
40.448299	5.0820313	-1.6911938
38.011192	5.0917969	-1.5407517
159.49454	5.1015625	-1.3698921
40.927082	5.1113281	-1.1714786
103.37576	5.1210938	-0.96076429
103.40635	5.1308594	-0.73342025
82.814461	5.140625	-0.49266666
104.61191	5.1503906	-0.24802685
111.12484	5.1601563	-0.00047683716
88.187645	5.1699219	0.24811924
91.149681	5.1796875	0.49231946
84.650116	5.1894531	0.72678775
59.898548	5.1992188	0.95048994
80.688866	5.2089844	1.1574581
46.310772	5.21875	1.3498828
69.578682	5.2285156	1.5182316
62.353828	5.2382813	1.6673297
43.32666	5.2480469	1.7882735
65.808739	5.2578125	1.8837512
26.979168	5.2675781	1.9535408
45.17588	5.2773438	1.9960001
31.703957	5.2871094	2.0099833
-1.0637333	5.296875	1.9964069
-12.851471	5.3066406	1.9525959
-19.22847	5.3164063	1.8769175
-135.8869	5.3261719	1.7732084
-92.231857	5.3359375	1.6325042
-21.100872	5.3457031	1.4669925
-151.74313	5.3554688	1.2859776
-24.173792	5.3652344	1.080358
-72.899506	5.375	0.86182207
-84.770035	5.3847656	0.63259006
-57.853001	5.3945313	0.39093196
-111.66991	5.4042969	0.14915168
-111.93494	5.4140625	-0.095500052
-82.049606	5.4238281	-0.34176558
-74.422943	5.4335938	-0.58148801
-54.198574	5.4433594	-0.81126541
-45.049377	5.453125	-1.0289981
-61.198708	5.4628906	-1.2289629
-43.758354	5.4726563	-1.4120251
-41.138054	5.4824219	-1.5718579
-53.495506	5.4921875	-1.7082244
-30.523689	5.5019531	-1.8211663
-30.653574	5.5117188	-1.9053743
-29.208382	5.5214844	-1.9681722
-10.134233	5.53125	-2.0020306
-8.0659752	5.5410156	-2.0081878
-4.0522661	5.5507813	-1.9836962
3.1014905	5.5605469	-1.9264474
151.98906	5.5703125	-1.8412218
84.513306	5.5800781	-1.7206445
25.124708	5.5898438	-1.5721633
165.82278	5.5996094	-1.4069602
50.042671	5.609375	-1.2132019
87.92836	5.6191406	-1.0048032
111.97926	5.6289063	-0.77955574
80.12912	5.6386719	-0.5420655
102.0912	5.6484375	-0.29661208
111.25199	5.6582031	-0.050584972
87.848511	5.6679688	0.19824058
93.375328	5.6777344	0.44351369
88.755135	5.6875	0.68019032
56.160248	5.6972656	0.90672225
85.710487	5.7070313	1.1172384
44.991699	5.7167969	1.3116584
64.608109	5.7265625	1.4864101
63.756546	5.7363281	1.6388595
44.84795	5.7460938	1.7657191
66.637894	5.7558594	1.866436
29.358885	5.765625	1.9417629
43.65081	5.7753906	1.9878731
39.06897	5.7851563	2.0084648
7.695961	5.7949219	2.0004048
-11.917251	5.8046875	1.9628763
-17.706409	5.8144531	1.8939704
-54.362415	5.8242188	1.7940297
-152.24806	5.8339844	1.6651049
-7.4386482	5.84375	1.5016019
-128.14299	5.8535156	1.3248756
-55.864452	5.8632813	1.1222094
-55.885441	5.8730469	0.90467781
-92.840965	5.8828125	0.67891181
-54.686016	5.8925781	0.43715239
-100.53805	5.9023438	0.19602925
-114.99137	5.9121094	-0.048099458
-74.620689	5.921875	-0.29445291
-86.009438	5.9316406	-0.5340308
-53.509583	5.9414063	-0.76736212
-43.744934	5.9511719	-0.98843277
-62.374596	5.9609375	-1.1897892
-41.481167	5.9707031	-1.3779864
-45.002171	5.9804688	-1.5430719
-59.950024	5.9902344	-1.6837761
-27.948303	6	-1.8014073
-35.358932	6.0097656	-1.8899784
-39.394642	6.0195313	-1.9562111
-10.808825	6.0292969	-1.996906
-8.8900099	6.0390625	-2.0096674
-5.4663744	6.0488281	-1.9896224
0.46357745	6.0585938	-1.9396558
65.69944	6.0683594	-1.8594935
164.50851	6.078125	-1.7487794
12.54148	6.0878906	-1.6042664
142.49084	6.0976563	-1.443404
86.439972	6.1074219	-1.253441
61.457867	6.1171875	-1.0479897
119.10201	6.1269531	-0.82710385
84.625931	6.1367188	-0.59018731
90.632362	6.1464844	-0.34776181
114.97182	6.15625	-0.099904835
92.088898	6.1660156	0.14963895
87.911774	6.1757813	0.39489865
100.91825	6.1855469	0.63389093
49.316387	6.1953125	0.8627668
87.453796	6.2050781	1.0760531
56.13203	6.2148438	1.2743384
55.889484	6.2246094	1.4531165
74.547974	6.234375	1.6101152
43.853588	6.2441406	1.7424881
62.598736	6.2539063	1.8491044
38.148289	6.2636719	1.9281938
37.005577	6.2734375	1.9815475
47.434792	6.2832031	2.0076036
12.118101	6.2929688	2.005075
-11.002563	6.3027344	1.9731194
-17.518572	6.3125	1.9106283
-25.609497	6.3222656	1.8171042
-205.86383	6.3320313	1.6954348
-7.8843207	6.3417969	1.5358955
-85.49984	6.3515625	1.3581767
-93.361176	6.3613281	1.1631682
-31.379332	6.3710938	0.94705522
-97.871429	6.3808594	0.72402954
-59.599533	6.390625	0.48728287
-91.663658	6.4003906	0.2466619
-111.1232	6.4101563	0.00045597553
-97.416481	6.4199219	-0.24560839
-71.124565	6.4296875	-0.48632324
-69.371635	6.4394531	-0.72181672
-44.451538	6.4492188	-0.945732
-44.416801	6.4589844	-1.1516676
-56.293571	6.46875	-1.3400092
-43.260563	6.4785156	-1.5111685
-41.415127	6.4882813	-1.6592398
-39.219543	6.4980469	-1.7797008
-36.888428	6.5078125	-1.8743664
-31.218735	6.5175781	-1.9454747
-23.527386	6.5273438	-1.9912825
-9.5336695	6.5371094	-2.009666
-6.453588	6.546875	-1.9959211
-1.6830163	6.5566406	-1.9525514
23.037556	6.5664063	-1.8761828
210.38942	6.5761719	-1.7741725
18.839911	6.5859375	-1.6343997
98.696548	6.5957031	-1.4763206
116.29153	6.6054688	-1.2918785
47.406895	6.6152344	-1.0894746
123.02545	6.625	-0.87192208
85.565094	6.6347656	-0.63834488
89.400459	6.6445313	-0.3964752
112.68082	6.6542969	-0.14997274
101.86879	6.6640625	0.10013133
83.521683	6.6738281	0.34684241
104.17413	6.6835938	0.58632493
54.611183	6.6933594	0.81694424
77.567322	6.703125	1.0354803
66.986717	6.7128906	1.2364044
51.249928	6.7226563	1.4187962
77.503586	6.7324219	1.5808195
46.267735	6.7421875	1.7183572
57.949318	6.7519531	1.8293738
46.933151	6.7617188	1.9154682
35.762371	6.7714844	1.9733741
46.862907	6.78125	2.0045445
17.719135	6.7910156	2.0073459
-10.755973	6.8007813	1.9822166
-16.321812	6.8105469	1.9248843
-23.233042	6.8203125	1.8369422
-226.17395	6.8300781	1.7213032
-7.7605715	6.8398438	1.5684992
-46.218605	6.8496094	1.3982608
-125.02228	6.859375	1.2075603
-12.057916	6.8691406	0.99109262
-112.18411	6.8789063	0.76878071
-57.488911	6.8886719	0.53417087
-79.470848	6.8984375	0.29345602
-114.75787	6.9082031	0.047884881
-84.004204	6.9179688	-0.19638091
-105.43237	6.9277344	-0.43862462
-49.033806	6.9375	-0.67577362
-59.698345	6.9472656	-0.90159327
-44.448009	6.9570313	-1.1131912
-42.341301	6.9667969	-1.3059781
-48.93618	6.9765625	-1.4788866
-40.496059	6.9863281	-1.6311631
-35.904964	6.9960938	-1.7570152
-42.406143	7.0058594	-1.8577456
-30.949362	7.015625	-1.9337759
-28.780952	7.0253906	-1.9845903
-9.7305622	7.0351563	-2.0084276
-8.3099813	7.0449219	-2.0019264
-2.7837813	7.0546875	-1.9639955
5.7366095	7.0644531	-1.8936664
217.86584	7.0742188	-1.798594
28.222811	7.0839844	-1.6638219
54.783298	7.09375	-1.5095353
141.5968	7.1035156	-1.3322353
40.424469	7.1132813	-1.1313707
118.7907	7.1230469	-0.91754794
88.997383	7.1328125	-0.68707615
87.890465	7.1425781	-0.44567287
-6.8047199	7.1523438	-0.28286278
-11.309551	7.1621094	-0.21904409
7.5572519	7.171875	-0.19016117
8.8154335	7.1816406	-0.17690361
11.14771	7.1914063	-0.17290711
8.0423317	7.2011719	-0.17119199
8.5209961	7.2109375	-0.1721248
6.2767534	7.2207031	-0.17227232
5.1832294	7.2304688	-0.17368644
5.7411847	7.2402344	-0.1733914
4.9027381	7.25	-0.17466843
7.3116856	7.2597656	-0.17471164
3.9489357	7.2695313	-0.17485917
3.6992714	7.2792969	-0.174281
4.498486	7.2890625	-0.17478317
3.4329598	7.2988281	-0.17559081
5.9630375	7.3085938	-0.17466843
4.1336403	7.3183594	-0.17532259
4.9805384	7.328125	-0.17573982
5.498086	7.3378906	-0.17460287
6.4404798	7.3476563	-0.17473847
7.395237	7.3574219	-0.1752153
2.9589748	7.3671875	-0.1753062
2.8290203	7.3769531	-0.17560869
1.3005919	7.3867188	-0.17596036
1.4933758	7.3964844	-0.17642379
1.3939105	7.40625	-0.17662197
0.52306569	7.4160156	-0.17652512
1.4326302	7.4257813	-0.17647594
2.0627515	7.4355469	-0.17621666
5.2522402	7.4453125	-0.17584562
6.2002568	7.4550781	-0.17663687
7.0870852	7.4648438	-0.17494708
6.6379085	7.4746094	-0.1763165
6.9534173	7.484375	-0.17494857
8.7918711	7.4941406	-0.17401725
9.8268394	7.5039063	-0.17494559
9.896513	7.5136719	-0.17564297
10.214968	7.5234375	-0.17454922
9.9436493	7.5332031	-0.17329752
10.718603	7.5429688	-0.17474592
10.365225	7.5527344	-0.17477423
9.9713678	7.5625	-0.17387718
8.3621826	7.5722656	-0.17490238
8.0080938	7.5820313	-0.17462075
10.098075	7.5917969	-0.17381757
8.6477842	7.6015625	-0.17522722
8.5548382	7.6113281	-0.17467886
6.3547397	7.6210938	-0.17479956
6.6110282	7.6308594	-0.17503947
7.3619184	7.640625	-0.17575622
