MTS793|MPT|ENU|1|2|.|/|:|1|0|0|A

Data Acquisition						Time:	12.540039	s	4/12/2018 4:43:30 PM
Axial Force	Running Time	Axial Displacement
N	s	mm
-1.3168203	0.013671875	0.0065081753
-1.6846811	0.0234375	0.0058421865
0.68322986	0.033203125	0.0069881789
2.953934	0.04296875	0.0093705021
3.3590128	0.052734375	0.013019051
3.2468116	0.0625	0.020385347
2.5543849	0.072265625	0.029361434
3.4007244	0.08203125	0.041886978
3.4930766	0.091796875	0.054278132
3.2801065	0.1015625	0.071106195
3.2973709	0.11132813	0.090226069
4.1723018	0.12109375	0.11054063
3.9473758	0.13085938	0.13413271
4.6958098	0.140625	0.15895189
6.5630999	0.15039063	0.18774578
6.3709331	0.16015625	0.21868898
5.580997	0.16992188	0.25108057
6.1646218	0.1796875	0.28431612
6.8398542	0.18945313	0.32199126
5.8826175	0.19921875	0.3604264
6.6340437	0.20898438	0.4018887
6.2756705	0.21875	0.44523004
6.1542377	0.22851563	0.48949429
6.0501509	0.23828125	0.53638846
7.4067268	0.24804688	0.58533114
5.8592997	0.2578125	0.63600308
5.9302082	0.26757813	0.68740463
6.6035891	0.27734375	0.74085492
6.4703522	0.28710938	0.79753983
6.2024689	0.296875	0.85412645
6.5965228	0.30664063	0.91352063
7.0497508	0.31640625	0.97381538
5.8935604	0.32617188	1.0347139
7.555017	0.3359375	1.0990459
6.903615	0.34570313	1.1621201
5.6587858	0.35546875	1.2280611
6.6883163	0.36523438	1.2957466
9.5225868	0.375	1.3638376
12.113294	0.38476563	1.4344641
12.346823	0.39453125	1.5037436
9.9553032	0.40429688	1.5757308
11.062389	0.4140625	1.6478362
10.87332	0.42382813	1.7214267
11.14757	0.43359375	1.79524
8.9511738	0.44335938	1.8700304
7.9372787	0.453125	1.9456438
7.8999085	0.46289063	2.0212421
8.3299465	0.47265625	2.0977683
8.7076683	0.48242188	2.1739151
8.5616598	0.4921875	2.2500601
7.4692421	0.50195313	2.3278775
7.5640855	0.51171875	2.4039116
7.0601587	0.52148438	2.4816236
7.8849726	0.53125	2.5599296
7.7383823	0.54101563	2.6378701
7.8561602	0.55078125	2.7135203
7.7804203	0.56054688	2.7916825
8.967927	0.5703125	2.8687494
7.2439551	0.58007813	2.9445486
7.2771335	0.58984375	3.0209577
6.6021576	0.59960938	3.0979309
7.5050163	0.609375	3.1720202
7.2008114	0.61914063	3.246887
8.4780855	0.62890625	3.3204155
6.746582	0.63867188	3.395088
7.0017877	0.6484375	3.4671674
6.6101551	0.65820313	3.5387201
7.2479248	0.66796875	3.6093509
7.2897763	0.67773438	3.6795499
6.1597209	0.6875	3.7475362
6.948947	0.69726563	3.8146565
6.874383	0.70703125	3.8813202
7.7338076	0.71679688	3.9452
6.4856954	0.7265625	4.0099273
6.6182227	0.73632813	4.0710626
6.7994814	0.74609375	4.1303592
6.4344726	0.75585938	4.1893625
6.6185369	0.765625	4.2477002
7.0756998	0.77539063	4.3036833
7.0580516	0.78515625	4.3576188
7.0520329	0.79492188	4.4114251
5.8275414	0.8046875	4.4608107
7.03932	0.81445313	4.5094867
6.3444138	0.82421875	4.5574746
5.9257379	0.83398438	4.6012716
7.0480514	0.84375	4.6448207
5.6793213	0.85351563	4.6846666
6.7024841	0.86328125	4.7251925
5.1281533	0.87304688	4.761229
6.6248584	0.8828125	4.7965493
5.1985493	0.89257813	4.8300457
5.9392886	0.90234375	4.8591118
5.9513955	0.91210938	4.8885169
5.1769896	0.921875	4.9147401
5.4519973	0.93164063	4.9392996
5.3451281	0.94140625	4.961205
5.0010161	0.95117188	4.9805493
5.2555928	0.9609375	4.9963217
4.1919761	0.97070313	5.0125685
5.2719612	0.98046875	5.0250049
5.6529651	0.99023438	5.0346766
4.7522597	1	5.042387
5.5925221	1.0097656	5.0487156
4.4098005	1.0195313	5.0513062
2.4411361	1.0292969	5.0521703
-6.2804322	1.0390625	5.0475483
-8.2679329	1.0488281	5.0395908
-7.8803282	1.0585938	5.0274024
-9.3858576	1.0683594	5.010644
-8.5726738	1.078125	4.9891982
-10.151277	1.0878906	4.9617839
-9.53374	1.0976563	4.9302268
-11.240004	1.1074219	4.8943472
-10.947884	1.1171875	4.853581
-10.85808	1.1269531	4.8085303
-10.62263	1.1367188	4.7578101
-10.998361	1.1464844	4.703269
-11.390297	1.15625	4.6454177
-10.455597	1.1660156	4.5816412
-9.628583	1.1757813	4.5144887
-10.707579	1.1855469	4.4420333
-9.452878	1.1953125	4.3656878
-10.577997	1.2050781	4.2835927
-10.900048	1.2148438	4.1993718
-10.823505	1.2246094	4.1098394
-11.794968	1.234375	4.0167217
-10.705506	1.2441406	3.9203267
-12.599235	1.2539063	3.8181949
-11.843839	1.2636719	3.7146392
-14.345557	1.2734375	3.6074641
-11.618307	1.2832031	3.4951477
-12.166053	1.2929688	3.3806789
-12.695731	1.3027344	3.2626464
-10.601268	1.3125	3.1425035
-12.363948	1.3222656	3.018827
-11.103822	1.3320313	2.8911989
-11.942711	1.3417969	2.7625468
-11.800043	1.3515625	2.6310008
-11.808042	1.3613281	2.4987493
-11.630706	1.3710938	2.3618042
-12.364274	1.3808594	2.2207608
-13.135571	1.390625	2.0807683
-14.522195	1.4003906	1.937235
-12.040371	1.4101563	1.7928168
-11.570053	1.4199219	1.6455191
-12.49006	1.4296875	1.4974728
-13.247785	1.4394531	1.348287
-13.020413	1.4492188	1.1978927
-12.333423	1.4589844	1.0459623
-13.012159	1.46875	0.89470214
-12.258184	1.4785156	0.73821014
-12.845919	1.4882813	0.58394027
-13.326714	1.4980469	0.4300558
-14.457095	1.5078125	0.27376571
-12.432749	1.5175781	0.11846097
-12.97571	1.5273438	-0.036293548
-11.278234	1.5371094	-0.19172338
-11.112086	1.546875	-0.34773639
-11.57854	1.5566406	-0.50237095
-11.75386	1.5664063	-0.657552
-10.773074	1.5761719	-0.81119508
-11.222949	1.5859375	-0.96339387
-11.543686	1.5957031	-1.1160377
-11.275278	1.6054688	-1.2666065
-12.246509	1.6152344	-1.4155314
-10.475133	1.625	-1.5643458
-11.678645	1.6347656	-1.711157
-10.016316	1.6445313	-1.8569856
-11.563301	1.6542969	-2.0001264
-10.359671	1.6640625	-2.1415291
-9.9378748	1.6738281	-2.280761
-10.633446	1.6835938	-2.4183121
-10.135479	1.6933594	-2.5538466
-10.7283	1.703125	-2.685828
-10.501221	1.7128906	-2.8157153
-11.528446	1.7226563	-2.9426
-10.421383	1.7324219	-3.0684791
-11.81846	1.7421875	-3.1900482
-10.508205	1.7519531	-3.3106637
-9.5517607	1.7617188	-3.4245994
-11.16232	1.7714844	-3.5369906
-10.216842	1.78125	-3.6455169
-11.067336	1.7910156	-3.7521873
-11.261448	1.8007813	-3.8558228
-9.9338589	1.8105469	-3.9553952
-10.042416	1.8203125	-4.0500255
-9.6474199	1.8300781	-4.1436405
-9.711133	1.8398438	-4.2304463
-9.9068623	1.8496094	-4.3126302
-8.5296001	1.859375	-4.3923693
-11.391415	1.8691406	-4.4681544
-9.1205349	1.8789063	-4.5390391
-10.168343	1.8886719	-4.6063852
-8.8418255	1.8984375	-4.6665735
-9.5703173	1.9082031	-4.7251539
-9.5986528	1.9179688	-4.7791667
-9.5387459	1.9277344	-4.8279176
-9.0939569	1.9375	-4.8746343
-8.469017	1.9472656	-4.9177389
-8.6526737	1.9570313	-4.9539819
-7.5223856	1.9667969	-4.985281
-8.3613567	1.9765625	-5.0116796
-8.8185539	1.9863281	-5.0337009
-8.5266657	1.9960938	-5.0502973
-7.4730372	2.0058594	-5.0646563
-8.5871668	2.015625	-5.0715251
-7.6154013	2.0253906	-5.0749168
-2.4802518	2.0351563	-5.0728846
0.28073555	2.0449219	-5.0675998
2.0170467	2.0546875	-5.0574083
2.4025562	2.0644531	-5.0420222
3.5647302	2.0742188	-5.0213895
3.8285856	2.0839844	-4.9970441
3.6357088	2.09375	-4.9660764
5.1385489	2.1035156	-4.9308796
5.2206683	2.1132813	-4.8914022
3.8238592	2.1230469	-4.8473301
4.6471601	2.1328125	-4.7986264
4.8263931	2.1425781	-4.747632
5.591125	2.1523438	-4.68783
5.4128466	2.1621094	-4.6264362
5.3640571	2.171875	-4.5602956
5.4743142	2.1816406	-4.4878802
5.9655752	2.1914063	-4.4137974
5.1344514	2.2011719	-4.3352442
5.3792496	2.2109375	-4.2509556
5.6030111	2.2207031	-4.1627965
6.7372341	2.2304688	-4.0719385
7.4150391	2.2402344	-3.976541
6.7386427	2.25	-3.8786004
6.7110405	2.2597656	-3.7749043
6.8875613	2.2695313	-3.6687391
7.3978329	2.2792969	-3.5578701
6.4846711	2.2890625	-3.4450808
6.1570315	2.2988281	-3.329797
6.8294001	2.3085938	-3.2100704
7.3981938	2.3183594	-3.0861211
7.1607299	2.328125	-2.9609301
6.8299356	2.3378906	-2.8336287
6.7070127	2.3476563	-2.7034018
7.4083567	2.3574219	-2.5685904
7.8301988	2.3671875	-2.4336145
7.4042706	2.3769531	-2.2957997
7.9099908	2.3867188	-2.1546304
8.3703318	2.3964844	-2.013458
6.7291665	2.40625	-1.8695683
7.6775208	2.4160156	-1.7225112
8.2220526	2.4257813	-1.5753996
8.1489439	2.4355469	-1.4262613
8.7503452	2.4453125	-1.2756487
7.7737265	2.4550781	-1.1259854
7.4502082	2.4648438	-0.97252119
8.4496107	2.4746094	-0.8197884
10.651024	2.484375	-0.66632515
8.5948143	2.4941406	-0.51222348
7.3082395	2.5039063	-0.35690489
9.0936432	2.5136719	-0.20164149
9.2296629	2.5234375	-0.045431312
9.6675358	2.5332031	0.11050096
9.9671535	2.5429688	0.26542982
9.0601854	2.5527344	0.42113876
9.966979	2.5625	0.57420611
8.424243	2.5722656	0.72966993
8.8232679	2.5820313	0.88373542
8.4234638	2.5917969	1.0358756
9.3974066	2.6015625	1.1865337
9.2522478	2.6113281	1.336817
10.57398	2.6210938	1.4862241
11.63818	2.6308594	1.6339939
10.089459	2.640625	1.7794988
11.756039	2.6503906	1.9255351
10.805402	2.6601563	2.0679317
8.661684	2.6699219	2.207062
11.724397	2.6796875	2.3466232
11.755247	2.6894531	2.4828258
9.662611	2.6992188	2.6170015
15.425007	2.7089844	2.7482572
15.676197	2.71875	2.8769116
18.181124	2.7285156	3.0040219
13.058004	2.7382813	3.1279206
16.144093	2.7480469	3.2488859
13.512362	2.7578125	3.3647876
8.2170706	2.7675781	3.4801226
6.6034379	2.7773438	3.5909927
6.7261515	2.7871094	3.6989543
7.239799	2.796875	3.8032959
7.6796627	2.8066406	3.9043396
10.547683	2.8164063	4.0000153
15.966046	2.8261719	4.0928545
17.581974	2.8359375	4.1824923
15.368289	2.8457031	4.2687097
13.268588	2.8554688	4.3494234
17.332333	2.8652344	4.4264154
21.348171	2.875	4.4993949
19.26815	2.8847656	4.5696797
13.543282	2.8945313	4.6347966
8.0740776	2.9042969	4.6957102
8.1415052	2.9140625	4.7515755
7.7078238	2.9238281	4.801784
5.0031815	2.9335938	4.851027
4.4391026	2.9433594	4.89323
4.558929	2.953125	4.9302497
5.1958838	2.9628906	4.9639392
4.3131061	2.9726563	4.9930406
5.8661566	2.9824219	5.0177121
4.8608751	2.9921875	5.0368633
5.0566974	3.0019531	5.0508757
5.158875	3.0117188	5.061316
5.281414	3.0214844	5.0666008
2.5182498	3.03125	5.0672235
-6.3061829	3.0410156	5.0633926
-8.410984	3.0507813	5.0524359
-9.5373955	3.0605469	5.0384068
-10.721002	3.0703125	5.0209846
-9.7589684	3.0800781	4.9985499
-10.016724	3.0898438	4.9714918
-9.3538551	3.0996094	4.9381871
-9.5682793	3.109375	4.9019027
-9.9231958	3.1191406	4.8599896
-9.2332487	3.1289063	4.8133035
-11.724105	3.1386719	4.7627006
-10.909896	3.1484375	4.7068138
-11.736294	3.1582031	4.6470909
-11.153892	3.1679688	4.5824819
-10.392525	3.1777344	4.5137763
-11.98562	3.1875	4.4404826
-13.49859	3.1972656	4.3622456
-15.173643	3.2070313	4.2808604
-12.403121	3.2167969	4.1943264
-10.227039	3.2265625	4.1037612
-10.717776	3.2363281	4.0106368
-11.153123	3.2460938	3.9126763
-10.963425	3.2558594	3.8127146
-13.262022	3.265625	3.708199
-10.684354	3.2753906	3.5983996
-11.826982	3.2851563	3.4862783
-12.211851	3.2949219	3.3706553
-12.783857	3.3046875	3.2530348
-11.97122	3.3144531	3.1317115
-10.971294	3.3242188	3.006058
-12.617535	3.3339844	2.8793356
-11.721207	3.34375	2.7491412
-10.600733	3.3535156	2.6169751
-10.492269	3.3632813	2.4808857
-11.381205	3.3730469	2.3449044
-10.553131	3.3828125	2.2050467
-11.400017	3.3925781	2.0635297
-11.892198	3.4023438	1.9203804
-14.153751	3.4121094	1.774346
-13.829012	3.421875	1.6283518
-11.599006	3.4316406	1.4793905
-12.548175	3.4414063	1.3306493
-12.691552	3.4511719	1.1787691
-13.594865	3.4609375	1.0265964
-14.735095	3.4707031	0.87380177
-15.359523	3.4804688	0.72028756
-14.158886	3.4902344	0.56568635
-13.251602	3.5	0.41015846
-12.798968	3.5097656	0.25455272
-14.527282	3.5195313	0.099083871
-10.715099	3.5292969	-0.057311449
-12.853672	3.5390625	-0.2119979
-12.705113	3.5488281	-0.36923987
-12.762891	3.5585938	-0.52483612
-12.468698	3.5683594	-0.67848694
-12.358196	3.578125	-0.83135033
-12.67664	3.5878906	-0.98405963
-10.908384	3.5976563	-1.1364671
-11.442392	3.6074219	-1.2863986
-11.344859	3.6171875	-1.4370466
-12.921763	3.6269531	-1.5858612
-11.898123	3.6367188	-1.7318047
-10.66993	3.6464844	-1.8767877
-9.5376511	3.65625	-2.0186486
-10.77993	3.6660156	-2.1601801
-9.272131	3.6757813	-2.3009422
-10.267262	3.6855469	-2.4374185
-9.8105631	3.6953125	-2.5723994
-11.144345	3.7050781	-2.7059112
-10.595832	3.7148438	-2.8340173
-7.9435186	3.7246094	-2.9608417
-9.3074751	3.734375	-3.085587
-9.2313051	3.7441406	-3.2061031
-10.344688	3.7539063	-3.3247085
-9.8908787	3.7636719	-3.4408758
-12.112991	3.7734375	-3.5526288
-12.942776	3.7832031	-3.6612215
-12.9411	3.7929688	-3.766881
-13.741594	3.8027344	-3.8691688
-11.906191	3.8125	-3.9669189
-10.095304	3.8222656	-4.0616975
-8.7555494	3.8320313	-4.1515241
-8.6014738	3.8417969	-4.2392468
-8.8219881	3.8515625	-4.3210554
-9.0139456	3.8613281	-4.3986721
-9.8272581	3.8710938	-4.4753895
-9.4281864	3.8808594	-4.5441918
-9.4249487	3.890625	-4.6118121
-9.2344933	3.9003906	-4.6727414
-8.5929174	3.9101563	-4.7307539
-10.113768	3.9199219	-4.7831702
-9.3105364	3.9296875	-4.8326139
-10.067096	3.9394531	-4.8769536
-10.051555	3.9492188	-4.919457
-9.507185	3.9589844	-4.9537601
-9.0951328	3.96875	-4.9847846
-8.0920181	3.9785156	-5.0100722
-9.3706999	3.9882813	-5.0316553
-8.7284594	3.9980469	-5.0480976
-9.4237852	4.0078125	-5.0604968
-8.393137	4.0175781	-5.0670457
-7.7775097	4.0273438	-5.069344
-2.0705862	4.0371094	-5.0669856
1.5758444	4.046875	-5.0607901
2.5055256	4.0566406	-5.0482707
3.4259748	4.0664063	-5.0314159
3.4153926	4.0761719	-5.010705
3.1909556	4.0859375	-4.9840598
4.0858169	4.0957031	-4.953619
5.1636133	4.1054688	-4.9184861
4.8962536	4.1152344	-4.8784704
5.5957818	4.125	-4.83324
4.8636923	4.1347656	-4.7836123
5.8214993	4.1445313	-4.7283878
4.7267647	4.1542969	-4.6702456
6.0068326	4.1640625	-4.60851
5.8269825	4.1738281	-4.54108
5.2204823	4.1835938	-4.4688644
4.6738772	4.1933594	-4.3936234
5.27947	4.203125	-4.3121576
5.8335137	4.2128906	-4.2290664
5.7029886	4.2226563	-4.1404262
5.2082701	4.2324219	-4.0482635
5.6737919	4.2421875	-3.9528544
6.1641912	4.2519531	-3.8535447
6.103446	4.2617188	-3.7492411
5.7570286	4.2714844	-3.6418862
6.2723875	4.28125	-3.5321655
7.3589735	4.2910156	-3.4190497
6.3818645	4.3007813	-3.3013482
7.1183543	4.3105469	-3.1816618
6.5838337	4.3203125	-3.0583172
7.6500001	4.3300781	-2.9327826
8.8770523	4.3398438	-2.8028111
7.2004504	4.3496094	-2.6724985
7.3707428	4.359375	-2.5378375
6.7477579	4.3691406	-2.4014215
7.6086841	4.3789063	-2.2641985
8.5323467	4.3886719	-2.122999
7.7825274	4.3984375	-1.9799715
8.3841963	4.4082031	-1.8363351
8.5954905	4.4179688	-1.6894876
8.8942347	4.4277344	-1.5418838
8.0654507	4.4375	-1.3930401
8.5144768	4.4472656	-1.2431923
7.7765203	4.4570313	-1.0924345
7.131649	4.4667969	-0.93867385
7.3155155	4.4765625	-0.78603125
7.4644222	4.4863281	-0.63160509
8.1858711	4.4960938	-0.47746244
9.6514244	4.5058594	-0.32098627
7.6061463	4.515625	-0.16576871
8.82477	4.5253906	-0.011649169
7.7752166	4.5351563	0.14419714
9.2768812	4.5449219	0.29976395
7.9501419	4.5546875	0.45414576
9.2078581	4.5644531	0.60914785
9.4457064	4.5742188	0.76263261
8.8464699	4.5839844	0.91641647
9.8205061	4.59375	1.0681621
8.7788906	4.6035156	1.2195771
8.6296816	4.6132813	1.369395
7.9631696	4.6230469	1.5187044
9.0657377	4.6328125	1.6650877
8.0834141	4.6425781	1.812385
7.9445429	4.6523438	1.956459
8.1073027	4.6621094	2.0984991
8.371542	4.671875	2.2393382
7.5176826	4.6816406	2.3764892
7.9449153	4.6914063	2.5126295
8.0697708	4.7011719	2.645777
7.6621771	4.7109375	2.7767506
7.5212913	4.7207031	2.905426
7.7407341	4.7304688	3.0318825
8.977706	4.7402344	3.1549077
7.0458393	4.75	3.2741573
6.7056155	4.7597656	3.3901217
6.635138	4.7695313	3.5042579
8.1481304	4.7792969	3.6143954
6.7355576	4.7890625	3.7217832
7.2828841	4.7988281	3.824646
5.9524083	4.8085938	3.9241965
4.5804076	4.8183594	4.0211401
6.1393018	4.828125	4.1132112
6.459374	4.8378906	4.2026296
6.5744972	4.8476563	4.2873573
5.3460126	4.8574219	4.3670654
5.1680021	4.8671875	4.4444904
4.9175229	4.8769531	4.5165815
4.7076492	4.8867188	4.58498
5.1325302	4.8964844	4.6486416
6.1014552	4.90625	4.7091384
4.7726555	4.9160156	4.7642121
5.7646537	4.9257813	4.8141804
4.5256572	4.9355469	4.8610587
5.2810645	4.9453125	4.9026151
4.590035	4.9550781	4.9395833
4.2688451	4.9648438	4.9722571
4.7773008	4.9746094	5.0001841
4.7039475	4.984375	5.0234661
4.6634932	4.9941406	5.0429049
3.990042	5.0039063	5.0561595
4.2921281	5.0136719	5.0634775
4.3069015	5.0234375	5.0696158
0.42923492	5.0332031	5.0688219
-5.3700523	5.0429688	5.0635633
-6.8497262	5.0527344	5.0537119
-7.2429075	5.0625	5.0379815
-7.0782728	5.0722656	5.0199251
-8.901372	5.0820313	4.9961419
-8.9982414	5.0917969	4.9669714
-9.667943	5.1015625	4.9339795
-9.9864788	5.1113281	4.894928
-9.8040686	5.1210938	4.8528399
-9.9374447	5.1308594	4.8054409
-9.3436804	5.140625	4.7534118
-10.504597	5.1503906	4.6966395
-9.6319475	5.1601563	4.63555
-10.799047	5.1699219	4.5712414
-10.46228	5.1796875	4.5024548
-10.297691	5.1894531	4.427527
-10.209205	5.1992188	4.3477478
-11.237897	5.2089844	4.2657485
-11.624314	5.21875	4.1786633
-10.755984	5.2285156	4.0884943
-10.754587	5.2382813	3.9920714
-10.835961	5.2480469	3.8934605
-10.724901	5.2578125	3.7919631
-12.195133	5.2675781	3.6857893
-11.469005	5.2773438	3.5791073
-11.180248	5.2871094	3.4652586
-12.926501	5.296875	3.3493826
-12.029439	5.3066406	3.2292759
-10.613492	5.3164063	3.1079388
-11.620821	5.3261719	2.9818296
-12.079731	5.3359375	2.8547699
-10.79517	5.3457031	2.7260146
-12.660155	5.3554688	2.5914299
-13.72383	5.3652344	2.4565237
-12.014864	5.375	2.3196917
-12.03859	5.3847656	2.1789567
-10.826974	5.3945313	2.0372758
-11.440576	5.4042969	1.8927532
-9.8921127	5.4140625	1.7463255
-11.909811	5.4238281	1.6007179
-11.792069	5.4335938	1.4514074
-10.911818	5.4433594	1.3030642
-12.440979	5.453125	1.1513141
-13.326166	5.4628906	0.99835628
-13.518369	5.4726563	0.84438372
-12.777583	5.4824219	0.68978101
-12.904789	5.4921875	0.53482085
-13.11457	5.5019531	0.37953416
-12.476824	5.5117188	0.22410908
-11.968822	5.5214844	0.068436846
-11.452578	5.53125	-0.08730711
-14.462125	5.5410156	-0.24323054
-15.422749	5.5507813	-0.39846292
-12.121943	5.5605469	-0.55327487
-15.168218	5.5703125	-0.70596409
-13.143512	5.5800781	-0.85996783
-12.496416	5.5898438	-1.0139556
-11.415489	5.5996094	-1.1660607
-11.026091	5.609375	-1.3166506
-10.390882	5.6191406	-1.4653268
-11.265184	5.6289063	-1.6134177
-11.723536	5.6386719	-1.7596397
-10.994997	5.6484375	-1.9039218
-11.035858	5.6582031	-2.0460935
-11.170655	5.6679688	-2.1877317
-11.33082	5.6777344	-2.3274128
-9.9830799	5.6875	-2.4635973
-10.425841	5.6972656	-2.5977442
-9.0307198	5.7070313	-2.7302229
-10.658567	5.7167969	-2.8581471
-9.496335	5.7265625	-2.9836974
-10.21449	5.7363281	-3.1075773
-9.4716082	5.7460938	-3.2294123
-8.7526159	5.7558594	-3.3465841
-8.0858126	5.765625	-3.4618688
-9.1140623	5.7753906	-3.5711613
-10.033045	5.7851563	-3.6807361
-10.054594	5.7949219	-3.7878911
-10.184188	5.8046875	-3.888814
-8.4327765	5.8144531	-3.9839106
-9.8050108	5.8242188	-4.0781674
-10.29945	5.8339844	-4.1666579
-8.6265507	5.84375	-4.2543297
-9.2273111	5.8535156	-4.3371005
-9.3284292	5.8632813	-4.4158964
-8.0750561	5.8730469	-4.4886584
-8.3039627	5.8828125	-4.5578341
-9.3800125	5.8925781	-4.6242948
-9.2835054	5.9023438	-4.6848807
-8.9109983	5.9121094	-4.7409534
-8.2248707	5.921875	-4.7929749
-8.8562832	5.9316406	-4.8418598
-8.5302744	5.9414063	-4.8864813
-9.539526	5.9511719	-4.9257278
-7.782341	5.9609375	-4.9596577
-8.8079252	5.9707031	-4.9897614
-9.2304668	5.9804688	-5.0132709
-9.6776056	5.9902344	-5.0332084
-10.039634	6	-5.0497909
-9.4163122	6.0097656	-5.0617704
-9.4250202	6.0195313	-5.0660872
-8.403347	6.0292969	-5.0669656
-1.2283098	6.0390625	-5.0655446
2.5235698	6.0488281	-5.0571718
3.1239469	6.0585938	-5.0455146
2.6837456	6.0683594	-5.0279002
3.7679565	6.078125	-5.0050511
3.4819007	6.0878906	-4.978343
4.2381229	6.0976563	-4.9467154
4.9204564	6.1074219	-4.9103279
3.9764097	6.1171875	-4.8688831
4.8742628	6.1269531	-4.8226733
4.457438	6.1367188	-4.7726884
4.167552	6.1464844	-4.717483
5.2343822	6.15625	-4.6580448
5.0469766	6.1660156	-4.5940328
6.5365572	6.1757813	-4.5266204
4.8495946	6.1855469	-4.4539771
5.5432434	6.1953125	-4.3773298
4.4363666	6.2050781	-4.2959328
5.7059808	6.2148438	-4.2110963
5.1047421	6.2246094	-4.1228113
6.6580133	6.234375	-4.0292435
6.5337868	6.2441406	-3.9327776
6.2755427	6.2539063	-3.8317201
6.1289058	6.2636719	-3.7276092
6.491889	6.2734375	-3.6197042
6.5105968	6.2832031	-3.5086818
7.7659497	6.2929688	-3.3945715
7.3883448	6.3027344	-3.2765946
6.2356005	6.3125	-3.1557555
6.7001209	6.3222656	-3.0313401
7.0767593	6.3320313	-2.9062712
7.1797519	6.3417969	-2.7769403
5.7925587	6.3515625	-2.6435089
8.0713301	6.3613281	-2.5102973
7.4638867	6.3710938	-2.3748462
7.6424565	6.3808594	-2.2354774
8.6050243	6.390625	-2.0933747
9.3001051	6.4003906	-1.9510542
9.6520643	6.4101563	-1.8069745
8.2986784	6.4199219	-1.6607667
8.8339205	6.4296875	-1.5112908
8.5806122	6.4394531	-1.362481
8.4930801	6.4492188	-1.2115974
8.565094	6.4589844	-1.0601928
8.7707195	6.46875	-0.90797746
8.3586779	6.4785156	-0.75469732
8.497015	6.4882813	-0.59999025
8.1267319	6.4980469	-0.44489986
8.9358072	6.5078125	-0.28960332
8.2417965	6.5175781	-0.13458654
8.647912	6.5273438	0.021270197
8.1898069	6.5371094	0.17607333
8.7956791	6.546875	0.3308759
9.031477	6.5566406	0.48583123
9.4096527	6.5664063	0.64010984
9.1976376	6.5761719	0.79530764
8.5416021	6.5859375	0.94711715
9.4919357	6.5957031	1.0985577
8.467515	6.6054688	1.2511204
9.3445759	6.6152344	1.4005744
7.3202186	6.625	1.5488815
7.2378783	6.6347656	1.6965839
8.2302608	6.6445313	1.8419098
7.8119335	6.6542969	1.9857402
7.2315102	6.6640625	2.1267242
7.5363436	6.6738281	2.2657182
7.0377135	6.6835938	2.4037139
6.7162561	6.6933594	2.5401759
7.7018166	6.703125	2.6723433
6.4662423	6.7128906	2.8041537
6.0480552	6.7226563	2.9311779
6.468699	6.7324219	3.0571613
6.5898991	6.7421875	3.1801198
5.4524279	6.7519531	3.2988257
6.5725179	6.7617188	3.4150243
6.415462	6.7714844	3.5266926
5.6878428	6.78125	3.6360433
5.2779799	6.7910156	3.7423892
5.4728241	6.8007813	3.8460071
6.2268343	6.8105469	3.9453728
5.2608199	6.8203125	4.039959
5.5844312	6.8300781	4.1323934
5.2592483	6.8398438	4.2211885
5.095417	6.8496094	4.3037672
4.6152387	6.859375	4.3828893
4.7098265	6.8691406	4.4590726
4.6677656	6.8789063	4.5300674
5.0979433	6.8886719	4.5981512
5.46769	6.8984375	4.6624646
5.5434184	6.9082031	4.721128
4.1851892	6.9179688	4.7748179
4.652154	6.9277344	4.8246646
5.5790062	6.9375	4.8700857
5.2580028	6.9472656	4.9107385
5.6696358	6.9570313	4.9463873
5.0063243	6.9667969	4.9787951
4.9910159	6.9765625	5.004509
4.7005248	6.9863281	5.0270038
5.6444087	6.9960938	5.0445542
5.3170605	7.0058594	5.0582337
5.8679261	7.015625	5.0675931
5.1700745	7.0253906	5.0693665
-0.78668821	7.0351563	5.0681386
-6.2108855	7.0449219	5.0622668
-6.8819151	7.0546875	5.0506029
-7.6228404	7.0644531	5.0353732
-7.5634685	7.0742188	5.0157194
-7.9039249	7.0839844	4.991858
-9.3098373	7.09375	4.9609365
-9.4998512	7.1035156	4.9261432
-11.01736	7.1132813	4.887167
-10.033918	7.1230469	4.8444281
-9.8469315	7.1328125	4.7948141
-9.57374	7.1425781	4.7433515
-9.8640327	7.1523438	4.6863751
-9.5029469	7.1621094	4.6243148
-10.133116	7.171875	4.5575624
-9.6960812	7.1816406	4.4876919
-9.2013273	7.1914063	4.4125509
-9.9290981	7.2011719	4.3322415
-9.3007231	7.2109375	4.249094
-10.403955	7.2207031	4.1611242
-9.8917284	7.2304688	4.0715079
-10.469707	7.2402344	3.9746552
-10.296796	7.25	3.874408
-10.831282	7.2597656	3.7719557
-12.943707	7.2695313	3.6663005
-12.556266	7.2792969	3.5556247
-11.147151	7.2890625	3.4422181
-11.175777	7.2988281	3.3247659
-11.736771	7.3085938	3.2057226
-12.935209	7.3183594	3.0825284
-10.970084	7.328125	2.9578509
-11.707505	7.3378906	2.8306859
-12.518699	7.3476563	2.6990747
-12.002595	7.3574219	2.5656171
-12.310059	7.3671875	2.4289775
-11.891768	7.3769531	2.2907014
-11.183159	7.3867188	2.1496451
-11.421949	7.3964844	2.0076699
-13.627868	7.40625	1.8642935
-13.698172	7.4160156	1.7193376
-13.477355	7.4257813	1.570716
-15.132222	7.4355469	1.4219838
-13.241614	7.4453125	1.2709742
-13.256923	7.4550781	1.1203313
-12.429374	7.4648438	0.96643001
-15.280151	7.4746094	0.81433773
-13.062894	7.484375	0.66009229
-14.471134	7.4941406	0.50501555
-14.848006	7.5039063	0.35009655
-14.529401	7.5136719	0.19463719
-15.151035	7.5234375	0.038568024
-15.089045	7.5332031	-0.11695176
-13.817463	7.5429688	-0.27374402
-12.779958	7.5527344	-0.42876852
-12.698246	7.5625	-0.58170694
-12.838142	7.5722656	-0.73694623
-12.1917	7.5820313	-0.89102614
-12.160221	7.5917969	-1.0428689
-13.855193	7.6015625	-1.195155
-13.020297	7.6113281	-1.3450425
-12.802845	7.6210938	-1.4945427
-12.362003	7.6308594	-1.642451
-13.505178	7.640625	-1.7871461
-12.659131	7.6503906	-1.932121
-12.807827	7.6601563	-2.075062
-13.782421	7.6699219	-2.214226
-12.382994	7.6796875	-2.3534343
-12.057857	7.6894531	-2.4894238
-10.693224	7.6992188	-2.6242354
-11.030456	7.7089844	-2.7542679
-13.481582	7.71875	-2.8832319
-13.421359	7.7285156	-3.0079489
-11.136965	7.7382813	-3.1333125
-11.13147	7.7480469	-3.2521801
-10.505075	7.7578125	-3.3698781
-11.439855	7.7675781	-3.48417
-9.7970009	7.7773438	-3.5947108
-9.8871183	7.7871094	-3.7027798
-9.9592381	7.796875	-3.8075063
-9.7237635	7.8066406	-3.9083667
-9.1740284	7.8164063	-4.0049839
-9.2852859	7.8261719	-4.0964026
-10.389206	7.8359375	-4.1852894
-9.6725874	7.8457031	-4.2704439
-9.9067221	7.8554688	-4.3514509
-10.330194	7.8652344	-4.4299064
-9.2117119	7.875	-4.502079
-9.454565	7.8847656	-4.5707717
-8.8439322	7.8945313	-4.6357341
-9.594636	7.9042969	-4.6954155
-9.3067417	7.9140625	-4.7518287
-9.2238541	7.9238281	-4.8023109
-9.3992796	7.9335938	-4.8495946
-9.0485439	7.9433594	-4.8935051
-8.7398214	7.953125	-4.9317985
-8.7495661	7.9628906	-4.9655042
-8.6141987	7.9726563	-4.9944124
-9.5607948	7.9824219	-5.0176148
-8.3556509	7.9921875	-5.0374808
-9.4630175	8.0019531	-5.0514393
-8.7545719	8.0117188	-5.0618458
-8.3837423	8.0214844	-5.0675797
-7.1690998	8.03125	-5.0680428
0.51738459	8.0410156	-5.0642614
2.364954	8.0507813	-5.0547838
3.7872233	8.0605469	-5.0424309
3.18659	8.0703125	-5.0235505
2.9799879	8.0800781	-5.0002074
3.6887126	8.0898438	-4.9721656
4.5593596	8.0996094	-4.9392543
5.4853735	8.109375	-4.9021521
4.7894425	8.1191406	-4.8602328
4.2504168	8.1289063	-4.8128295
4.4918036	8.1386719	-4.7617464
4.6602216	8.1484375	-4.7045369
5.593349	8.1582031	-4.6458306
4.3628507	8.1679688	-4.5815768
5.1844168	8.1777344	-4.5126314
4.8344374	8.1875	-4.4392366
4.4272861	8.1972656	-4.3611164
5.8122911	8.2070313	-4.2783928
5.9815588	8.2167969	-4.1925659
7.1867485	8.2265625	-4.1032944
5.9916058	8.2363281	-4.0111761
6.2387204	8.2460938	-3.9116681
6.0787892	8.2558594	-3.8114476
6.8771768	8.265625	-3.704648
5.9651561	8.2753906	-3.5978496
6.0312567	8.2851563	-3.4855287
6.8220658	8.2949219	-3.3703258
6.3861256	8.3046875	-3.2520559
6.6302133	8.3144531	-3.1310258
7.4248996	8.3242188	-3.0069079
6.1270313	8.3339844	-2.8801007
7.395947	8.34375	-2.7501872
7.1026502	8.3535156	-2.6177626
7.3093572	8.3632813	-2.481472
7.3009753	8.3730469	-2.3451645
6.7772927	8.3828125	-2.2064321
7.6977305	8.3925781	-2.0643771
6.5528088	8.4023438	-1.9224187
7.5445628	8.4121094	-1.7760888
7.4706039	8.421875	-1.6295204
5.7430005	8.4316406	-1.4823389
9.1661701	8.4414063	-1.3322843
7.4108944	8.4511719	-1.1818341
7.7197909	8.4609375	-1.0288185
7.8443084	8.4707031	-0.87677592
9.1268215	8.4804688	-0.72350055
7.6233644	8.4902344	-0.56901211
8.4150009	8.5	-0.41496614
8.5344648	8.5097656	-0.25885963
9.1241674	8.5195313	-0.10354482
7.9013295	8.5292969	0.052076485
8.0390596	8.5390625	0.20699231
8.4571648	8.5488281	0.36242166
8.7430592	8.5585938	0.51630205
8.1622505	8.5683594	0.67181259
8.4611006	8.578125	0.8262164
8.8345375	8.5878906	0.97803354
9.0352612	8.5976563	1.1291151
9.1514549	8.6074219	1.2804587
8.5203447	8.6171875	1.430616
8.5460024	8.6269531	1.5781264
8.4663506	8.6367188	1.7257105
8.901803	8.6464844	1.8701764
7.9425406	8.65625	2.013947
6.7828455	8.6660156	2.1559417
7.946836	8.6757813	2.2950439
7.2346535	8.6855469	2.4317052
7.7470207	8.6953125	2.5670836
7.2604046	8.7050781	2.6995554
6.3173122	8.7148438	2.8293586
6.5054278	8.7246094	2.9570708
5.7762723	8.734375	3.0817821
6.1447964	8.7441406	3.2035334
6.8680964	8.7539063	3.3224096
6.0725956	8.7636719	3.4373734
5.7113357	8.7734375	3.5499098
5.3162456	8.7832031	3.6591794
5.7208004	8.7929688	3.7642963
5.1358247	8.8027344	3.8669918
4.7471609	8.8125	3.9654348
5.0011673	8.8222656	4.0592904
4.6654606	8.8320313	4.1507926
6.4398627	8.8417969	4.2378769
4.8886752	8.8515625	4.3192434
4.91956	8.8613281	4.3995547
6.8058844	8.8710938	4.4739504
5.0596776	8.8808594	4.5446267
4.7146459	8.890625	4.6111317
4.6671486	8.9003906	4.6742206
4.7235284	8.9101563	4.7327237
4.635344	8.9199219	4.7858329
4.0679474	8.9296875	4.8353405
3.5995386	8.9394531	4.8789868
4.1694961	8.9492188	4.9191937
4.6281843	8.9589844	4.9532475
4.0612068	8.96875	4.9854555
4.989933	8.9785156	5.0107565
4.6938424	8.9882813	5.0319166
4.3633976	8.9980469	5.0480933
4.7788954	9.0078125	5.0599689
3.3395598	9.0175781	5.067555
3.8580039	9.0273438	5.0700259
-3.235496	9.0371094	5.067965
-5.6002173	9.046875	5.0590844
-6.2764621	9.0566406	5.0473351
-6.7418323	9.0664063	5.0310669
-5.9697313	9.0761719	5.0110941
-7.7434816	9.0859375	4.9856329
-8.0443096	9.0957031	4.9547086
-9.3157291	9.1054688	4.9197288
-9.724637	9.1152344	4.8795757
-9.0091028	9.125	4.8346767
-10.349358	9.1347656	4.7857094
-10.442385	9.1445313	4.7309484
-10.640838	9.1542969	4.6733155
-10.102731	9.1640625	4.6118503
-10.060263	9.1738281	4.5446258
-10.456388	9.1835938	4.4730911
-10.222965	9.1933594	4.3966665
-9.7184553	9.203125	4.3150668
-11.070212	9.2128906	4.231174
-10.474782	9.2226563	4.141624
-10.390987	9.2324219	4.0497828
-8.8717213	9.2421875	3.9537902
-10.481058	9.2519531	3.8542717
-11.621799	9.2617188	3.7508895
-11.714513	9.2714844	3.6427958
-11.130166	9.28125	3.5324774
-11.492764	9.2910156	3.4177306
-11.555374	9.3007813	3.3011248
-10.778988	9.3105469	3.1810048
-11.383125	9.3203125	3.0577967
-13.007095	9.3300781	2.9315872
-13.108168	9.3398438	2.802515
-13.609138	9.3496094	2.6716123
-11.651148	9.359375	2.5378993
-11.844969	9.3691406	2.4018183
-13.054338	9.3789063	2.2624421
-10.673678	9.3886719	2.1227269
-12.774311	9.3984375	1.9794973
-11.088583	9.4082031	1.8346223
-13.145676	9.4179688	1.6899078
-12.244634	9.4277344	1.5397619
-14.099036	9.4375	1.3926899
-12.797944	9.4472656	1.2399901
-12.238545	9.4570313	1.0892972
-12.093864	9.4667969	0.93703055
-11.953141	9.4765625	0.78258264
-14.018489	9.4863281	0.62855381
-14.214847	9.4960938	0.47431988
-13.132859	9.5058594	0.31954655
-14.154031	9.515625	0.16356753
-12.245914	9.5253906	0.0066534616
-14.623068	9.5351563	-0.14889911
-14.92597	9.5449219	-0.3047131
-12.814067	9.5546875	-0.4596985
-13.683352	9.5644531	-0.61295331
-12.545963	9.5742188	-0.76839322
-12.991939	9.5839844	-0.92281109
-13.723201	9.59375	-1.0725435
-12.282306	9.6035156	-1.2259369
-12.443377	9.6132813	-1.3752526
-12.284611	9.6230469	-1.5251378
-14.752639	9.6328125	-1.6713777
-13.787951	9.6425781	-1.8177505
-14.447083	9.6523438	-1.9613818
-18.294331	9.6621094	-2.1018634
-15.767256	9.671875	-2.2437575
-12.410501	9.6816406	-2.3804038
-9.7715292	9.6914063	-2.5169001
-11.78967	9.7011719	-2.6501262
-10.628917	9.7109375	-2.7805691
-10.637322	9.7207031	-2.9082716
-9.5619469	9.7304688	-3.033627
-11.404976	9.7402344	-3.1563895
-10.873668	9.75	-3.2751961
-12.471934	9.7597656	-3.3933907
-8.9443054	9.7695313	-3.5065119
-9.5894203	9.7792969	-3.6170671
-8.9152021	9.7890625	-3.7230594
-10.508066	9.7988281	-3.8267477
-9.0909424	9.8085938	-3.9256186
-10.433583	9.8183594	-4.0236855
-9.7798185	9.828125	-4.1163607
-9.3512001	9.8378906	-4.2060328
-9.6387463	9.8476563	-4.2892833
-9.0674849	9.8574219	-4.3694906
-10.828604	9.8671875	-4.4446425
-9.3758459	9.8769531	-4.5169988
-9.4132729	9.8867188	-4.5840254
-10.552374	9.8964844	-4.6470733
-9.340292	9.90625	-4.7064853
-10.041159	9.9160156	-4.7617769
-10.90885	9.9257813	-4.8116865
-10.487146	9.9355469	-4.8593173
-11.878204	9.9453125	-4.9015827
-11.324626	9.9550781	-4.9391418
-13.233919	9.9648438	-4.971168
-11.622463	9.9746094	-4.999927
-11.713861	9.984375	-5.0223045
-10.357553	9.9941406	-5.0405622
-9.7089338	10.003906	-5.0542793
-9.7663374	10.013672	-5.0630717
-9.4626102	10.023438	-5.0659833
-6.7233691	10.033203	-5.0678549
2.0949869	10.042969	-5.0633445
3.4800847	10.052734	-5.0527296
3.6509242	10.0625	-5.039525
2.8300447	10.072266	-5.0190988
4.587369	10.082031	-4.9943409
3.7576654	10.091797	-4.9660454
4.463573	10.101563	-4.9320607
4.0080166	10.111328	-4.8950925
5.1453013	10.121094	-4.8514276
6.7344284	10.130859	-4.8034849
5.8105912	10.140625	-4.751009
4.1185412	10.150391	-4.6932435
4.607893	10.160156	-4.6324806
6.1194296	10.169922	-4.5679927
5.0917268	10.179688	-4.4973502
5.8135834	10.189453	-4.423851
4.6590462	10.199219	-4.3456883
5.632895	10.208984	-4.2625713
5.4154778	10.21875	-4.1760774
4.6334462	10.228516	-4.0853257
5.3008204	10.238281	-3.9902682
5.4117756	10.248047	-3.8927324
7.2910452	10.257813	-3.7895603
7.0277834	10.267578	-3.6858261
6.6476059	10.277344	-3.5770092
6.8158727	10.287109	-3.463861
7.4645619	10.296875	-3.3479826
7.2540832	10.306641	-3.2279243
7.0390291	10.316406	-3.106652
8.214859	10.326172	-2.9807746
7.2355847	10.335938	-2.8537769
7.5013728	10.345703	-2.7236404
7.228332	10.355469	-2.590369
8.5219383	10.365234	-2.4544954
6.6598759	10.375	-2.3184786
8.4085388	10.384766	-2.1794455
6.95755	10.394531	-2.0363615
7.658906	10.404297	-1.8938375
6.486557	10.414063	-1.7484953
8.5908098	10.423828	-1.6010766
7.047842	10.433594	-1.4513496
8.1691656	10.443359	-1.3023033
8.0163593	10.453125	-1.1521131
8.8894386	10.462891	-0.99883449
8.7492743	10.472656	-0.84599364
8.779706	10.482422	-0.69309336
9.9223108	10.492188	-0.53818363
9.0399179	10.501953	-0.38243887
9.4226561	10.511719	-0.22766423
9.5780935	10.521484	-0.072584957
9.0111513	10.53125	0.083225504
9.1189871	10.541016	0.23748101
8.3902493	10.550781	0.39345184
6.9710193	10.560547	0.5479722
8.414197	10.570313	0.70183116
9.0246439	10.580078	0.85592037
9.7064409	10.589844	1.0077833
8.1869545	10.599609	1.159544
7.4172277	10.609375	1.3101623
8.1006441	10.619141	1.4604753
8.9741545	10.628906	1.6079868
8.5080509	10.638672	1.7537198
7.3913832	10.648438	1.8998443
8.5414276	10.658203	2.0434005
6.8237305	10.667969	2.1840124
6.6526465	10.677734	2.3227766
7.1734657	10.6875	2.4590969
14.289818	10.697266	2.5928876
12.628816	10.707031	2.7255492
9.0675545	10.716797	2.8554499
7.9804101	10.726563	2.9819489
9.0851097	10.736328	3.1068068
5.5446639	10.746094	3.2278869
5.5971441	10.755859	3.3448672
5.1827168	10.765625	3.4612565
6.4011083	10.775391	3.5717013
7.1305084	10.785156	3.6805315
4.7420154	10.794922	3.7858396
7.5986376	10.804688	3.8865812
7.5784979	10.814453	3.9833977
8.1685953	10.824219	4.0766006
5.5814629	10.833984	4.167078
8.4947329	10.84375	4.2543292
8.0788507	10.853516	4.3353877
7.3891482	10.863281	4.4139538
7.281394	10.873047	4.4875002
6.3287678	10.882813	4.558569
7.5456338	10.892578	4.6245189
5.129108	10.902344	4.6856532
5.4512873	10.912109	4.7429042
4.734972	10.921875	4.7956939
5.0424247	10.931641	4.8429494
4.8122716	10.941406	4.8870163
4.6593952	10.951172	4.9269395
4.6913862	10.960938	4.9604955
4.9566035	10.970703	4.9904304
5.5372248	10.980469	5.0140576
5.8629203	10.990234	5.035409
4.7916079	11	5.0508084
4.9918542	11.009766	5.060729
4.8155198	11.019531	5.0682631
3.4564757	11.029297	5.0694566
-3.6940095	11.039063	5.067255
-6.6058826	11.048828	5.0587173
-6.1187196	11.058594	5.0437775
-6.5540314	11.068359	5.0264883
-6.506825	11.078125	5.0052342
-7.7443199	11.087891	4.9793305
-8.9027338	11.097656	4.9478707
-9.8181534	11.107422	4.9112139
-10.164571	11.117188	4.8701997
-10.332722	11.126953	4.8257823
-9.8047428	11.136719	4.7749887
-10.17336	11.146484	4.7206383
-9.6835308	11.15625	4.6609993
-10.865624	11.166016	4.5980248
-10.809174	11.175781	4.531085
-11.054555	11.185547	4.4582968
-10.982598	11.195313	4.3811665
-10.020064	11.205078	4.2999334
-11.064031	11.214844	4.2143531
-9.7377462	11.224609	4.1241145
-10.170426	11.234375	4.0332174
-10.474003	11.244141	3.9348102
-10.446855	11.253906	3.834451
-8.9616871	11.263672	3.7302721
-10.714924	11.273438	3.621866
-12.671389	11.283203	3.5101123
-10.34718	11.292969	3.3952723
-11.406793	11.302734	3.2780707
-12.158055	11.3125	3.158525
-12.175809	11.322266	3.0336745
-11.090259	11.332031	2.9069591
-11.686515	11.341797	2.7780635
-12.250721	11.351563	2.6463418
-9.9992847	11.361328	2.5105271
-11.444429	11.371094	2.3747573
-12.47134	11.380859	2.2363987
-12.077973	11.390625	2.0948544
-12.190896	11.400391	1.9513192
-13.041694	11.410156	1.8058515
-11.712255	11.419922	1.6594931
-13.266341	11.429688	1.5117784
-13.890793	11.439453	1.363178
-15.531026	11.449219	1.2104539
-12.476556	11.458984	1.0589576
-13.051694	11.46875	0.90554476
-13.538753	11.478516	0.75164485
-12.906221	11.488281	0.59798348
-13.009005	11.498047	0.44193539
-13.85801	11.507813	0.28903085
-13.147516	11.517578	0.13189828
-12.508651	11.527344	-0.024422538
-12.012571	11.537109	-0.18181801
-12.94997	11.546875	-0.33616024
-15.540736	11.556641	-0.49035746
-13.572548	11.566406	-0.64485669
-14.292996	11.576172	-0.79861999
-14.185324	11.585938	-0.95130068
-14.255231	11.595703	-1.1024656
-13.876882	11.605469	-1.2542157
-14.483603	11.615234	-1.4050704
-12.142258	11.625	-1.5538728
-11.593465	11.634766	-1.7022069
-13.744215	11.644531	-1.8460666
-13.26265	11.654297	-1.9892589
-14.676666	11.664063	-2.1314261
-12.041023	11.673828	-2.2707589
-12.47928	11.683594	-2.408776
-11.263974	11.693359	-2.5429435
-11.717539	11.703125	-2.6769433
-11.444092	11.712891	-2.8069994
-10.32605	11.722656	-2.9332886
-11.594174	11.732422	-3.0575957
-10.876229	11.742188	-3.1811194
-12.021698	11.751953	-3.2990661
-10.924577	11.761719	-3.4171631
-9.2179518	11.771484	-3.5278628
-10.979816	11.78125	-3.6374516
-10.437414	11.791016	-3.744621
-9.6675587	11.800781	-3.848057
-9.6817265	11.810547	-3.9466279
-7.8656478	11.820313	-4.0425344
-10.107748	11.830078	-4.1336846
-9.897398	11.839844	-4.2214613
-9.8573046	11.849609	-4.304769
-10.033813	11.859375	-4.3843765
-9.7168255	11.869141	-4.4597392
-9.3724117	11.878906	-4.5297604
-9.0418739	11.888672	-4.5981693
-10.24541	11.898438	-4.6604567
-10.173465	11.908203	-4.7189574
-11.312868	11.917969	-4.7719083
-9.8212271	11.927734	-4.8226233
-10.305981	11.9375	-4.8683653
-9.2028875	11.947266	-4.9096413
-9.957572	11.957031	-4.9462919
-9.4434948	11.966797	-4.9785776
-9.7486076	11.976563	-5.0043793
-10.171975	11.986328	-5.0261517
-10.098004	11.996094	-5.0440683
-8.0880823	12.005859	-5.0559125
-10.273455	12.015625	-5.061398
-10.222429	12.025391	-5.0630722
-10.148319	12.035156	-5.0644302
-8.9154005	12.044922	-5.0661268
-6.3884306	12.054688	-5.0643787
-3.6358252	12.064453	-5.063446
-1.393049	12.074219	-5.0630064
-0.57371801	12.083984	-5.0618563
0.81866747	12.09375	-5.0616617
1.5033758	12.103516	-5.0613837
1.5749946	12.113281	-5.0611358
0.97701561	12.123047	-5.0603805
1.4206046	12.132813	-5.060204
1.7617946	12.142578	-5.0594225
1.6770092	12.152344	-5.0590067
2.9257731	12.162109	-5.0586624
2.1450338	12.171875	-5.0575395
1.6367412	12.181641	-5.0566106
2.5658867	12.191406	-5.055686
2.2533467	12.201172	-5.0566244
2.0883512	12.210938	-5.0557127
2.0639739	12.220703	-5.0559373
2.1578045	12.230469	-5.0556126
2.8187759	12.240234	-5.0541058
2.1795976	12.25	-5.0549159
2.5706248	12.259766	-5.0535579
2.5268178	12.269531	-5.0534348
2.2070832	12.279297	-5.0525122
3.2812474	12.289063	-5.0521903
2.3958273	12.298828	-5.0507388
2.7422445	12.308594	-5.0516167
3.1911418	12.318359	-5.0507379
2.9919202	12.328125	-5.0497112
3.4453697	12.337891	-5.0498705
2.7747707	12.347656	-5.0497899
2.7533271	12.357422	-5.047925
2.7469127	12.367188	-5.0481334
2.6079826	12.376953	-5.0475783
3.2380106	12.386719	-5.0476689
3.1677074	12.396484	-5.0471768
3.4717493	12.40625	-5.0460858
2.8293347	12.416016	-5.0459814
3.2345531	12.425781	-5.0460277
3.6880722	12.435547	-5.0450873
3.2502344	12.445313	-5.0446901
4.1679244	12.455078	-5.0440869
2.7177274	12.464844	-5.0434856
3.7733464	12.474609	-5.0432091
3.3753808	12.484375	-5.0424285
3.6642303	12.494141	-5.0427833
3.2681506	12.503906	-5.0407844
