MTS793|MPT|ENU|1|2|.|/|:|1|0|0|A

Data Acquisition						Time:	7.7324219	s	4/12/2018 2:57:41 PM
Axial Force	Running Time	Axial Displacement
N	s	mm
-22.799662	0.012695313	7.5918727
-21.125551	0.022460938	7.5923471
-26.374601	0.032226563	7.5911679
-49.641323	0.041992188	7.584384
-58.443203	0.051757813	7.5623884
-49.461403	0.061523438	7.5213513
-43.925549	0.071289063	7.4613948
-69.998375	0.081054688	7.3862805
-48.25983	0.090820313	7.2915626
-79.131615	0.10058594	7.1813869
-58.335499	0.11035156	7.055541
-61.777687	0.12011719	6.9196491
-68.575348	0.12988281	6.7744145
-78.821518	0.13964844	6.6207089
-69.937531	0.14941406	6.4621596
-76.770866	0.15917969	6.3027902
-77.412025	0.16894531	6.1429124
-67.954102	0.17871094	5.9838877
-70.569626	0.18847656	5.8314414
-59.55291	0.19824219	5.6857224
-50.809944	0.20800781	5.548502
-55.176579	0.21777344	5.4240427
-65.211845	0.22753906	5.3111906
-28.842512	0.23730469	5.2114573
-45.359753	0.24707031	5.1311669
-25.917393	0.25683594	5.0636716
-39.762444	0.26660156	5.0167689
-21.873554	0.27636719	4.9858227
-40.008457	0.28613281	4.9599071
-65.864693	0.29589844	4.8980074
-111.15464	0.30566406	4.7735124
-119.02681	0.31542969	4.5739198
-135.51411	0.32519531	4.3078613
-152.64044	0.33496094	3.9673603
-164.89819	0.34472656	3.554445
-175.95789	0.35449219	3.0868828
-173.16414	0.36425781	2.5701599
-180.07056	0.37402344	2.0189955
-206.12257	0.38378906	1.4356631
-185.40515	0.39355469	0.82997096
-185.40283	0.40332031	0.21466762
-179.57004	0.41308594	-0.40268999
-165.30804	0.42285156	-1.0116469
-169.13562	0.43261719	-1.6064301
-152.0136	0.44238281	-2.1765308
-133.33086	0.45214844	-2.7154131
-142.21107	0.46191406	-3.2103198
-110.65611	0.47167969	-3.6615822
-102.00298	0.48144531	-4.0539637
-79.899796	0.49121094	-4.3913832
-67.909378	0.50097656	-4.6652765
-56.78373	0.51074219	-4.8770599
-32.49197	0.52050781	-5.0212779
-12.847957	0.53027344	-5.0956712
-2.6514287	0.54003906	-5.1020174
69.785713	0.54980469	-5.0340981
87.261986	0.55957031	-4.8842778
110.35467	0.56933594	-4.651804
118.73701	0.57910156	-4.3457131
126.03728	0.58886719	-3.9680285
150.39899	0.59863281	-3.5341034
134.49995	0.60839844	-3.0475607
159.19644	0.61816406	-2.5204778
155.65012	0.62792969	-1.9570681
161.73654	0.63769531	-1.3655803
151.01373	0.64746094	-0.75515443
183.23845	0.65722656	-0.1384885
136.01718	0.66699219	0.48225933
149.79094	0.67675781	1.0903529
163.23633	0.68652344	1.6831964
140.27556	0.69628906	2.2480364
120.13372	0.70605469	2.7764263
111.20296	0.71582031	3.2617261
104.51841	0.72558594	3.6948526
84.248726	0.73535156	4.0717869
66.154251	0.74511719	4.3855381
37.684685	0.75488281	4.6302257
24.356543	0.76464844	4.8054833
13.426901	0.77441406	4.9146843
-8.4585514	0.78417969	4.9573841
-52.872578	0.79394531	4.9342794
-98.632355	0.80371094	4.8376307
-116.09002	0.81347656	4.6541948
-123.23483	0.82324219	4.398212
-136.82005	0.83300781	4.0740204
-147.09657	0.84277344	3.6745505
-156.52042	0.85253906	3.2163377
-175.4521	0.86230469	2.7106719
-172.72258	0.87207031	2.1624634
-185.95677	0.88183594	1.5864689
-176.12566	0.89160156	0.98506975
-175.00381	0.90136719	0.36892527
-182.24693	0.91113281	-0.24768589
-173.42575	0.92089844	-0.86134106
-162.95734	0.93066406	-1.4611713
-160.31129	0.94042969	-2.0379236
-142.13666	0.95019531	-2.5828471
-137.34599	0.95996094	-3.0891359
-120.78465	0.96972656	-3.5490746
-98.284317	0.97949219	-3.9541552
-91.667389	0.98925781	-4.3034182
-74.752831	0.99902344	-4.5875344
-56.82835	1.0087891	-4.8128471
-26.241179	1.0185547	-4.9706764
-20.674873	1.0283203	-5.0565896
-1.1648052	1.0380859	-5.0798244
61.513596	1.0478516	-5.0267525
85.317993	1.0576172	-4.8923326
112.182	1.0673828	-4.6754928
115.76421	1.0771484	-4.3836598
129.42937	1.0869141	-4.0203328
143.69495	1.0966797	-3.5974214
144.20433	1.1064453	-3.1201258
152.38846	1.1162109	-2.6013145
161.78702	1.1259766	-2.045203
161.43372	1.1357422	-1.457551
153.7153	1.1455078	-0.85196209
173.0966	1.1552734	-0.2363476
143.58026	1.1650391	0.38363868
146.01385	1.1748047	0.99513501
170.75169	1.1845703	1.5889364
140.86781	1.1943359	2.1597741
129.87163	1.2041016	2.6972473
114.64142	1.2138672	3.1912675
112.98112	1.2236328	3.6373355
92.423035	1.2333984	4.0252357
74.328087	1.2431641	4.3505869
40.697144	1.2529297	4.6108155
30.891685	1.2626953	4.7999129
18.118637	1.2724609	4.9221897
-3.3601654	1.2822266	4.9770408
-36.271999	1.2919922	4.9673333
-98.191376	1.3017578	4.8882866
-92.801903	1.3115234	4.719945
-129.37404	1.3212891	4.4800353
-134.75114	1.3310547	4.168736
-145.88297	1.3408203	3.7832468
-156.37082	1.3505859	3.3356247
-179.55098	1.3603516	2.8378658
-176.68794	1.3701172	2.2981589
-196.0806	1.3798828	1.7277062
-182.00354	1.3896484	1.1290861
-179.96689	1.3994141	0.51569325
-173.79048	1.4091797	-0.10176794
-170.77263	1.4189453	-0.71618754
-170.48296	1.4287109	-1.3214928
-166.73972	1.4384766	-1.9032612
-147.87248	1.4482422	-2.4571426
-139.90059	1.4580078	-2.9698482
-123.72803	1.4677734	-3.4417207
-104.86137	1.4775391	-3.8581467
-96.992485	1.4873047	-4.2177515
-70.079628	1.4970703	-4.5170922
-69.267426	1.5068359	-4.7532711
-24.314096	1.5166016	-4.9252114
-37.968086	1.5263672	-5.0246305
0.20246953	1.5361328	-5.0617723
55.000278	1.5458984	-5.0261683
82.0439	1.5556641	-4.9061327
111.47164	1.5654297	-4.7066369
110.69627	1.5751953	-4.4294457
129.14465	1.5849609	-4.0808558
139.61754	1.5947266	-3.6687877
146.79063	1.6044922	-3.2034194
144.6656	1.6142578	-2.6898563
169.0471	1.6240234	-2.142009
152.43857	1.6337891	-1.5604564
163.98421	1.6435547	-0.95768619
166.78438	1.6533203	-0.34075874
154.99449	1.6630859	0.2782411
152.15604	1.6728516	0.89119232
157.69843	1.6826172	1.4893056
155.48387	1.6923828	2.0651307
122.45828	1.7021484	2.6081309
126.0155	1.7119141	3.1112065
109.70396	1.7216797	3.5665567
95.582909	1.7314453	3.966912
82.839043	1.7412109	4.3055606
43.092209	1.7509766	4.5794244
37.119743	1.7607422	4.7829723
21.42996	1.7705078	4.9189
-2.4461188	1.7802734	4.9862452
-23.4109	1.7900391	4.9898024
-82.761795	1.7998047	4.9245296
-109.3024	1.8095703	4.7734332
-122.40958	1.8193359	4.5482945
-129.50107	1.8291016	4.2494488
-146.09866	1.8388672	3.8793035
-160.97408	1.8486328	3.4426858
-174.93817	1.8583984	2.9539156
-173.38525	1.8681641	2.4218099
-196.6458	1.8779297	1.8554696
-181.67398	1.8876953	1.2618803
-185.59053	1.8974609	0.65213472
-182.06705	1.9072266	0.032819994
-185.37175	1.9169922	-0.58298957
-170.74303	1.9267578	-1.1889794
-157.49899	1.9365234	-1.7758543
-156.00143	1.9462891	-2.3356109
-147.17508	1.9560547	-2.8586535
-128.91211	1.9658203	-3.3389544
-108.70486	1.9755859	-3.7698703
-103.53892	1.9853516	-4.1382947
-73.116776	1.9951172	-4.4490137
-68.840836	2.0048828	-4.6983509
-41.158611	2.0146484	-4.8849745
-41.799095	2.0244141	-4.9989347
-0.99285972	2.0341797	-5.0485783
43.722023	2.0439453	-5.0266919
80.620842	2.0537109	-4.9266315
111.44669	2.0634766	-4.7414193
103.41341	2.0732422	-4.4796886
130.42841	2.0830078	-4.14572
137.16379	2.0927734	-3.743835
144.04524	2.1025391	-3.2898138
142.93767	2.1123047	-2.7851729
175.00609	2.1220703	-2.2429647
144.94278	2.1318359	-1.666599
165.12401	2.1416016	-1.0677203
166.18781	2.1513672	-0.45012358
164.3822	2.1611328	0.16828179
140.24988	2.1708984	0.78468394
157.94905	2.1806641	1.384649
154.55585	2.1904297	1.96387
125.98827	2.2001953	2.5145202
119.88522	2.2099609	3.0260909
110.06666	2.2197266	3.4898319
98.167404	2.2294922	3.9016528
82.230141	2.2392578	4.252327
49.088978	2.2490234	4.5397825
39.139828	2.2587891	4.7567706
21.486513	2.2685547	4.9061022
-0.1326087	2.2783203	4.9872222
-3.4521682	2.2880859	5.0028095
-65.626884	2.2978516	4.9531932
-117.44282	2.3076172	4.8219938
-108.91479	2.3173828	4.6062188
-132.74002	2.3271484	4.3250952
-146.14375	2.3369141	3.9691489
-155.55861	2.3466797	3.5424685
-154.13068	2.3564453	3.0636864
-182.31223	2.3662109	2.5398345
-186.51424	2.3759766	1.979
-188.99707	2.3857422	1.3898154
-192.26805	2.3955078	0.7833007
-174.16849	2.4052734	0.16369903
-174.04872	2.4150391	-0.45217061
-167.49504	2.4248047	-1.0616181
-165.07909	2.4345703	-1.6526523
-153.70728	2.4443359	-2.2201943
-147.50276	2.4541016	-2.750042
-125.60602	2.4638672	-3.2403207
-120.70787	2.4736328	-3.6799419
-91.997826	2.4833984	-4.0626173
-89.625954	2.4931641	-4.3844848
-61.965034	2.5029297	-4.6459203
-49.263237	2.5126953	-4.8463836
-31.576618	2.5224609	-4.9750247
-13.361953	2.5322266	-5.0376563
28.988218	2.5419922	-5.0294838
83.170738	2.5517578	-4.9461446
99.760078	2.5615234	-4.7786212
106.15539	2.5712891	-4.5306611
128.02367	2.5810547	-4.2109499
127.75697	2.5908203	-3.8232601
147.51207	2.6005859	-3.3785048
143.95483	2.6103516	-2.8829088
159.72876	2.6201172	-2.3484457
149.90828	2.6298828	-1.7769716
168.80042	2.6396484	-1.1830817
164.76251	2.6494141	-0.56917357
167.2316	2.6591797	0.051227584
148.40245	2.6689453	0.66845983
147.25278	2.6787109	1.2713778
162.84689	2.6884766	1.8540993
131.79901	2.6982422	2.4119837
129.14291	2.7080078	2.9328504
112.89146	2.7177734	3.406858
102.76541	2.7275391	3.8297012
83.44574	2.7373047	4.1933231
56.638493	2.7470703	4.4922647
43.85302	2.7568359	4.7247133
21.790264	2.7666016	4.8882771
0.58620936	2.7763672	4.9831476
-1.2511736	2.7861328	5.0114169
-54.086922	2.7958984	4.9747596
-109.71938	2.8056641	4.8605003
-107.39548	2.8154297	4.6620421
-126.33276	2.8251953	4.3924837
-148.20801	2.8349609	4.050961
-150.37531	2.8447266	3.6372533
-157.30083	2.8544922	3.170927
-179.40341	2.8642578	2.6532462
-179.38441	2.8740234	2.0973899
-206.6216	2.8837891	1.5161494
-182.0564	2.8935547	0.90929985
-174.28496	2.9033203	0.29350278
-175.39218	2.9130859	-0.32420391
-179.15097	2.9228516	-0.93521875
-168.87106	2.9326172	-1.5311997
-148.83768	2.9423828	-2.1032422
-150.58444	2.9521484	-2.6423643
-137.28624	2.9619141	-3.140151
-119.28695	2.9716797	-3.5902407
-97.384453	2.9814453	-3.9858019
-91.927582	2.9912109	-4.3205752
-67.277168	3.0009766	-4.5950327
-54.630276	3.0107422	-4.8073506
-20.800415	3.0205078	-4.9510059
-24.08633	3.0302734	-5.0248675
5.0500035	3.0400391	-5.0333929
86.610306	3.0498047	-4.9658113
83.872772	3.0595703	-4.8128858
109.79589	3.0693359	-4.5821948
124.71097	3.0791016	-4.2770867
128.90976	3.0888672	-3.9000068
149.95944	3.0986328	-3.4666128
138.1384	3.1083984	-2.9811635
164.79134	3.1181641	-2.4533122
155.47916	3.1279297	-1.8896258
171.07465	3.1376953	-1.2984499
160.05682	3.1474609	-0.68694234
172.19478	3.1572266	-0.069235548
152.65184	3.1669922	0.55041713
141.61148	3.1767578	1.1561401
169.60475	3.1865234	1.7456049
136.99649	3.1962891	2.3073723
128.39595	3.2060547	2.8347812
111.17776	3.2158203	3.3202591
110.25765	3.2255859	3.7525296
85.611649	3.2353516	4.1288781
64.528946	3.2451172	4.4427719
46.578629	3.2548828	4.6877055
24.949957	3.2646484	4.863698
6.5680828	3.2744141	4.9719834
-0.33492687	3.2841797	5.0136786
-43.157055	3.2939453	4.9917302
-102.15599	3.3037109	4.8944011
-96.267151	3.3134766	4.7091136
-136.44044	3.3232422	4.4558911
-141.54536	3.3330078	4.1289577
-153.7468	3.3427734	3.7287652
-159.45627	3.3525391	3.2691698
-178.33762	3.3623047	2.7639122
-172.88553	3.3720703	2.2159662
-206.89536	3.3818359	1.6379355
-170.49559	3.3916016	1.033556
-187.25861	3.4013672	0.42290565
-172.72365	3.4111328	-0.19852901
-172.8553	3.4208984	-0.81133443
-164.01291	3.4306641	-1.4122714
-162.27435	3.4404297	-1.9883698
-145.84932	3.4501953	-2.5350771
-136.62355	3.4599609	-3.0421319
-119.92092	3.4697266	-3.5024023
-106.80746	3.4794922	-3.908443
-83.491638	3.4892578	-4.2571793
-79.608276	3.4990234	-4.542695
-59.347763	3.5087891	-4.7662635
-21.770411	3.5185547	-4.9253745
-34.9398	3.5283203	-5.0119505
0.45773339	3.5380859	-5.0337901
80.361511	3.5478516	-4.9833765
68.167885	3.5576172	-4.8474641
114.42232	3.5673828	-4.6324744
114.45065	3.5771484	-4.3398967
128.48711	3.5869141	-3.9786117
145.49387	3.5966797	-3.5553517
138.76247	3.6064453	-3.0793846
155.91623	3.6162109	-2.5594389
155.90536	3.6259766	-2.0024812
162.7222	3.6357422	-1.4171585
157.93872	3.6455078	-0.80986649
175.9478	3.6552734	-0.19495739
146.21794	3.6650391	0.42561713
146.10315	3.6748047	1.0359268
167.63959	3.6845703	1.6292404
141.09755	3.6943359	2.1991534
131.40092	3.7041016	2.7350321
111.94186	3.7138672	3.229074
116.27235	3.7236328	3.6737463
86.821548	3.7333984	4.0622005
70.455429	3.7431641	4.3881073
47.920986	3.7529297	4.6469555
29.141125	3.7626953	4.8368244
14.059618	3.7724609	4.9582663
0.59568554	3.7822266	5.0124717
-19.731197	3.7919922	5.0035968
-88.832138	3.8017578	4.9220862
-104.78581	3.8115234	4.7551551
-129.69052	3.8212891	4.5141916
-138.00046	3.8310547	4.2035894
-153.54335	3.8408203	3.8149509
-159.96468	3.8505859	3.3679273
-176.9863	3.8603516	2.8687696
-181.78088	3.8701172	2.329917
-195.15332	3.8798828	1.7570992
-173.94795	3.8896484	1.1583297
-194.96272	3.8994141	0.54593283
-171.49712	3.9091797	-0.073371455
-168.06335	3.9189453	-0.68786877
-173.63728	3.9287109	-1.2894704
-160.63977	3.9384766	-1.8731321
-143.99608	3.9482422	-2.4259801
-137.32727	3.9580078	-2.941937
-134.64421	3.9677734	-3.4132428
-102.35416	3.9775391	-3.8304133
-95.115776	3.9873047	-4.190093
-79.918449	3.9970703	-4.4887242
-62.381744	4.0068359	-4.7249265
-38.380432	4.0166016	-4.8991671
-35.058708	4.0263672	-4.9976678
-3.1972187	4.0361328	-5.0345912
68.488594	4.0458984	-4.998692
66.995094	4.0556641	-4.8775673
115.57354	4.0654297	-4.6798854
109.52311	4.0751953	-4.4031529
129.61519	4.0849609	-4.0549741
140.65349	4.0947266	-3.6431108
142.44536	4.1044922	-3.1770144
143.2608	4.1142578	-2.6642988
165.89703	4.1240234	-2.115653
158.50554	4.1337891	-1.5336561
159.99828	4.1435547	-0.93104011
174.09636	4.1533203	-0.31520751
148.21324	4.1630859	0.30479616
153.26213	4.1728516	0.91723812
160.02991	4.1826172	1.514905
151.25087	4.1923828	2.0894041
128.99942	4.2021484	2.6328788
115.75224	4.2119141	3.1357453
117.97647	4.2216797	3.5896063
89.067192	4.2314453	3.9913037
78.478348	4.2412109	4.3287168
48.416656	4.2509766	4.600822
36.122185	4.2607422	4.8064966
19.563124	4.2705078	4.9406943
0.70522076	4.2802734	5.0086751
-2.4170148	4.2900391	5.0112925
-81.059334	4.2998047	4.9463873
-115.03027	4.3095703	4.7972503
-114.92491	4.3193359	4.569808
-138.22882	4.3291016	4.272861
-141.49475	4.3388672	3.9004326
-164.26851	4.3486328	3.4625843
-176.47575	4.3583984	2.9744315
-173.59297	4.3681641	2.4423313
-187.58311	4.3779297	1.8750074
-179.2254	4.3876953	1.2795833
-187.43436	4.3974609	0.66872293
-178.75186	4.4072266	0.051227864
-178.06981	4.4169922	-0.56398076
-175.31232	4.4267578	-1.1702181
-158.71495	4.4365234	-1.7585157
-157.3177	4.4462891	-2.3167639
-138.8591	4.4560547	-2.8419511
-137.24329	4.4658203	-3.3219984
-105.00861	4.4755859	-3.7506483
-99.578651	4.4853516	-4.1234331
-80.53804	4.4951172	-4.4328542
-67.240944	4.5048828	-4.6800966
-38.678665	4.5146484	-4.8671246
-33.996429	4.5244141	-4.9815326
-4.5603142	4.5341797	-5.0307159
46.393188	4.5439453	-5.0090775
75.099289	4.5537109	-4.9083033
110.09271	4.5634766	-4.7246957
105.04049	4.5732422	-4.462234
128.63899	4.5830078	-4.1283331
138.4631	4.5927734	-3.7285788
147.43912	4.6025391	-3.2733448
140.33009	4.6123047	-2.7688487
178.18094	4.6220703	-2.2278819
148.88127	4.6318359	-1.6501667
165.25833	4.6416016	-1.0513731
162.89864	4.6513672	-0.43618333
158.69864	4.6611328	0.18334109
150.56575	4.6708984	0.79838812
150.16316	4.6806641	1.3988364
160.8632	4.6904297	1.978002
131.28827	4.7001953	2.5270808
124.60241	4.7099609	3.0396173
110.63959	4.7197266	3.5058539
99.431244	4.7294922	3.9171269
81.176178	4.7392578	4.2675357
48.526405	4.7490234	4.5525999
39.596889	4.7587891	4.7711449
23.966347	4.7685547	4.9199624
0.97135782	4.7783203	5.0012507
-0.69034284	4.7880859	5.0170708
-70.342247	4.7978516	4.9673381
-111.53777	4.8076172	4.8350587
-111.40482	4.8173828	4.6191998
-140.00285	4.8271484	4.3377514
-143.08778	4.8369141	3.9812248
-160.55379	4.8466797	3.5548003
-166.42177	4.8564453	3.0765798
-181.09087	4.8662109	2.5538275
-180.26118	4.8759766	1.9909858
-183.20387	4.8857422	1.4004481
-191.33821	4.8955078	0.79238605
-182.23798	4.9052734	0.17780037
-173.63362	4.9150391	-0.44154552
-177.11545	4.9248047	-1.0511742
-167.24319	4.9345703	-1.6432893
-159.22572	4.9443359	-2.2086701
-143.29514	4.9541016	-2.740525
-132.87097	4.9638672	-3.2290943
-119.58602	4.9736328	-3.6690919
-97.397118	4.9833984	-4.0533204
-89.629616	4.9931641	-4.3744345
-58.714008	5.0029297	-4.6360464
-51.885132	5.0126953	-4.8363156
-24.394703	5.0224609	-4.9627991
-15.34184	5.0322266	-5.02526
25.730679	5.0419922	-5.019196
87.214203	5.0517578	-4.9341202
98.549881	5.0615234	-4.7660432
107.52048	5.0712891	-4.5217128
129.25331	5.0810547	-4.1994748
135.01874	5.0908203	-3.8117278
148.80997	5.1005859	-3.3673129
143.6115	5.1103516	-2.8730567
171.80032	5.1201172	-2.3377147
157.67435	5.1298828	-1.7672918
169.51729	5.1396484	-1.1727974
156.04698	5.1494141	-0.56018579
174.38498	5.1591797	0.058408827
149.68158	5.1689453	0.67428577
149.95714	5.1787109	1.2796994
169.17502	5.1884766	1.863906
132.92506	5.1982422	2.4213333
137.91183	5.2080078	2.9419971
113.27225	5.2177734	3.4164062
108.01276	5.2275391	3.8395395
88.878883	5.2373047	4.2024875
56.518314	5.2470703	4.5017567
47.483204	5.2568359	4.7347541
25.214964	5.2666016	4.8961473
1.9642525	5.2763672	4.9913387
0.74002892	5.2861328	5.0195932
-57.625584	5.2958984	4.9834914
-106.77128	5.3056641	4.8689823
-107.49457	5.3154297	4.66962
-137.23149	5.3251953	4.4015112
-148.65381	5.3349609	4.0586524
-154.51338	5.3447266	3.6459587
-167.76997	5.3544922	3.1774259
-181.47563	5.3642578	2.6609969
-180.61601	5.3740234	2.1059964
-200.79665	5.3837891	1.5224264
-195.68361	5.3935547	0.91736251
-175.69638	5.4033203	0.30139974
-176.96489	5.4130859	-0.31958231
-187.16196	5.4228516	-0.92948908
-173.4753	5.4326172	-1.5258751
-162.58321	5.4423828	-2.0976875
-145.24794	5.4521484	-2.6357386
-138.29359	5.4619141	-3.1333241
-127.32303	5.4716797	-3.584795
-96.902374	5.4814453	-3.9789472
-94.242638	5.4912109	-4.3136396
-70.79792	5.5009766	-4.5881095
-53.474285	5.5107422	-4.8005781
-22.910593	5.5205078	-4.9437141
-27.985277	5.5302734	-5.0171719
7.3265748	5.5400391	-5.0266681
86.564003	5.5498047	-4.9581118
89.141762	5.5595703	-4.8066058
105.12945	5.5693359	-4.5759249
130.12737	5.5791016	-4.2696462
127.0136	5.5888672	-3.8943844
146.83525	5.5986328	-3.4597228
148.39594	5.6083984	-2.9733062
161.25652	5.6181641	-2.446135
161.35756	5.6279297	-1.8834341
167.40273	5.6376953	-1.2920047
156.96875	5.6474609	-0.68204224
176.64047	5.6572266	-0.064209938
144.64651	5.6669922	0.55380696
149.61223	5.6767578	1.1601981
170.83189	5.6865234	1.7511799
136.6678	5.6962891	2.3140841
138.86403	5.7060547	2.8408523
111.6283	5.7158203	3.3252656
108.51571	5.7255859	3.7598381
91.724792	5.7353516	4.135498
67.852058	5.7451172	4.4488387
42.722904	5.7548828	4.6932836
26.706968	5.7646484	4.8700628
7.1916728	5.7744141	4.9792891
1.7566258	5.7841797	5.018836
-42.916031	5.7939453	4.9976735
-99.324265	5.8037109	4.8992925
-99.391594	5.8134766	4.7150068
-136.49959	5.8232422	4.4601183
-146.51755	5.8330078	4.13345
-147.48199	5.8427734	3.7325895
-171.57704	5.8525391	3.2752419
-166.95984	5.8623047	2.7659352
-185.76781	5.8720703	2.2200909
-208.36264	5.8818359	1.6392999
-180.37994	5.8916016	1.0373747
-182.27409	5.9013672	0.42423689
-177.51106	5.9111328	-0.19416669
-180.36008	5.9208984	-0.8057735
-167.75266	5.9306641	-1.4070296
-157.79652	5.9404297	-1.9850432
-140.34909	5.9501953	-2.5314043
-140.50169	5.9599609	-3.0371299
-121.49556	5.9697266	-3.4989781
-98.367493	5.9794922	-3.9058044
-99.466782	5.9892578	-4.2527213
-74.01355	5.9990234	-4.5381141
-59.800865	6.0087891	-4.7622337
-25.821548	6.0185547	-4.9197264
-32.283054	6.0283203	-5.0082793
-0.24982728	6.0380859	-5.0297155
77.937431	6.0478516	-4.9776835
76.054436	6.0576172	-4.8423333
100.40655	6.0673828	-4.6280403
118.76824	6.0771484	-4.3369226
125.37428	6.0869141	-3.9739285
144.57809	6.0966797	-3.550849
142.24315	6.1064453	-3.0756242
149.61917	6.1162109	-2.5556884
166.1246	6.1259766	-1.9990301
164.41957	6.1357422	-1.4112716
157.13901	6.1455078	-0.80595732
168.28838	6.1552734	-0.18882221
145.34055	6.1650391	0.42980295
150.20496	6.1748047	1.0398824
162.10406	6.1845703	1.6343549
145.58809	6.1943359	2.2035041
130.09949	6.2041016	2.7402053
116.99844	6.2138672	3.2344899
109.19975	6.2236328	3.6781631
88.235878	6.2333984	4.0657182
73.314606	6.2431641	4.3915172
44.819668	6.2529297	4.6506181
30.642824	6.2626953	4.8418655
14.237029	6.2724609	4.9619684
2.7582982	6.2822266	5.0165253
-15.709142	6.2919922	5.0061626
-87.429268	6.3017578	4.9261684
-111.30714	6.3115234	4.7590952
-126.46875	6.3212891	4.5168514
-139.85843	6.3310547	4.2056789
-147.45918	6.3408203	3.8192718
-158.11768	6.3505859	3.3692427
-169.36354	6.3603516	2.8721535
-179.56415	6.3701172	2.3313444
-199.9099	6.3798828	1.7592504
-175.02135	6.3896484	1.1605637
-183.10178	6.3994141	0.54854369
-176.62871	6.4091797	-0.071980059
-179.43381	6.4189453	-0.68553865
-168.6826	6.4287109	-1.2893758
-163.32379	6.4384766	-1.8714588
-148.06656	6.4482422	-2.4255455
-137.91969	6.4580078	-2.9400277
-130.589	6.4677734	-3.4108486
-109.13404	6.4775391	-3.8281252
-96.41404	6.4873047	-4.1877685
-76.750969	6.4970703	-4.48702
-67.845192	6.5068359	-4.7219877
-33.952286	6.5166016	-4.8946805
-36.10173	6.5263672	-4.9940124
-4.1348162	6.5361328	-5.0302348
61.781151	6.5458984	-4.9934444
73.26709	6.5556641	-4.8763118
108.01527	6.5654297	-4.6769776
113.79259	6.5751953	-4.4004655
130.4771	6.5849609	-4.0516896
136.28618	6.5947266	-3.6402395
149.52733	6.6044922	-3.1742759
139.3904	6.6142578	-2.6607504
172.07161	6.6240234	-2.1130629
154.92493	6.6337891	-1.5288461
162.80431	6.6435547	-0.92843723
167.78087	6.6533203	-0.31240574
151.9485	6.6630859	0.30689406
151.1082	6.6728516	0.92020833
160.40891	6.6826172	1.5173198
154.45512	6.6923828	2.09237
131.5963	6.7021484	2.6360886
123.78049	6.7119141	3.1393931
106.84978	6.7216797	3.5936153
98.39212	6.7314453	3.9936891
81.048714	6.7412109	4.3308334
46.427094	6.7509766	4.6044517
40.878685	6.7607422	4.80762
20.592094	6.7705078	4.9437828
1.1548749	6.7802734	5.0110254
-1.0126853	6.7900391	5.0152574
-82.254448	6.7998047	4.9481597
-115.73914	6.8095703	4.7987113
-115.55147	6.8193359	4.5698285
-137.94609	6.8291016	4.2745576
-141.64677	6.8388672	3.9008873
-160.22235	6.8486328	3.4654992
-182.69731	6.8583984	2.9754088
-169.33392	6.8681641	2.4429972
-185.39182	6.8779297	1.8753835
-181.07404	6.8876953	1.2810316
-194.49445	6.8974609	0.67007655
-179.8784	6.9072266	0.051765144
-169.83556	6.9169922	-0.56465614
-174.69249	6.9267578	-1.1703168
-172.86333	6.9365234	-1.7583663
-153.54465	6.9462891	-2.3181579
-139.01141	6.9560547	-2.8406336
-137.51004	6.9658203	-3.3211563
-109.39297	6.9755859	-3.750262
-92.525421	6.9853516	-4.1222563
-84.612907	6.9951172	-4.4312682
-60.571091	7.0048828	-4.6791205
-43.696735	7.0146484	-4.8662148
-35.181736	7.0244141	-4.9799628
-6.2865672	7.0341797	-5.0289793
47.047977	7.0439453	-5.0076742
71.573189	7.0537109	-4.9067936
112.58464	7.0634766	-4.7229767
104.38664	7.0732422	-4.4610066
134.40057	7.0830078	-4.1264744
135.78572	7.0927734	-3.7262986
146.75258	7.1025391	-3.2705426
139.34872	7.1123047	-2.7670655
171.44397	7.1220703	-2.2254348
148.33856	7.1318359	-1.6481544
160.92892	7.1416016	-1.0500944
163.99429	7.1513672	-0.43548894
158.50916	7.1611328	0.18460648
144.25311	7.1708984	0.79954118
161.86748	7.1806641	1.3998058
155.43777	7.1904297	1.9803026
-112.54823	7.2001953	2.3939457
55.455036	7.2099609	2.5251389
-4.1773424	7.2197266	2.5733135
-1.2341537	7.2294922	2.5921183
0.59156448	7.2392578	2.602716
1.8138206	7.2490234	2.6061978
-2.7959118	7.2587891	2.6073434
-7.5221758	7.2685547	2.6065185
-10.326913	7.2783203	2.6064827
-9.8041496	7.2880859	2.6057649
-10.877232	7.2978516	2.6042478
-10.894483	7.3076172	2.6040521
-8.553546	7.3173828	2.605576
-9.1322927	7.3271484	2.6065905
-6.7433224	7.3369141	2.605881
-7.9298282	7.3466797	2.6058714
-9.7996788	7.3564453	2.6057904
-11.147442	7.3662109	2.6039586
-12.357067	7.3759766	2.6034088
-12.590049	7.3857422	2.6034207
-12.895512	7.3955078	2.602488
-12.371165	7.4052734	2.6024032
-13.659393	7.4150391	2.6029782
-13.589312	7.4248047	2.6026559
-14.54316	7.4345703	2.6027946
-15.029043	7.4443359	2.6013818
-14.093181	7.4541016	2.6007228
-14.793697	7.4638672	2.6010237
-14.50344	7.4736328	2.6016436
-13.548939	7.4833984	2.6004074
-14.365651	7.4931641	2.599854
-15.769294	7.5029297	2.6000085
-14.936541	7.5126953	2.5989413
-14.373252	7.5224609	2.599221
-14.595291	7.5322266	2.5983293
-15.275506	7.5419922	2.5989799
-15.091896	7.5517578	2.5984979
-16.329241	7.5615234	2.5976901
-15.219138	7.5712891	2.5983799
-16.97963	7.5810547	2.5973582
-16.390102	7.5908203	2.5972607
-17.401413	7.6005859	2.5968695
-16.320274	7.6103516	2.5963683
-16.649172	7.6201172	2.5968208
-17.231215	7.6298828	2.5965853
-16.324827	7.6396484	2.596514
-17.214497	7.6494141	2.5963485
-17.285698	7.6591797	2.595962
-18.749619	7.6689453	2.5950525
-18.583506	7.6787109	2.5957284
-17.452053	7.6884766	2.5946689
-18.311979	7.6982422	2.5947206
